   0.00000    0.00000    0.00000    0.50000    0.50000    0.00000    0.67988
   0.00000    0.25000    0.25000    0.00000    0.25000    0.25000    0.58236
   0.00000    0.00000    0.50000    0.00000    0.00000    0.50000    0.45576
   0.00000    0.00000    0.33300    0.33300    0.00000    0.33300    0.56665
   0.00000    0.50000    0.00000    0.00000    0.00000    0.50000    0.53629
   0.25000    0.25000    0.25000    0.25000    0.00000    0.00000    0.71361
   0.33300    0.00000    0.33300    0.00000    0.33300    0.00000    0.61316
   0.33300    0.00000    0.33300    0.33300    0.00000    0.00000    0.75344
   0.00000    0.00000    0.33300    0.00000    0.33300    0.33300    0.46118
   0.33300    0.33300    0.00000    0.33300    0.00000    0.00000    0.51268
   0.33300    0.00000    0.00000    0.00000    0.33300    0.33300    0.29512
   0.20000    0.20000    0.20000    0.20000    0.00000    0.20000    0.68540
   0.00000    0.50000    0.00000    0.00000    0.50000    0.00000    0.58532
   0.16700    0.16700    0.16700    0.16700    0.16700    0.16700    0.69269
   0.33300    0.00000    0.33300    0.00000    0.00000    0.33300    0.52502
   0.25000    0.25000    0.25000    0.00000    0.25000    0.00000    0.68087
   0.20000    0.00000    0.20000    0.20000    0.20000    0.20000    0.63579
   0.33300    0.33300    0.33300    0.00000    0.00000    0.00000    0.67848
   0.25000    0.00000    0.25000    0.00000    0.25000    0.25000    0.53383
   0.33300    0.33300    0.00000    0.00000    0.33300    0.00000    0.47128
   0.50000    0.00000    0.00000    0.50000    0.00000    0.00000    0.52698
   0.00000    0.33300    0.00000    0.33300    0.00000    0.33300    0.66758
   0.00000    0.33300    0.00000    0.00000    0.33300    0.33300    0.47397
   0.00000    0.33300    0.33300    0.00000    0.00000    0.33300    0.56986
   0.50000    0.00000    0.50000    0.00000    0.00000    0.00000    0.60504
   0.00000    0.33300    0.00000    0.33300    0.33300    0.00000    0.65173
   0.00000    0.25000    0.25000    0.25000    0.00000    0.25000    0.67939
   0.00000    0.00000    1.00000    0.00000    0.00000    0.00000    0.54971
   0.50000    0.00000    0.00000    0.00000    0.00000    0.50000    0.31225
   0.00000    0.00000    0.33300    0.33300    0.33300    0.00000    0.74693
