   0.00000   13.00000    9.00000 2012.00000   25.00000   86.00000   21.00000    4.60000   40.90000    1.30000    7.50000    0.10000    1.80000    0.00000
   6.40000    2.00000    7.00000 2012.00000   33.00000   48.00000   16.00000    0.00000   87.60000    7.90000   17.80000    6.80000    7.80000    1.00000
  20.90000   24.00000    8.00000 2012.00000   34.00000   64.00000   14.00000    0.00000   88.90000   40.50000  171.30000    9.00000   50.90000    1.00000
   4.70000   13.00000    7.00000 2012.00000   39.00000   45.00000   13.00000    0.60000   85.20000   11.30000   10.40000    4.20000   10.90000    1.00000
   0.50000   10.00000    7.00000 2012.00000   33.00000   69.00000   13.00000    0.70000   66.60000    6.00000    9.30000    1.10000    5.80000    0.00000
   2.70000    8.00000    9.00000 2012.00000   30.00000   88.00000   14.00000    0.00000   82.50000    6.60000   26.10000    3.00000    8.10000    1.00000
  10.60000   26.00000    6.00000 2012.00000   31.00000   64.00000   18.00000    0.00000   86.80000   17.80000   71.80000    6.70000   21.60000    1.00000
   3.00000   25.00000    9.00000 2012.00000   28.00000   70.00000   15.00000    0.00000   79.90000   13.80000   36.10000    2.40000   14.10000    0.00000
   0.20000   13.00000    6.00000 2012.00000   27.00000   84.00000   21.00000    1.20000   50.00000    6.70000   17.00000    0.50000    6.70000    0.00000
   0.10000   14.00000    9.00000 2012.00000   22.00000   76.00000   26.00000    8.30000   47.40000    1.10000    7.00000    0.40000    1.60000    0.00000
  10.60000   14.00000    8.00000 2012.00000   33.00000   66.00000   14.00000    0.00000   87.00000   21.70000   94.70000    5.70000   27.20000    1.00000
   0.30000   11.00000    9.00000 2012.00000   30.00000   77.00000   21.00000    1.80000   58.50000    1.90000    8.40000    1.10000    2.40000    0.00000
   5.20000    7.00000    7.00000 2012.00000   38.00000   43.00000   13.00000    0.50000   85.00000   13.00000   35.40000    4.10000   13.70000    1.00000
  15.40000   18.00000    9.00000 2012.00000   36.00000   33.00000   13.00000    0.10000   90.60000   25.80000   77.80000    9.00000   28.20000    1.00000
   0.80000    2.00000    9.00000 2012.00000   28.00000   67.00000   19.00000    0.00000   75.40000    2.90000   16.30000    2.00000    4.00000    0.00000
   3.90000   12.00000    9.00000 2012.00000   31.00000   72.00000   14.00000    0.00000   84.20000    8.30000   25.20000    3.80000    9.10000    1.00000
   2.10000   23.00000    7.00000 2012.00000   27.00000   66.00000   22.00000    0.40000   68.20000   10.50000   71.30000    1.80000   15.40000    0.00000
   3.80000   23.00000    6.00000 2012.00000   32.00000   62.00000   18.00000    0.10000   81.40000    8.20000   47.70000    3.30000   11.50000    1.00000
   0.40000   18.00000    6.00000 2012.00000   33.00000   62.00000   10.00000    8.70000   65.50000    4.60000    8.30000    0.90000    4.40000    0.00000
   2.20000   30.00000    6.00000 2012.00000   34.00000   42.00000   15.00000    1.70000   79.70000   12.00000    8.50000    2.20000   11.50000    0.00000
  15.20000   23.00000    9.00000 2012.00000   35.00000   56.00000   14.00000    0.00000   89.00000   29.40000  115.60000    7.50000   36.00000    1.00000
   1.20000   22.00000    6.00000 2012.00000   33.00000   46.00000   14.00000    1.10000   78.30000    8.10000    8.30000    1.90000    7.70000    0.00000
   2.50000    3.00000    9.00000 2012.00000   28.00000   75.00000   16.00000    0.00000   82.20000    4.40000   24.30000    3.30000    6.00000    1.00000
   0.10000   25.00000    9.00000 2012.00000   26.00000   81.00000   21.00000    5.80000   48.60000    3.00000    7.70000    0.40000    3.00000    0.00000
  10.20000   13.00000    8.00000 2012.00000   35.00000   63.00000   15.00000    0.00000   87.00000   19.00000   85.10000    5.90000   24.40000    1.00000
   0.80000    2.00000    8.00000 2012.00000   35.00000   55.00000   12.00000    0.40000   78.00000    5.80000   10.00000    1.70000    5.50000    0.00000
   7.70000   17.00000    7.00000 2012.00000   32.00000   81.00000   17.00000    0.00000   84.60000   21.10000   42.30000    4.70000   20.90000    1.00000
  15.70000   31.00000    7.00000 2012.00000   35.00000   64.00000   17.00000    0.00000   87.20000   31.90000  145.70000    6.80000   41.20000    1.00000
  13.70000   26.00000    8.00000 2012.00000   31.00000   78.00000   18.00000    0.00000   85.80000   45.60000  190.60000    4.70000   57.10000    1.00000
  18.80000   12.00000    8.00000 2012.00000   39.00000   21.00000   17.00000    0.40000   93.00000   18.40000   41.50000   15.50000   18.40000    1.00000
   4.10000   27.00000    9.00000 2012.00000   31.00000   66.00000   11.00000    0.00000   85.70000    8.30000   24.90000    4.00000    9.00000    1.00000
  15.00000    5.00000    7.00000 2012.00000   34.00000   45.00000   18.00000    0.00000   90.50000   18.70000   46.40000   11.30000   18.70000    1.00000
  19.50000    3.00000    8.00000 2012.00000   39.00000   33.00000   17.00000    0.00000   93.70000   17.10000   32.10000   17.20000   16.90000    1.00000
   3.80000   20.00000    9.00000 2012.00000   34.00000   58.00000   13.00000    0.20000   79.50000   18.70000   88.00000    2.10000   24.40000    0.00000
   1.30000   10.00000    7.00000 2012.00000   34.00000   51.00000   16.00000    3.80000   77.50000    8.00000    9.50000    2.00000    7.70000    0.00000
   0.40000   19.00000    6.00000 2012.00000   32.00000   67.00000   14.00000    4.50000   64.60000    4.40000    8.20000    1.00000    4.20000    0.00000
   0.70000   25.00000    7.00000 2012.00000   39.00000   64.00000    9.00000    1.20000   73.80000   11.70000   15.90000    1.10000   11.40000    0.00000
  12.00000   27.00000    6.00000 2012.00000   36.00000   55.00000   15.00000    0.00000   89.10000   20.90000   43.30000    8.00000   20.80000    1.00000
  10.00000   10.00000    6.00000 2012.00000   30.00000   41.00000   15.00000    0.00000   89.40000   13.30000   22.50000    8.40000   13.10000    1.00000
  25.40000   22.00000    7.00000 2012.00000   32.00000   48.00000   18.00000    0.00000   91.50000   44.20000   90.10000   13.20000   44.00000    1.00000
   0.90000   13.00000    6.00000 2012.00000   30.00000   52.00000   15.00000    2.00000   72.30000   11.40000    7.80000    1.40000   10.90000    0.00000
   6.30000    6.00000    7.00000 2012.00000   35.00000   42.00000   15.00000    0.30000   84.70000   15.50000   45.10000    4.30000   16.70000    1.00000
  14.80000   16.00000    8.00000 2012.00000   40.00000   41.00000   10.00000    0.10000   92.00000   22.60000   65.10000    9.50000   24.20000    1.00000
   2.80000   22.00000    9.00000 2012.00000   31.00000   50.00000   19.00000    0.60000   77.80000   10.60000   41.40000    2.40000   12.90000    0.00000
   0.90000   12.00000    7.00000 2012.00000   31.00000   75.00000   13.00000    0.10000   75.10000    7.90000   27.70000    1.50000    9.20000    0.00000
   1.00000   26.00000    7.00000 2012.00000   35.00000   58.00000   10.00000    0.20000   78.30000   10.80000   19.70000    1.60000   10.70000    0.00000
   0.10000    3.00000    6.00000 2012.00000   26.00000   82.00000   22.00000   13.10000   47.10000    2.50000    7.10000    0.30000    2.70000    0.00000
   5.90000   29.00000    8.00000 2012.00000   35.00000   53.00000   17.00000    0.50000   80.20000   20.70000  149.20000    2.70000   30.60000    1.00000
   0.40000    1.00000    7.00000 2012.00000   29.00000   68.00000   19.00000    1.00000   59.90000    2.50000    8.60000    1.10000    2.90000    0.00000
   8.00000    8.00000    7.00000 2012.00000   33.00000   68.00000   19.00000    0.00000   85.60000   12.50000   49.80000    6.00000   15.40000    1.00000
   1.70000    5.00000    9.00000 2012.00000   29.00000   75.00000   16.00000    0.00000   80.80000    3.40000   24.00000    2.80000    5.10000    1.00000
   3.60000   17.00000    7.00000 2012.00000   29.00000   70.00000   14.00000    0.00000   82.80000    9.40000   34.10000    3.20000   11.10000    1.00000
   0.20000    9.00000    9.00000 2012.00000   30.00000   77.00000   15.00000    1.00000   56.10000    2.10000    8.40000    0.70000    2.60000    0.00000
   3.20000    7.00000    9.00000 2012.00000   31.00000   62.00000   15.00000    0.00000   83.30000    5.80000   17.70000    3.80000    6.40000    1.00000
   9.60000   12.00000    7.00000 2012.00000   36.00000   44.00000   13.00000    0.00000   90.10000   12.60000   19.40000    8.30000   12.50000    1.00000
   0.30000   14.00000    6.00000 2012.00000   27.00000   79.00000   16.00000    0.70000   53.40000    6.40000    7.30000    0.50000    6.10000    0.00000
   9.10000   18.00000    7.00000 2012.00000   33.00000   68.00000   15.00000    0.00000   86.10000   23.90000   51.60000    5.20000   23.90000    1.00000
   0.00000    4.00000    6.00000 2012.00000   25.00000   89.00000   13.00000    2.50000   28.60000    1.30000    6.90000    0.00000    1.70000    0.00000
  24.50000   23.00000    8.00000 2012.00000   36.00000   43.00000   16.00000    0.00000   91.20000   46.10000  137.70000   11.50000   50.20000    1.00000
   0.40000   20.00000    6.00000 2012.00000   30.00000   80.00000   16.00000    0.40000   59.80000    3.40000   27.10000    0.90000    5.10000    0.00000
  15.30000   26.00000    7.00000 2012.00000   36.00000   53.00000   19.00000    0.00000   89.20000   17.10000   98.60000   10.00000   23.90000    1.00000
  17.20000   19.00000    8.00000 2012.00000   35.00000   62.00000   19.00000    0.00000   89.40000   23.20000  120.90000    9.70000   31.30000    1.00000
  14.10000   15.00000    7.00000 2012.00000   34.00000   45.00000   17.00000    0.00000   90.50000   18.00000   24.10000   10.90000   17.70000    1.00000
   6.80000    6.00000    8.00000 2012.00000   32.00000   75.00000   14.00000    0.00000   86.40000   13.00000   39.10000    5.20000   14.20000    1.00000
   0.60000    7.00000    9.00000 2012.00000   31.00000   71.00000   17.00000    0.30000   69.60000    3.20000   30.10000    1.50000    5.10000    0.00000
  10.30000   13.00000    9.00000 2012.00000   29.00000   49.00000   19.00000    0.00000   88.60000   11.50000   33.40000    9.10000   12.40000    1.00000
   0.50000    1.00000    7.00000 2012.00000   28.00000   58.00000   18.00000    2.20000   63.70000    3.20000    8.50000    1.20000    3.30000    0.00000
   3.10000    6.00000    6.00000 2012.00000   35.00000   54.00000   11.00000    0.10000   83.70000    8.40000   26.30000    3.10000    9.30000    1.00000
   7.10000    8.00000    6.00000 2012.00000   30.00000   73.00000   15.00000    0.00000   86.60000   12.10000   38.30000    5.60000   13.50000    1.00000
   0.30000   31.00000    8.00000 2012.00000   28.00000   80.00000   21.00000   16.80000   52.50000    8.70000    8.70000    0.60000    8.30000    0.00000
   9.00000   28.00000    7.00000 2012.00000   33.00000   57.00000   16.00000    0.00000   87.50000   15.70000   37.60000    6.70000   15.70000    1.00000
   6.00000    7.00000    6.00000 2012.00000   35.00000   44.00000   17.00000    0.20000   85.60000    9.90000   28.90000    5.40000   10.70000    1.00000
  16.00000   30.00000    8.00000 2012.00000   34.00000   49.00000   15.00000    0.00000   89.20000   24.80000  159.10000    8.10000   35.70000    1.00000
  16.70000   11.00000    6.00000 2012.00000   31.00000   42.00000   21.00000    0.00000   90.60000   18.20000   30.50000   13.40000   18.00000    1.00000
   5.50000   15.00000    8.00000 2012.00000   35.00000   46.00000   13.00000    0.30000   83.90000   16.90000   54.20000    3.50000   19.00000    1.00000
   0.30000   20.00000    6.00000 2012.00000   31.00000   72.00000   14.00000    0.20000   60.20000    3.80000    8.00000    0.80000    3.70000    0.00000
  10.90000   19.00000    7.00000 2012.00000   35.00000   59.00000   17.00000    0.00000   88.10000   12.00000   52.80000    7.70000   18.20000    1.00000
   5.90000    8.00000    8.00000 2012.00000   37.00000   56.00000   11.00000    0.00000   87.40000   11.20000   20.20000    5.20000   11.00000    1.00000
  26.90000   24.00000    8.00000 2012.00000   35.00000   38.00000   15.00000    0.00000   92.10000   51.30000  147.70000   12.20000   54.90000    1.00000
   0.90000   28.00000    9.00000 2012.00000   32.00000   47.00000   14.00000    0.70000   77.50000    7.10000    8.80000    1.80000    6.80000    0.00000
   7.70000   18.00000    9.00000 2012.00000   32.00000   49.00000   11.00000    0.00000   89.40000    9.80000   33.10000    6.80000   11.30000    1.00000
   5.20000    3.00000    7.00000 2012.00000   34.00000   56.00000   17.00000    0.10000   84.70000    9.70000   27.30000    4.70000   10.30000    1.00000
   3.20000    7.00000    7.00000 2012.00000   35.00000   64.00000   18.00000    0.20000   80.00000    9.70000   40.40000    2.80000   12.10000    0.00000
   3.90000   29.00000    6.00000 2012.00000   32.00000   47.00000   13.00000    0.30000   79.90000   18.40000   84.40000    2.20000   23.80000    0.00000
  26.30000   18.00000    8.00000 2012.00000   37.00000   37.00000   14.00000    0.00000   94.30000   35.90000   86.80000   16.00000   35.90000    1.00000
   0.40000    5.00000    9.00000 2012.00000   30.00000   58.00000   12.00000    4.10000   66.10000    4.00000    8.40000    1.00000    3.90000    0.00000
   0.70000   23.00000    9.00000 2012.00000   32.00000   54.00000   11.00000    0.50000   73.70000    7.90000   30.40000    1.20000    9.60000    0.00000
  30.30000   26.00000    8.00000 2012.00000   33.00000   37.00000   16.00000    0.00000   92.20000   61.30000  167.20000   13.10000   64.00000    1.00000
  15.70000   14.00000    8.00000 2012.00000   37.00000   40.00000   13.00000    0.00000   91.90000   22.30000   55.50000   10.80000   22.30000    1.00000
   0.80000    3.00000    8.00000 2012.00000   35.00000   63.00000   14.00000    0.30000   76.60000    5.70000   10.00000    1.70000    5.50000    0.00000
   7.50000   24.00000    6.00000 2012.00000   32.00000   66.00000   17.00000    0.00000   85.90000   11.20000   55.80000    5.60000   14.90000    1.00000
   8.30000   21.00000    9.00000 2012.00000   31.00000   55.00000   11.00000    0.00000   87.80000   16.50000   57.90000    5.40000   19.20000    1.00000
   0.50000    3.00000    7.00000 2012.00000   32.00000   76.00000   20.00000    0.70000   63.10000    2.60000    9.20000    1.30000    3.00000    0.00000
   4.20000   12.00000    8.00000 2012.00000   35.00000   51.00000   13.00000    0.30000   81.30000   15.60000   75.10000    2.50000   20.70000    0.00000
   4.20000   30.00000    8.00000 2012.00000   35.00000   70.00000   17.00000    0.80000   72.70000   25.20000  180.40000    1.70000   37.40000    0.00000
  10.70000   30.00000    7.00000 2012.00000   31.00000   79.00000   15.00000    0.00000   85.40000   28.50000  136.00000    4.70000   37.40000    1.00000
   0.80000   14.00000    7.00000 2012.00000   34.00000   61.00000   13.00000    0.60000   73.90000    7.80000   22.90000    1.40000    8.40000    0.00000
   1.90000    9.00000    6.00000 2012.00000   27.00000   59.00000   18.00000    0.10000   78.10000    8.50000   14.70000    2.40000    8.30000    0.00000
   9.00000   20.00000    8.00000 2012.00000   36.00000   81.00000   15.00000    0.00000   83.70000   34.40000  107.00000    3.80000   38.10000    1.00000
   5.60000   11.00000    6.00000 2012.00000   31.00000   65.00000   14.00000    0.00000   84.50000   12.50000   54.30000    4.00000   15.80000    1.00000
   0.30000    2.00000    7.00000 2012.00000   27.00000   75.00000   19.00000    1.20000   55.70000    2.40000    8.30000    0.80000    2.80000    0.00000
  12.70000    9.00000    8.00000 2012.00000   39.00000   43.00000   12.00000    0.00000   91.70000   16.50000   30.90000    9.60000   16.40000    1.00000
   0.20000    1.00000    6.00000 2012.00000   32.00000   71.00000   12.00000    0.70000   57.10000    2.50000    8.20000    0.60000    2.80000    0.00000
   9.50000   26.00000    6.00000 2012.00000   36.00000   62.00000   16.00000    0.00000   87.80000   16.50000   34.50000    7.00000   16.40000    1.00000
  19.90000   28.00000    8.00000 2012.00000   34.00000   64.00000   16.00000    0.00000   89.40000   50.20000  210.40000    7.30000   62.90000    1.00000
  16.10000   18.00000    8.00000 2012.00000   36.00000   54.00000   18.00000    0.00000   89.40000   20.00000  110.90000    9.70000   27.50000    1.00000
   1.40000   19.00000    6.00000 2012.00000   31.00000   55.00000   16.00000    0.10000   79.90000    4.50000   16.00000    2.50000    5.30000    0.00000
   2.80000   22.00000    7.00000 2012.00000   28.00000   79.00000   18.00000    0.10000   73.40000   16.40000   79.90000    1.80000   21.70000    0.00000
   6.10000   28.00000    8.00000 2012.00000   35.00000   56.00000   14.00000    0.40000   79.20000   37.00000  166.00000    2.10000   30.60000    0.00000
   3.90000    4.00000    8.00000 2012.00000   34.00000   69.00000   13.00000    0.00000   85.00000    8.20000   19.80000    4.00000    8.20000    1.00000
   0.20000   28.00000    9.00000 2012.00000   27.00000   87.00000   29.00000    0.50000   45.90000    3.50000    7.90000    0.40000    3.40000    0.00000
   0.00000   17.00000    6.00000 2012.00000   30.00000   89.00000   16.00000    0.60000   37.30000    1.10000    7.80000    0.00000    1.60000    0.00000
   6.30000   20.00000    9.00000 2012.00000   28.00000   84.00000   18.00000    0.00000   83.80000   13.50000   49.30000    4.50000   16.00000    1.00000
  14.50000   31.00000    7.00000 2012.00000   37.00000   55.00000   15.00000    0.00000   89.30000   28.30000   67.20000    8.30000   28.30000    1.00000
   0.30000   10.00000    9.00000 2012.00000   29.00000   74.00000   15.00000    1.10000   59.50000    4.70000    8.20000    0.80000    4.60000    0.00000
  16.80000   20.00000    8.00000 2012.00000   35.00000   68.00000   19.00000    0.00000   88.30000   25.90000  130.60000    8.80000   34.70000    1.00000
  12.20000   21.00000    8.00000 2012.00000   36.00000   71.00000   15.00000    0.00000   86.00000   36.90000  117.10000    5.10000   41.30000    1.00000
  22.30000   23.00000    8.00000 2012.00000   36.00000   53.00000   16.00000    0.00000   89.50000   37.60000  161.50000   10.40000   47.50000    1.00000
   3.20000   27.00000    7.00000 2012.00000   29.00000   87.00000   18.00000    0.00000   80.00000   11.80000   28.30000    2.80000   11.80000    0.00000
