  -0.83609   -0.99933    0.60000   -0.67082   -1.00000   -0.89300    0.17609   -0.57776   -0.27487   -0.73913   -0.77863    0.40426    1.00000   27.90000
  -0.34437   -0.99689   -1.00000   -0.29985   -1.00000   -0.33333   -0.16842    0.28321   -0.70363   -0.56522   -0.06489    0.10638    0.97277   19.30000
  -0.49007   -0.99498   -1.00000   -0.25733   -1.00000   -0.57202    0.05959    0.02163   -0.41342   -0.73913   -0.65649    0.27660    0.98976   24.40000
  -0.52152   -0.99830   -1.00000   -0.01320   -1.00000   -0.78601   -0.06189   -0.18847   -0.20467   -0.73913   -0.61069   -0.27660    1.00000   21.70000
   0.08885   -0.99098   -1.00000   -0.57918    1.00000   -0.49794   -0.00249    0.82080   -0.65110   -0.39130   -0.54199    0.02128    0.99163   21.70000
  -0.74448   -0.99829   -0.40000   -0.67229   -1.00000   -0.82305    0.11899   -0.67868   -0.07969   -0.56522   -0.56870   -0.14894    0.91180   23.70000
  -0.30243   -0.99859   -1.00000    0.84677   -1.00000   -0.19342   -0.11516    0.37590   -0.79483   -0.91304   -0.99618    0.38298    0.96092   22.00000
  -0.69812   -0.99638   -1.00000   -0.49267   -1.00000   -0.55556    0.09791    0.01751   -0.37968   -0.65217   -0.61832    0.48936    1.00000   23.80000
  -0.72848   -0.99740   -1.00000   -0.82185   -1.00000   -0.75309    0.17417    0.13079   -0.56977   -0.91304   -0.66031    0.14894    0.80372   28.40000
  -0.64294   -0.99926   -1.00000   -0.78372   -1.00000   -0.57202    0.08986    0.46241   -0.64308   -0.91304   -0.68321    0.10638    0.98311   22.00000
  -0.31567   -0.92903   -1.00000    0.29326   -1.00000    0.11111   -0.15769   -0.06694   -0.64774    1.00000    0.82824    0.61702    0.68480   19.90000
  -0.38962   -0.99472   -1.00000   -0.49267   -1.00000   -0.55556   -0.03353   -0.15963   -0.22045   -0.65217   -0.61832    0.48936    1.00000   22.20000
  -0.37307   -0.99710   -0.75000   -0.58871   -1.00000   -0.90124   -0.22092   -0.30175   -0.02365   -0.73913   -0.39695    0.34043    1.00000   17.40000
  -0.03863   -0.99689   -0.75000   -0.45674   -1.00000   -0.42798    0.00057    0.91967   -0.12323   -0.65217   -0.52672   -0.44681    1.00000   27.10000
  -0.77704   -0.99968    0.70000   -0.97947   -1.00000   -0.89712    0.08143   -0.32441    0.46550   -0.91304   -0.51908    0.00000    1.00000   24.70000
  -0.22848   -0.99803   -0.75000   -0.45674   -1.00000   -0.42798   -0.10787   -0.25644   -0.21409   -0.65217   -0.52672   -0.44681    0.96772   21.70000
  -0.24724   -0.99721   -1.00000   -0.29985   -1.00000   -0.33333   -0.11439    0.44593   -0.75486   -0.56522   -0.06489    0.10638    0.70614   20.40000
  -0.55464   -0.99937   -1.00000   -0.65323   -1.00000   -0.46502   -0.11554   -0.10608   -0.25406   -0.65217   -0.85878    0.61702    1.00000   19.50000
  -0.78808   -0.99775    0.60000   -0.89370   -1.00000   -0.88477   -0.08986   -0.65808    0.71978   -0.73913   -0.43893    1.00000    0.89480   20.60000
   0.06788   -0.64329   -1.00000    0.29326   -1.00000    0.17696    0.14351    0.98146   -0.92914    1.00000    0.82824    0.61702    1.00000   10.90000
  -0.18929   -0.89197   -1.00000    0.29326   -1.00000    0.34979    0.20330    0.79403   -0.73303    1.00000    0.82824    0.61702    0.28554   16.40000
  -0.56622   -0.98800   -0.60000   -0.74267   -1.00000    0.07819    0.39567    0.62513   -0.82131   -0.65217   -0.70611   -0.91489    0.97932   33.80000
  -0.66336   -0.99936   -0.30000   -0.58944   -1.00000   -0.78231   -0.05346   -0.57981    0.00230   -1.00000   -0.55344   -0.08511    0.82526   19.40000
  -0.06457   -0.89064   -1.00000    0.29326   -1.00000   -0.05761    0.12014    0.86818   -0.78618    1.00000    0.82824    0.61702    0.99652   16.70000
  -0.60927   -0.99909   -1.00000   -0.78372   -1.00000   -0.57202    0.09446    0.30175   -0.64304   -0.91304   -0.68321    0.10638    0.97620   22.60000
  -0.72461   -0.99816   -1.00000   -0.24120   -1.00000   -0.88477    0.09446   -0.92379   -0.24384   -0.73913   -0.54962    0.40426    0.93358   24.20000
  -0.20033   -0.87468   -1.00000    0.29326   -1.00000    0.34979    0.10174    0.75077   -0.78427    1.00000    0.82824    0.61702   -0.49634   14.30000
  -0.37196   -0.67793   -1.00000    0.29326   -1.00000   -0.05761    0.02242    0.75283   -0.85058    1.00000    0.82824    0.61702    0.93151   21.40000
  -0.57285   -0.99569   -1.00000   -0.25733   -1.00000   -0.57202    0.00441   -0.18641   -0.48789   -0.73913   -0.65649    0.27660    0.98351   25.00000
  -0.68874   -0.99806   -0.40000   -0.67229   -1.00000   -0.82305    0.16689   -0.19052   -0.07969   -0.56522   -0.56870   -0.14894    0.93383   23.30000
  -0.59658   -0.99808   -1.00000   -0.73680   -1.00000   -0.48560    0.09408    0.67250   -0.72416   -0.65217   -0.58397   -0.14894    0.99294   23.60000
  -0.34216   -0.99810   -0.60000   -0.52346    1.00000   -0.67490   -0.09600    0.20700   -0.49297   -0.82609   -0.86260    0.27660    0.97196   20.70000
  -0.84106   -0.99946    0.10000   -0.75660   -1.00000   -0.59259    0.26959   -0.48095   -0.02958   -0.65217   -0.30153    0.06383    0.95496   31.20000
  -0.51876   -0.99694   -1.00000   -0.29985   -1.00000   -0.33333    0.03200    0.67456   -0.79505   -0.56522   -0.06489    0.10638    0.95885   18.50000
  -0.92108   -0.99980    0.80000   -0.94501    1.00000   -0.93416    0.67158   -0.54892   -0.13514   -1.00000   -0.95801   -0.78723    0.99304   50.00000
   0.36258   -0.90803   -1.00000    0.40176   -1.00000    1.00000   -0.26921    1.00000   -0.94868   -0.65217   -0.17557   -0.55319    1.00000   15.60000
  -0.43157   -0.85528   -1.00000    0.29326   -1.00000   -0.18107    0.09753    0.48095   -0.80525    1.00000    0.82824    0.61702   -0.50764   16.10000
  -0.41887   -0.97332   -1.00000    0.57111   -1.00000   -0.01646    0.05959    0.95263   -0.79241   -0.73913   -0.04580    0.82979    1.00000   19.60000
  -0.08389   -0.99299   -1.00000   -0.30792   -1.00000   -0.34568   -0.09829    0.65397   -0.47822   -0.73913   -0.55344    0.23404    0.96873   17.80000
  -0.69702   -0.99914   -0.50000   -0.67742   -1.00000   -0.83128    0.17187    0.39032   -0.22322   -0.73913   -0.64122    0.36170    0.99360   23.90000
  -0.87914   -0.99344   -1.00000   -0.57918   -1.00000   -0.51029    0.58076   -0.70958   -0.59161   -0.39130   -0.54199    0.02128    0.90221   46.70000
   0.02594   -0.68012   -1.00000    0.29326   -1.00000    0.26749    0.06610    1.00000   -0.91916    1.00000    0.82824    0.61702    1.00000    7.20000
  -0.31788   -0.99719   -1.00000   -0.40616   -1.00000   -0.44444   -0.01667    0.69516   -0.81944   -0.65217   -0.24809    0.76596    0.95355   20.40000
  -0.28587   -0.98251   -1.00000   -0.43695   -1.00000   -0.37037   -0.06917    0.62307   -0.43106   -0.73913   -0.54199    0.78723    0.94881   17.50000
  -0.38576   -0.99898   -1.00000   -0.70454   -1.00000   -0.73663   -0.05959   -0.13079   -0.40027   -0.82609   -0.77099    0.25532    0.99541   22.50000
  -0.12528   -0.99793   -1.00000    0.84677   -1.00000   -0.19342   -0.11171    0.91349   -0.84055   -0.91304   -0.99618    0.38298    0.91165   18.80000
  -0.55960   -0.99209   -1.00000   -0.57918    1.00000   -0.49794    0.29910    0.76313   -0.68498   -0.39130   -0.54199    0.02128    0.97378   26.70000
  -0.80795   -0.99947   -1.00000   -0.87390   -1.00000   -0.69959    0.09944    0.14933   -0.10291   -0.82609   -0.86641    0.29787    0.98598   28.70000
  -0.14238   -0.88572   -1.00000    0.29326   -1.00000    0.34979    0.04848    0.83110   -0.77474    1.00000    0.82824    0.61702    0.94044   16.10000
  -0.45309   -0.94973   -1.00000    0.40176   -1.00000   -0.09465   -0.12129    0.83110   -0.76495   -0.65217   -0.17557   -0.55319    0.99097   22.70000
   0.23786   -0.99360   -1.00000    0.57111   -1.00000   -0.01646    0.00134    0.86818   -0.91228   -0.73913   -0.04580    0.82979    0.95552   14.00000
  -0.43433   -0.97761   -1.00000   -0.43695   -1.00000   -0.37037    0.19295    0.73841   -0.43449   -0.73913   -0.54199    0.78723    0.91593   21.00000
  -0.72130   -0.99837   -1.00000   -0.09311   -1.00000   -0.78601    0.03928   -0.93615   -0.43222   -0.65217   -0.19466    0.29787    0.99001   24.10000
   0.46523   -0.45178   -1.00000    0.29326   -1.00000    0.29630   -0.58191    1.00000   -0.93860    1.00000    0.82824    0.61702    1.00000   10.50000
  -0.78201   -0.99900   -1.00000   -0.65323   -1.00000   -0.46502    0.05576   -0.27497   -0.03085   -0.65217   -0.85878    0.61702    0.96374   22.20000
  -0.84492   -0.98906   -1.00000   -0.30792   -1.00000   -0.34568    0.17800    0.63955   -0.60209   -0.73913   -0.55344    0.23404    1.00000   22.80000
   0.60486   -0.62222   -1.00000    0.29326   -1.00000    0.29630   -0.34240    0.96086   -0.94608    1.00000    0.82824    0.61702    1.00000    7.20000
  -0.65121   -0.99970   -0.65000   -0.93255   -1.00000   -0.87202    0.35773    0.16581    0.47192   -0.82609   -0.88931    0.27660    0.98154   33.00000
  -0.52373   -0.99110   -1.00000   -0.30792   -1.00000   -0.34568    0.08105    0.32441   -0.56299   -0.73913   -0.55344    0.23404    0.99148   23.10000
   0.08830   -0.93868   -1.00000    0.40176   -1.00000    1.00000   -0.21977    0.89495   -0.92796   -0.65217   -0.17557   -0.55319    0.77281   15.40000
  -0.66225   -0.99994    0.80000   -0.81598   -1.00000   -0.93827    0.35160   -0.63131    0.12353   -1.00000   -0.62595   -0.42553    0.98901   32.20000
   0.59271   -0.13801   -1.00000    0.29326   -1.00000    0.26749   -0.27496    1.00000   -0.93453    1.00000    0.82824    0.61702    1.00000    5.00000
  -0.14018   -0.97820   -1.00000    0.57111   -1.00000   -0.01646   -0.15846    0.96704   -0.77877   -0.73913   -0.04580    0.82979    0.32352   15.60000
   0.05519   -0.81689   -1.00000    0.29326   -1.00000    0.29630   -0.29910    0.97734   -0.89115    1.00000    0.82824    0.61702    1.00000   11.50000
  -0.83388   -0.99889    0.40000   -0.86950   -1.00000   -0.93827    0.33359   -0.85376    0.21820   -0.65217   -0.34733   -0.53191    0.87231   29.00000
  -0.12417   -0.79821   -1.00000    0.29326    1.00000    0.58436    0.01590    0.94645   -0.81948    1.00000    0.82824    0.61702    0.90332   17.80000
  -0.67936   -0.99575   -1.00000   -0.24120   -1.00000   -0.88477    0.02855   -0.93203   -0.24384   -0.73913   -0.54962    0.40426    0.90050   23.40000
   0.59437   -0.67793   -1.00000    0.29326   -1.00000    0.29630   -0.49454    1.00000   -0.91636    1.00000    0.82824    0.61702    0.87907   10.20000
  -0.88797   -0.99934   -0.60000   -0.78959   -1.00000   -0.76173    0.63211    0.26880   -0.35162   -0.65217   -0.88931   -0.51064    0.95164   45.40000
  -0.62969   -0.99854   -1.00000   -0.70454   -1.00000   -0.73663   -0.01897    0.11020   -0.52387   -0.82609   -0.77099    0.25532    0.99118   22.20000
  -0.11369   -0.85879   -1.00000    0.29326   -1.00000    0.46091    0.06534    0.92585   -0.82861    1.00000    0.82824    0.61702    0.60215   14.90000
  -0.71358   -0.99865   -1.00000   -0.73680   -1.00000   -0.48560    0.26423    0.47271   -0.67524   -0.65217   -0.58397   -0.14894    0.97161   29.90000
  -0.81402   -0.99810   -0.10000   -0.78153   -1.00000   -0.78601    0.29910   -0.61689   -0.02696   -0.65217   -0.19466   -0.44681    0.90307   37.00000
  -0.36313   -0.99750   -0.75000   -0.45674   -1.00000   -0.42798   -0.06189    0.64779   -0.07299   -0.65217   -0.52672   -0.44681    1.00000   18.90000
  -0.35982   -0.69617   -1.00000    0.29326   -1.00000    0.01235   -0.88427    1.00000   -0.93071    1.00000    0.82824    0.61702   -0.33885   23.10000
  -0.51435   -0.99944   -1.00000   -0.71188   -1.00000   -0.76543   -0.05997   -0.06076    0.25199   -0.82609   -0.37023    0.31915    0.94321   17.50000
  -0.92936   -0.99876   -0.60000   -0.78959    1.00000   -0.76173    0.56505   -0.03605   -0.25755   -0.65217   -0.88931   -0.51064    0.90000   46.00000
  -0.21578   -0.99463   -1.00000   -0.30792   -1.00000   -0.34568   -0.14888    0.41710   -0.47220   -0.73913   -0.55344    0.23404    1.00000   19.80000
  -0.84216   -0.97264   -1.00000    0.40176   -1.00000   -0.09465    0.29603    0.94645   -0.86402   -0.65217   -0.17557   -0.55319    0.83121   41.30000
  -0.10044   -0.77011   -1.00000    0.29326   -1.00000   -0.05761    0.00556    0.93203   -0.81069    1.00000    0.82824    0.61702    0.91326   14.60000
   0.21192   -0.46854   -1.00000    0.29326   -1.00000    0.17696    0.08028    0.92173   -0.95335    1.00000    0.82824    0.61702    1.00000   13.10000
  -0.15177   -0.99632   -0.75000   -0.45674   -1.00000   -0.42798   -0.06381    0.70958   -0.00654   -0.65217   -0.52672   -0.44681    0.94861   18.90000
  -0.76490   -0.99980    0.60000   -0.88636   -1.00000   -0.79424    0.17800   -0.44799    0.31208   -0.73913   -0.64504   -0.06383    0.96994   24.50000
  -0.14680   -0.99432   -1.00000    0.57111   -1.00000   -0.01646   -0.18298    0.91761   -0.88020   -0.73913   -0.04580    0.82979    0.97584   16.20000
  -0.75386   -0.99860   -1.00000   -0.82185   -1.00000   -0.75309    0.47729    0.22760   -0.56977   -0.91304   -0.66031    0.14894    1.00000   33.20000
  -0.14569    1.00000   -1.00000    0.29326   -1.00000    0.17696    0.30561    0.83316   -0.94782    1.00000    0.82824    0.61702    1.00000   10.40000
  -0.63962   -0.98599   -1.00000   -0.43695   -1.00000   -0.37037   -0.08488    0.21318   -0.34929   -0.73913   -0.54199    0.78723    1.00000   20.40000
  -0.09492   -0.89331   -1.00000    0.29326   -1.00000    0.34979    0.13585    0.72194   -0.76244    1.00000    0.82824    0.61702   -0.74482   14.10000
  -0.91225   -0.96600   -1.00000    0.40176    1.00000   -0.09465    0.84480    0.87436   -0.81224   -0.65217   -0.17557   -0.55319    0.95739   50.00000
  -0.07671   -0.98790   -1.00000    0.57111   -1.00000   -0.01646   -0.00747    0.95675   -0.90195   -0.73913   -0.04580    0.82979    1.00000   17.80000
  -0.72296   -0.99930   -1.00000   -0.65323   -1.00000   -0.46502    0.05346   -0.26673   -0.03085   -0.65217   -0.85878    0.61702    0.96218   20.70000
   0.36424   -0.65897   -1.00000    0.29326   -1.00000    0.46091   -0.00709    1.00000   -0.85730    1.00000    0.82824    0.61702   -0.95461    8.70000
  -0.38190   -0.99970    0.60000   -0.90469   -1.00000   -1.00000    0.02280   -0.41092    0.44761   -1.00000   -0.79389    0.19149    0.72112   20.10000
   0.18874   -0.74926   -1.00000    0.29326   -1.00000    0.46091    0.17570    0.88877   -0.81902    1.00000    0.82824    0.61702   -0.44763   13.40000
  -0.87748   -0.99269   -1.00000   -0.57918   -1.00000   -0.49794    0.79575    0.39032   -0.54127   -0.39130   -0.54199    0.02128    0.90948   48.30000
  -0.35320   -0.99815   -0.58000   -0.62024   -1.00000   -0.77778   -0.07952   -0.11843    0.03395   -0.73913   -0.78626   -0.10638    0.99324   19.70000
  -0.31457   -0.99591   -1.00000   -0.52713   -1.00000   -0.74074   -0.14735   -0.37384   -0.27783   -0.82609   -0.82443    0.12766    1.00000   20.00000
   0.22792   -0.76024   -1.00000    0.29326   -1.00000    0.46091    0.11056    0.89289   -0.84390    1.00000    0.82824    0.61702   -0.78446   11.80000
  -0.08333   -0.98033   -1.00000    0.57111   -1.00000   -0.01646   -0.20445    0.89083   -0.84536   -0.73913   -0.04580    0.82979    1.00000   14.30000
  -0.28477   -0.99701   -1.00000   -0.73680   -1.00000   -0.48560   -0.22935    0.76313   -0.73329   -0.65217   -0.58397   -0.14894    1.00000   23.10000
   0.22792   -0.99170   -1.00000   -0.25733    1.00000   -0.57202   -0.29373    0.76519   -0.53889   -0.73913   -0.65649    0.27660    0.99163   19.30000
  -0.14238   -0.99622   -1.00000   -0.25733    1.00000   -0.57202   -0.08067    0.83728   -0.50031   -0.73913   -0.65649    0.27660    0.98159   21.70000
  -0.29857   -0.99628   -0.50000   -0.65763   -1.00000   -0.72016   -0.07837    0.86406    0.03464   -0.39130   -0.62977    0.51064    0.90509   16.00000
  -0.88521   -0.99935    0.90000   -0.83724   -1.00000   -0.87202    0.64476   -0.37590   -0.27463   -0.73913   -0.85878   -0.55319    0.97922   48.50000
  -0.17163   -0.81473   -1.00000    0.29326   -1.00000    0.34979    0.46848    0.98558   -0.75937    1.00000    0.82824    0.61702    0.89394   17.80000
  -0.09879   -0.99448   -1.00000   -0.25733   -1.00000   -0.57202   -0.14850    0.43769   -0.41342   -0.73913   -0.65649    0.27660    0.96233   22.50000
   0.02539   -0.78443   -1.00000    0.29326   -1.00000    0.26749    0.08948    1.00000   -0.90736    1.00000    0.82824    0.61702    0.89515   12.10000
  -0.51876   -0.98302   -0.60000   -0.74267   -1.00000    0.07819   -0.23395    0.23378   -0.84416   -0.65217   -0.70611   -0.91489    0.97731   22.80000
  -0.62804   -0.98604   -1.00000   -0.43695   -1.00000   -0.37037   -0.12895    0.10402   -0.38728   -0.73913   -0.54199    0.78723    0.99355   19.90000
  -0.56843   -0.99738   -1.00000   -0.52713   -1.00000   -0.74074   -0.03890   -0.23584   -0.16498   -0.82609   -0.82443    0.12766    0.96213   21.20000
  -0.19592   -0.98328   -1.00000   -0.43695   -1.00000   -0.37037   -0.09446    0.87848   -0.40529   -0.73913   -0.54199    0.78723    0.98704   15.60000
  -0.09492   -0.65001   -1.00000    0.29326   -1.00000   -0.19753   -0.09370    0.40268   -0.67649    1.00000    0.82824    0.61702    0.85799   19.10000
   0.07119   -0.99363   -1.00000   -0.32331   -1.00000   -0.17696   -0.29910    0.44181   -0.69646   -0.56522   -0.22137    0.40426    1.00000   19.70000
  -0.53642   -0.99621   -1.00000   -0.59677   -1.00000   -0.53086   -0.07837   -0.43769   -0.50573   -0.65217   -0.64886    0.40426    0.98250   24.70000
  -0.83996   -0.98830   -1.00000   -0.57918   -1.00000   -0.51029    0.97892    0.64985   -0.67904   -0.39130   -0.54199    0.02128    0.92486   50.00000
  -0.87748   -0.99982    1.00000   -0.93695   -1.00000   -0.89300    0.24737   -0.22554    0.30859   -0.65217   -0.73664   -0.46809    0.97983   31.60000
  -0.71634   -0.99606   -1.00000   -0.49267   -1.00000   -0.55556    0.07875    0.05870   -0.37968   -0.65217   -0.61832    0.48936    1.00000   23.10000
  -0.66556   -0.99851    0.20000   -0.90982   -1.00000   -0.89300   -0.10979   -0.67868    0.74244   -0.73913   -0.14504    0.21277    0.97695   18.60000
  -0.09879   -0.99675   -1.00000    1.00000   -1.00000   -0.07819   -0.27457    0.84964   -0.87427   -0.73913    1.00000    0.59574    0.99087   15.20000
  -0.83002   -0.99985    0.80000   -0.94428   -1.00000   -0.92593    0.41330   -0.60865    0.37621   -0.65217   -0.85115    0.12766    0.99511   35.40000
  -0.89735   -0.99533   -0.56000   -0.60411   -1.00000   -0.81070    0.10251   -0.87642    0.13979   -0.47826   -0.45420    0.38298    0.90000   24.80000
   0.16722   -0.78904   -1.00000    0.29326   -1.00000    0.46091   -0.20828    0.87436   -0.87495    1.00000    0.82824    0.61702    1.00000   12.80000
  -0.16060   -0.81580   -1.00000    0.29326   -1.00000    0.34979   -0.08986    0.59423   -0.69999    1.00000    0.82824    0.61702   -0.98396   13.50000
  -0.95916   -0.98721   -1.00000   -0.57918   -1.00000   -0.49794    0.83024    0.45005   -0.50735   -0.39130   -0.54199    0.02128    0.94458   41.70000
  -0.32395   -0.99827   -1.00000   -0.85337   -1.00000   -0.57613   -0.21709    0.78991   -0.66203   -0.82609   -0.97710    0.10638    0.97025   26.40000
  -0.34989   -0.99912   -1.00000   -0.01540    1.00000   -0.32099   -0.10826    0.09372   -0.63944   -0.65217   -0.66031   -0.19149    0.97932   23.30000
  -0.79194   -0.99887   -1.00000   -0.78372   -1.00000   -0.57202    0.32056    0.71782   -0.58314   -0.91304   -0.68321    0.10638    1.00000   23.60000
  -0.19647   -0.90238   -1.00000    0.29326   -1.00000   -0.19753   -0.00134    0.67044   -0.65376    1.00000    0.82824    0.61702    1.00000   19.90000
   1.00000   -0.58431   -1.00000    0.29326   -1.00000    0.16461   -0.77889    1.00000   -0.99865    1.00000    0.82824    0.61702    1.00000   13.80000
  -0.36589   -0.82392   -1.00000    0.29326   -1.00000    0.11111    0.01475    0.28733   -0.66649    1.00000    0.82824    0.61702    1.00000   21.40000
  -0.06567   -0.99629   -1.00000   -0.40616   -1.00000   -0.44444   -0.12818    0.83316   -0.80333   -0.65217   -0.24809    0.76596    0.99380   19.50000
  -0.26214   -0.99615   -1.00000   -0.32331   -1.00000   -0.17696   -0.23050    0.45417   -0.76897   -0.56522   -0.22137    0.40426    0.99430   17.50000
   0.00166   -0.97792   -1.00000   -0.43695   -1.00000   -0.37037   -0.13700    1.00000   -0.46065   -0.73913   -0.54199    0.78723    0.98810   14.50000
  -0.58333   -0.99184   -1.00000   -0.30792   -1.00000   -0.34568    0.15194    0.73841   -0.55029   -0.73913   -0.55344    0.23404    0.99390   23.80000
  -0.37804   -0.99342   -0.60000   -0.52346   -1.00000   -0.67490   -0.12052   -0.19258   -0.39994   -0.82609   -0.86260    0.27660    0.95839   21.10000
  -0.09492   -0.79043   -1.00000    0.29326   -1.00000    0.34979    0.00556    0.97322   -0.79412    1.00000    0.82824    0.61702    1.00000   14.10000
  -0.29029   -0.99222   -1.00000    0.57111   -1.00000   -0.01646    0.10864    0.96704   -0.86902   -0.73913   -0.04580    0.82979    0.98578   17.10000
  -0.76049   -0.99915    0.40000   -0.86950   -1.00000   -0.93827    0.26844   -0.08342    0.21820   -0.65217   -0.34733   -0.53191    0.96954   24.80000
  -0.73234   -0.99515   -0.60000   -0.52346    1.00000   -0.67490    0.58268    0.00721   -0.41131   -0.82609   -0.86260    0.27660    0.96909   35.20000
   0.30684   -0.99676   -1.00000    0.84677   -1.00000   -0.19342   -0.12052    0.93821   -0.85181   -0.91304   -0.99618    0.38298    0.86590   17.30000
   0.41556   -0.06659   -1.00000    0.29326   -1.00000    0.26749   -0.24507    0.69928   -0.91310    1.00000    0.82824    0.61702    0.65989    8.50000
  -0.42660   -0.97482   -1.00000    0.40176    1.00000    1.00000   -0.44396    0.75283   -0.91259   -0.65217   -0.17557   -0.55319    0.72959   15.30000
  -0.62031   -0.99909    0.60000   -0.92229   -1.00000   -0.92181    0.35888   -0.30587    0.12384   -0.91304   -0.45801   -1.00000    0.78521   30.30000
  -0.15066   -0.80419   -1.00000    0.29326   -1.00000    0.26749    0.11516    0.97528   -0.89159    1.00000    0.82824    0.61702    0.97519   13.10000
  -0.81733   -0.99884   -1.00000   -0.85337   -1.00000   -0.57613    0.31021    0.14315   -0.69093   -0.82609   -0.97710    0.10638    1.00000   37.20000
  -0.31236   -0.91389   -1.00000    0.29326   -1.00000    0.58436    0.03085    0.81668   -0.78796    1.00000    0.82824    0.61702    0.76676   19.90000
   0.38466   -0.92549   -1.00000    0.40176    1.00000    1.00000   -0.29412    1.00000   -0.96508   -0.65217   -0.17557   -0.55319    1.00000   13.40000
  -0.65121   -0.99918    0.60000   -0.89370   -1.00000   -0.88477   -0.19448   -0.60865    0.71978   -0.73913   -0.43893    1.00000    0.92889   18.20000
  -0.74448   -0.99972    0.70000   -0.72947   -1.00000   -0.81893    0.13240   -0.48919    0.34687   -0.73913   -0.37405    0.12766    0.97746   23.10000
  -0.12197   -0.80924   -1.00000    0.29326   -1.00000   -0.18107    0.06802    0.71370   -0.83212    1.00000    0.82824    0.61702   -0.58077   14.50000
  -0.43157   -0.94813   -1.00000    0.40176   -1.00000   -0.09465   -0.11132    0.94439   -0.77101   -0.65217   -0.17557   -0.55319    0.75405   19.10000
  -0.89845   -0.99830   -1.00000   -0.82185   -1.00000   -0.75309    0.63211   -0.29969   -0.56977   -0.91304   -0.66031    0.14894    0.98300   43.80000
  -0.51104   -0.99918   -0.44000    0.06892   -1.00000   -0.67490    0.03008    0.53244   -0.54798   -0.73913   -0.68321    0.19149    1.00000   20.60000
   0.17274    0.52669   -1.00000    0.29326   -1.00000    0.26749   -0.18682    1.00000   -0.94620    1.00000    0.82824    0.61702    0.93984    5.00000
  -0.30464   -0.99510   -1.00000   -0.32331   -1.00000   -0.17696   -0.05499    0.58187   -0.75109   -0.56522   -0.22137    0.40426    1.00000   16.80000
  -0.22958   -0.72483   -1.00000    0.29326   -1.00000   -0.18107   -0.12780    0.16993   -0.84214    1.00000    0.82824    0.61702   -0.87730   10.20000
  -0.66832   -0.87182   -1.00000    0.29326   -1.00000   -0.39506    0.22207    0.48301   -0.59951    1.00000    0.82824    0.61702    0.98069   23.70000
  -0.22130   -0.99697   -1.00000   -0.01320   -1.00000   -0.78601   -0.14581    0.13491   -0.05602   -0.73913   -0.61069   -0.27660    1.00000   20.30000
  -0.46965   -0.99756   -1.00000   -0.82185   -1.00000   -0.75309   -0.00287    0.37384   -0.56977   -0.91304   -0.66031    0.14894    0.97443   21.40000
  -0.66556   -0.89804   -1.00000    0.29326   -1.00000    0.58436    0.08718    0.75283   -0.74746    1.00000    0.82824    0.61702    0.88734   25.00000
  -0.30795   -0.99853   -1.00000    0.84677   -1.00000   -0.19342   -0.06381    0.67250   -0.80580   -0.91304   -0.99618    0.38298    0.90302   20.30000
  -0.88962   -0.87268   -1.00000    0.29326    1.00000    0.01235    0.19640    0.93409   -0.95870    1.00000    0.82824    0.61702    0.89122   50.00000
  -0.38907   -0.98277   -1.00000   -0.43695   -1.00000   -0.37037    0.12435    0.88465   -0.39527   -0.73913   -0.54199    0.78723    0.95481   18.40000
  -0.43267   -0.99625   -1.00000   -0.32331   -1.00000   -0.17696   -0.17762    0.05252   -0.77228   -0.56522   -0.22137    0.40426    1.00000   21.80000
  -0.35375   -0.55934   -1.00000    0.29326   -1.00000    0.17696    0.43782    0.95675   -0.96605    1.00000    0.82824    0.61702    1.00000   15.00000
  -0.35375   -0.99539   -1.00000   -0.40616   -1.00000   -0.44444   -0.01284    0.74047   -0.71172   -0.65217   -0.24809    0.76596    0.98775   19.30000
  -0.78422   -0.99878   -1.00000   -0.15909   -1.00000   -0.22634    0.30868    0.81462   -0.81124   -1.00000   -0.67176    0.78723    1.00000   23.90000
  -0.69923   -0.99957    0.10000   -0.75660   -1.00000   -0.59259    0.20138    0.10196   -0.16295   -0.65217   -0.30153    0.06383    1.00000   23.90000
  -0.09823   -0.99777   -1.00000    1.00000   -1.00000   -0.07819   -0.07185    0.97528   -0.86569   -0.73913    1.00000    0.59574    0.96576   13.60000
  -0.76987   -0.99699   -0.56000   -0.60411   -1.00000   -0.81070    0.12129   -0.79197    0.13979   -0.47826   -0.45420    0.38298    0.99687   24.40000
  -0.56126   -0.99870   -1.00000   -0.59677   -1.00000   -0.53086   -0.09101    0.34501   -0.59430   -0.65217   -0.64886    0.40426    1.00000   18.90000
  -0.88797   -0.99021   -1.00000   -0.57918   -1.00000   -0.51029    0.14620   -0.61895   -0.59161   -0.39130   -0.54199    0.02128    0.91649   31.50000
  -0.60210   -0.99800   -1.00000   -0.09311   -1.00000   -0.78601    0.04426   -0.13285   -0.38655   -0.65217   -0.19466    0.29787    0.93106   21.40000
  -0.15121   -0.84364   -1.00000    0.29326   -1.00000    0.29630   -0.17532    0.93821   -0.85507    1.00000    0.82824    0.61702    0.98754   15.10000
  -0.19978   -0.82588   -1.00000    0.29326   -1.00000    0.34979    0.05001    0.66426   -0.69928    1.00000    0.82824    0.61702    0.37117   14.90000
  -0.56071   -0.99857   -1.00000   -0.01540   -1.00000   -0.32099    0.18069    0.69310   -0.58325   -0.65217   -0.66031   -0.19149    0.97922   28.70000
  -0.73344   -0.99585   -0.56000   -0.60411   -1.00000   -0.81070    0.20981   -0.69928    0.21796   -0.47826   -0.45420    0.38298    0.98406   26.20000
  -0.73841   -0.99845   -0.34000   -0.87390   -1.00000   -0.64197    0.47883    0.42121   -0.64179   -0.47826   -0.86641    0.23404    1.00000   33.40000
  -0.47296   -0.98383   -1.00000   -0.43695   -1.00000   -0.37037   -0.16996    0.37178   -0.51497   -0.73913   -0.54199    0.78723    0.96999   18.20000
  -0.40563   -0.99551   -0.56000   -0.60411   -1.00000   -0.81070   -0.22131    0.51596    0.24131   -0.47826   -0.45420    0.38298    0.87690   17.60000
  -0.79194   -0.97152   -1.00000    0.40176    1.00000   -0.09465    0.03047    0.84758   -0.87837   -0.65217   -0.17557   -0.55319    0.70760   27.00000
  -0.35872   -0.99764   -1.00000    1.00000   -1.00000   -0.07819   -0.07185    0.66014   -0.82171   -0.73913    1.00000    0.59574    1.00000   20.10000
  -0.45254   -0.98807   -1.00000   -0.57918   -1.00000   -0.51029   -0.07262    0.34294   -0.53771   -0.39130   -0.54199    0.02128    0.90645   24.30000
  -0.56181   -0.99873   -1.00000   -0.15909   -1.00000   -0.22634    0.16191    0.36354   -0.75466   -1.00000   -0.67176    0.78723    0.97524   22.40000
  -0.56457   -0.99900   -1.00000   -0.70454   -1.00000   -0.73663    0.08373   -0.07106   -0.33621   -0.82609   -0.77099    0.25532    1.00000   23.90000
  -0.65121   -0.99007   -1.00000   -0.57918    1.00000   -0.49794    0.21288    0.30999   -0.54127   -0.39130   -0.54199    0.02128    0.81492   29.00000
  -0.27870   -0.99984    0.50000   -0.74047   -1.00000   -0.89712   -0.10826   -0.07930    0.12579   -0.82609    0.07634    0.80851    1.00000   18.90000
  -0.24614   -0.99283   -1.00000    0.57111   -1.00000   -0.01646    0.09983    0.97528   -0.87580   -0.73913   -0.04580    0.82979    1.00000   18.00000
  -0.27815   -0.98504   -1.00000   -0.43695   -1.00000   -0.37037   -0.13700    0.80021   -0.35393   -0.73913   -0.54199    0.78723    0.89904   16.60000
  -0.86589   -0.99877   -0.20000   -0.56378    1.00000   -0.74486    0.25120   -0.49125   -0.32104   -0.73913   -0.74428    0.06383    0.98260   33.10000
  -0.53201   -0.99629   -1.00000   -0.52713   -1.00000   -0.74074   -0.18720   -0.36354   -0.27783   -0.82609   -0.82443    0.12766    1.00000   19.30000
  -0.63024   -0.99902   -0.58000   -0.62024   -1.00000   -0.77778   -0.06610   -0.61895    0.03395   -0.73913   -0.78626   -0.10638    1.00000   23.40000
   0.18985   -0.84165   -1.00000    0.29326   -1.00000   -0.05761   -0.02587    0.69310   -0.83774    1.00000    0.82824    0.61702   -0.98890   13.40000
   0.40894   -0.99144   -1.00000    0.84677   -1.00000   -0.19342   -0.21364    0.90937   -0.88586   -0.91304   -0.99618    0.38298    0.81033   15.70000
  -0.71468   -0.98538   -0.60000   -0.74267   -1.00000    0.07819    0.25733    1.00000   -0.83975   -0.65217   -0.70611   -0.91489    0.97494   30.10000
  -0.39790   -0.94090   -1.00000   -0.30792   -1.00000   -0.34568   -0.45890   -0.28115   -0.74724   -0.73913   -0.55344    0.23404    0.76575   16.10000
  -0.41832   -0.99726   -1.00000   -0.40616   -1.00000   -0.44444    0.11631    0.94027   -0.76297   -0.65217   -0.24809    0.76596    0.99163   19.80000
  -0.61038   -0.99726   -0.75000   -0.58871   -1.00000   -0.90124   -0.10941   -0.38002   -0.02365   -0.73913   -0.39695    0.34043    1.00000   20.90000
  -0.58996   -0.99250   -0.56000   -0.60411   -1.00000   -0.81070   -0.02395   -0.34089    0.25961   -0.47826   -0.45420    0.38298    0.96611   24.30000
  -0.74834   -0.99892   -1.00000   -0.73680   -1.00000   -0.48560    0.05537    0.45211   -0.60209   -0.65217   -0.58397   -0.14894    0.99344   24.60000
  -0.36313   -0.91360   -1.00000    0.29326    1.00000    0.58436    0.08603    0.81462   -0.74982    1.00000    0.82824    0.61702    0.97196   21.70000
  -0.42550   -0.95967   -1.00000    0.40176   -1.00000   -0.09465   -0.11247    0.57158   -0.76424   -0.65217   -0.17557   -0.55319    0.14625   23.80000
  -0.50276   -0.86922   -1.00000    0.29326   -1.00000   -0.39506    0.02740    0.27292   -0.58268    1.00000    0.82824    0.61702    1.00000   23.00000
   0.55629   -0.99539   -0.75000   -0.45674   -1.00000   -0.42798   -0.20674    1.00000   -0.09929   -0.65217   -0.52672   -0.44681    0.94821   16.50000
  -0.54525   -0.99865   -1.00000   -0.79619   -1.00000   -0.69136   -0.11592   -0.52832   -0.25706   -0.73913   -0.07252   -0.08511    0.92708   19.30000
  -0.26656   -0.75090   -1.00000    0.29326   -1.00000    0.37037    0.09216    1.00000   -0.86736    1.00000    0.82824    0.61702    0.60588   16.70000
  -0.80353   -0.99922   -0.50000   -0.67742   -1.00000   -0.83128    0.21326   -0.36972   -0.22322   -0.73913   -0.64122    0.36170    1.00000   28.00000
  -0.79249   -0.99835    0.20000   -0.90982   -1.00000   -0.89300    0.15654   -0.32029    0.74244   -0.73913   -0.14504    0.21277    0.86827   24.10000
  -0.68764   -0.99893   -1.00000   -0.01320   -1.00000   -0.78601    0.14505   -0.00927   -0.12143   -0.73913   -0.61069   -0.27660    0.97957   27.10000
  -0.25828   -0.68738   -1.00000    0.29326   -1.00000    0.34979    0.01437    0.89701   -0.80129    1.00000    0.82824    0.61702   -0.49412   11.70000
  -0.54746   -0.98613   -1.00000   -0.57918    1.00000   -0.49794    0.27151    0.54068   -0.61035   -0.39130   -0.54199    0.02128    0.96717   27.50000
  -0.64514   -0.99920   -0.44000    0.06892   -1.00000   -0.67490    0.10404    0.04428   -0.53873   -0.73913   -0.68321    0.19149    0.99047   22.90000
  -0.87031   -0.99924    0.60000   -0.92229   -1.00000   -0.92181    0.42786   -0.35736    0.12384   -0.91304   -0.45801   -1.00000    1.00000   33.30000
  -0.34547   -0.99386   -1.00000   -0.32331   -1.00000   -0.17696   -0.09370   -0.18229   -0.77228   -0.56522   -0.22137    0.40426    1.00000   24.50000
  -0.72406   -0.99766   -0.50000   -0.65763   -1.00000   -0.72016    0.10941    0.33677    0.10866   -0.39130   -0.62977    0.51064    1.00000   22.20000
  -0.31733   -0.72930   -1.00000    0.29326   -1.00000   -0.05761   -0.20023    0.74459   -0.85058    1.00000    0.82824    0.61702    0.46871   20.80000
  -0.09437   -0.81905   -1.00000    0.29326   -1.00000   -0.18107   -0.28492    0.90525   -0.76353    1.00000    0.82824    0.61702    0.77649   13.80000
  -0.54525   -0.99229   -1.00000   -0.30792   -1.00000   -0.34568   -0.07607    0.52008   -0.64119   -0.73913   -0.55344    0.23404    0.99667   20.30000
  -0.59106   -0.99953   -1.00000   -0.51540   -1.00000   -0.65432    0.09600    0.56540   -0.30208   -0.91304   -0.79008    0.10638    1.00000   21.60000
  -0.66887   -0.99757   -0.60000   -0.52346   -1.00000   -0.67490    0.14083    0.14933   -0.49297   -0.82609   -0.86260    0.27660    0.99022   24.40000
  -0.82119   -0.99869    0.40000   -0.86950   -1.00000   -0.93827    0.06687   -0.64573    0.21820   -0.65217   -0.34733   -0.53191    0.85546   22.50000
  -0.75607   -0.99332   -1.00000   -0.49267   -1.00000   -0.55556    0.05422   -0.46447   -0.22045   -0.65217   -0.61832    0.48936    1.00000   23.00000
   0.78201   -0.69266   -1.00000    0.29326   -1.00000    0.46091   -0.09025    0.75077   -0.87433    1.00000    0.82824    0.61702   -0.65389    8.40000
  -0.05795   -0.99499   -1.00000   -0.52713   -1.00000   -0.74074   -0.05384    0.70134   -0.17071   -0.82609   -0.82443    0.12766    0.97902   16.60000
   0.32174   -0.73988   -1.00000    0.29326   -1.00000    0.29630   -0.43476    0.93821   -0.88353    1.00000    0.82824    0.61702    1.00000    9.70000
  -0.57064   -0.99918    0.05000   -0.64370   -1.00000   -0.91770    0.15118   -0.58805    0.12534   -0.56522   -0.59542   -0.14894    0.87301   24.80000
  -0.86700   -0.99305   -1.00000   -0.57918   -1.00000   -0.51029    0.80303    0.55304   -0.67904   -0.39130   -0.54199    0.02128    0.94024   44.80000
  -0.93157   -0.99983    0.60000   -1.00000   -1.00000   -0.84774    0.65319   -0.40062   -0.17817   -0.73913   -0.74046   -0.61702    0.98654   50.00000
  -0.55022   -0.99657   -1.00000   -0.24120   -1.00000   -0.88477   -0.08028   -0.69928   -0.24384   -0.73913   -0.54962    0.40426    0.89934   21.70000
  -0.73179   -0.99650   -0.60000   -0.52346   -1.00000   -0.67490    0.02663   -0.72400   -0.39994   -0.82609   -0.86260    0.27660    1.00000   25.20000
  -0.06015   -0.88116   -1.00000    0.29326   -1.00000    0.29630   -0.04579    0.63955   -0.81118    1.00000    0.82824    0.61702    0.90660   23.20000
  -0.53035   -0.99916    0.60000   -0.78666   -1.00000   -0.94650   -0.14696   -0.41916   -0.00301   -0.73913   -0.42748   -0.25532    1.00000   19.40000
  -0.75276   -0.99950   -0.44000    0.06892   -1.00000   -0.67490    0.01552   -0.46447   -0.53873   -0.73913   -0.68321    0.19149    0.99713   25.00000
  -0.29415   -0.15352   -1.00000    0.29326   -1.00000    0.20988    0.01207    0.56128   -0.86664    1.00000    0.82824    0.61702   -0.90670   10.90000
   0.55850   -0.77722   -1.00000    0.29326   -1.00000    0.26749   -0.12205    0.54274   -0.93256    1.00000    0.82824    0.61702    0.70377    6.30000
  -0.93709   -0.99819   -0.10000   -0.78153   -1.00000   -0.78601    0.38609   -0.51802   -0.02696   -0.65217   -0.19466   -0.44681    0.96767   36.40000
  -0.77042   -0.99949   -0.20000   -0.94208   -1.00000   -0.81893    0.29450   -0.34913    0.39358   -1.00000   -0.43511    0.51064    0.96445   26.60000
  -0.73510   -0.99885   -1.00000   -0.70454   -1.00000   -0.73663    0.17609    0.09578   -0.39836   -0.82609   -0.77099    0.25532    0.97680   26.60000
  -0.11700   -0.87783   -1.00000    0.29326   -1.00000    0.34979    0.18567    0.96293   -0.77710    1.00000    0.82824    0.61702    0.79016   15.20000
  -0.58499   -0.99934    0.60000   -0.76686   -1.00000   -0.97119   -0.11286   -0.66632    0.47145   -1.00000   -0.51145   -0.19149    0.99133   20.90000
  -0.57119   -0.99730   -0.50000   -0.65763   -1.00000   -0.72016    0.22667   -0.16581    0.24604   -0.39130   -0.62977    0.51064    0.99334   25.00000
  -0.69868   -0.99835   -0.20000   -0.56378   -1.00000   -0.74486    0.11937   -0.39856   -0.45245   -0.73913   -0.74428    0.06383    1.00000   29.10000
   0.38190   -0.43712   -1.00000    0.29326   -1.00000    0.26749   -0.07032    1.00000   -0.91649    1.00000    0.82824    0.61702    1.00000    5.60000
  -0.53477   -0.99787   -1.00000   -0.29985   -1.00000   -0.33333    0.20866    0.62101   -0.71848   -0.56522   -0.06489    0.10638    0.99339   22.80000
  -0.92108   -0.98799   -0.60000   -0.74267   -1.00000   -0.21811    0.49799    0.02369   -0.68311   -0.65217   -0.70611   -0.91489    0.96671   43.50000
   0.15949   -0.73461   -1.00000    0.29326   -1.00000    0.37037    0.25043    0.51596   -0.87917    1.00000    0.82824    0.61702   -0.75728    8.40000
  -0.30298   -0.91992   -1.00000    0.29326   -1.00000   -0.19753    0.10213    0.48507   -0.67866    1.00000    0.82824    0.61702    0.98220   23.20000
