   0.17500   -5.00000    0.56500    4.77000    3.99000    3.15000    0.40000
   0.35000   -5.00000    0.56500    4.77000    3.99000    3.15000    7.87000
   0.40000   -2.40000    0.57400    4.36000    3.96000    2.76000   21.51000
   0.20000   -2.30000    0.53000    4.76000    3.68000    3.16000    0.76000
   0.40000   -2.30000    0.60000    4.34000    4.23000    2.73000   19.59000
   0.32500   -5.00000    0.56500    4.77000    3.99000    3.15000    5.41000
   0.35000   -2.30000    0.56400    5.10000    3.95000    3.53000    8.03000
   0.25000   -2.30000    0.56200    5.14000    4.95000    3.17000    2.23000
   0.15000   -2.30000    0.56400    5.10000    3.95000    3.53000    0.35000
   0.25000   -2.20000    0.54600    4.78000    4.13000    3.07000    1.76000
   0.32500   -2.40000    0.58500    4.78000    3.84000    3.32000    5.79000
   0.45000    0.00000    0.56500    4.77000    3.99000    3.15000   55.44000
   0.12500   -2.30000    0.60000    5.10000    4.17000    3.51000    0.01000
   0.37500    0.00000    0.56500    5.10000    3.94000    3.51000   14.24000
   0.25000   -5.00000    0.60000    4.78000    4.24000    3.15000    1.85000
   0.25000   -5.00000    0.56500    5.10000    3.94000    3.51000    1.76000
   0.15000    0.00000    0.60000    4.78000    4.24000    3.15000    0.18000
   0.15000   -5.00000    0.60000    4.78000    4.24000    3.15000    0.15000
   0.27500   -2.30000    0.53000    5.11000    3.69000    3.51000    2.17000
   0.27500   -2.40000    0.56800    4.34000    2.98000    3.15000    2.46000
   0.15000   -2.30000    0.56900    4.78000    3.04000    3.64000    0.17000
   0.20000    0.00000    0.60000    4.78000    4.24000    3.15000    0.73000
   0.20000   -5.00000    0.56500    4.77000    3.99000    3.15000    0.70000
   0.37500   -2.30000    0.56800    4.78000    3.99000    3.17000   11.93000
   0.12500    0.00000    0.56500    5.10000    3.94000    3.51000    0.08000
   0.30000   -2.30000    0.53000    5.11000    3.69000    3.51000    2.98000
   0.32500   -2.30000    0.53000    4.34000    2.81000    3.15000    3.87000
   0.30000   -2.40000    0.56800    4.34000    2.98000    3.15000    3.43000
   0.42500   -2.30000    0.60000    5.10000    4.17000    3.51000   31.77000
   0.25000   -2.30000    0.56400    5.10000    3.95000    3.53000    1.97000
   0.32500    0.00000    0.56500    4.77000    3.99000    3.15000    5.96000
   0.12500   -2.40000    0.58500    4.78000    3.84000    3.32000    0.20000
   0.35000   -5.00000    0.60000    4.78000    4.24000    3.15000    8.62000
   0.40000   -2.30000    0.56900    4.78000    3.04000    3.64000   21.09000
   0.32500   -5.00000    0.56500    5.10000    3.94000    3.51000    5.27000
   0.37500   -2.40000    0.57400    4.36000    3.96000    2.76000   12.86000
   0.27500    0.00000    0.60000    4.78000    4.24000    3.15000    3.35000
   0.25000   -2.40000    0.56800    4.34000    2.98000    3.15000    1.67000
   0.27500   -2.30000    0.56400    5.10000    3.95000    3.53000    2.83000
   0.17500   -5.00000    0.60000    4.78000    4.24000    3.15000    0.34000
   0.40000   -5.00000    0.60000    4.78000    4.24000    3.15000   20.41000
   0.37500   -5.00000    0.56500    5.10000    3.94000    3.51000   12.40000
   0.22500   -2.30000    0.56800    4.78000    3.99000    3.17000    1.18000
   0.20000   -2.30000    0.60000    4.34000    4.23000    2.73000    0.64000
   0.12500   -5.00000    0.53000    4.78000    3.75000    3.15000    0.09000
   0.45000   -2.40000    0.57400    4.36000    3.96000    2.76000   50.36000
   0.25000    0.00000    0.56500    4.77000    3.99000    3.15000    1.96000
   0.42500   -2.30000    0.60000    4.34000    4.23000    2.73000   30.48000
   0.30000   -5.00000    0.56500    5.10000    3.94000    3.51000    3.85000
   0.20000   -2.30000    0.56200    5.14000    4.95000    3.17000    1.07000
   0.32500    0.00000    0.56500    5.10000    3.94000    3.51000    5.57000
   0.12500   -5.00000    0.56500    5.10000    3.94000    3.51000    0.08000
   0.20000    0.00000    0.53000    4.78000    3.75000    3.15000    0.92000
   0.22500   -2.30000    0.53000    4.34000    2.81000    3.15000    1.01000
   0.42500   -2.40000    0.57400    4.36000    3.96000    2.76000   33.97000
   0.35000   -2.30000    0.53000    4.34000    2.81000    3.15000    7.19000
   0.22500   -2.30000    0.56200    5.14000    4.95000    3.17000    1.57000
   0.17500   -2.20000    0.54600    4.78000    4.13000    3.07000    0.55000
   0.15000   -2.40000    0.57400    4.36000    3.96000    2.76000    0.35000
   0.42500   -2.30000    0.56900    4.78000    3.04000    3.64000   35.01000
   0.17500   -2.30000    0.56800    4.78000    3.99000    3.17000    0.47000
   0.37500   -2.40000    0.58500    4.78000    3.84000    3.32000   12.15000
   0.45000   -2.30000    0.56900    4.78000    3.04000    3.64000   51.80000
   0.17500   -2.30000    0.53000    5.11000    3.69000    3.51000    0.46000
   0.12500   -2.30000    0.60000    4.34000    4.23000    2.73000    0.04000
   0.12500   -2.30000    0.53000    4.34000    2.81000    3.15000    0.05000
   0.35000   -2.30000    0.53000    5.11000    3.69000    3.51000    7.84000
   0.35000   -2.30000    0.56900    4.78000    3.04000    3.64000    7.11000
   0.20000   -2.30000    0.53000    5.11000    3.69000    3.51000    0.75000
   0.32500   -2.20000    0.54600    4.78000    4.13000    3.07000    4.83000
   0.27500   -5.00000    0.60000    4.78000    4.24000    3.15000    2.84000
   0.42500   -2.30000    0.56800    4.78000    3.99000    3.17000   32.75000
   0.27500   -2.30000    0.56200    5.14000    4.95000    3.17000    3.09000
   0.32500   -2.40000    0.56800    4.34000    2.98000    3.15000    4.62000
   0.17500   -2.40000    0.56800    4.34000    2.98000    3.15000    0.43000
   0.30000   -2.20000    0.54600    4.78000    4.13000    3.07000    3.45000
   0.17500    0.00000    0.56500    4.77000    3.99000    3.15000    0.49000
   0.42500   -2.30000    0.53000    4.76000    3.68000    3.16000   37.38000
   0.17500   -2.30000    0.56900    4.78000    3.04000    3.64000    0.37000
   0.17500   -2.30000    0.53000    4.34000    2.81000    3.15000    0.35000
   0.27500   -2.30000    0.53000    4.76000    3.68000    3.16000    2.28000
   0.15000   -5.00000    0.56500    5.10000    3.94000    3.51000    0.24000
   0.45000   -2.30000    0.56200    5.14000    4.95000    3.17000   47.29000
   0.25000   -2.30000    0.56800    4.78000    3.99000    3.17000    1.82000
   0.27500    0.00000    0.53000    4.78000    3.75000    3.15000    2.62000
   0.15000    0.00000    0.56500    4.77000    3.99000    3.15000    0.24000
   0.22500    0.00000    0.56500    5.10000    3.94000    3.51000    1.28000
   0.30000    0.00000    0.56500    5.10000    3.94000    3.51000    3.76000
   0.35000   -2.30000    0.56200    5.14000    4.95000    3.17000    8.28000
   0.20000   -5.00000    0.56500    5.10000    3.94000    3.51000    0.77000
   0.17500   -2.40000    0.57400    4.36000    3.96000    2.76000    0.65000
   0.37500    0.00000    0.53000    4.78000    3.75000    3.15000   16.31000
   0.15000   -2.30000    0.53000    4.76000    3.68000    3.16000    0.23000
   0.32500   -2.30000    0.56500    4.78000    5.35000    2.76000    5.54000
   0.37500   -2.20000    0.54600    4.78000    4.13000    3.07000   12.76000
   0.22500   -5.00000    0.56500    5.10000    3.94000    3.51000    1.19000
   0.27500   -2.40000    0.58500    4.78000    3.84000    3.32000    2.91000
   0.17500    0.00000    0.60000    4.78000    4.24000    3.15000    0.40000
   0.20000   -2.40000    0.58500    4.78000    3.84000    3.32000    0.97000
   0.37500   -2.30000    0.60000    5.10000    4.17000    3.51000   12.39000
   0.30000   -2.40000    0.58500    4.78000    3.84000    3.32000    4.35000
   0.12500   -2.30000    0.53000    5.11000    3.69000    3.51000    0.08000
   0.15000   -2.30000    0.56500    4.78000    5.35000    2.76000    0.29000
   0.17500    0.00000    0.53000    4.78000    3.75000    3.15000    0.59000
   0.42500   -5.00000    0.53000    4.78000    3.75000    3.15000   37.14000
   0.37500   -2.30000    0.53000    5.11000    3.69000    3.51000   14.11000
   0.45000   -5.00000    0.56500    5.10000    3.94000    3.51000   49.14000
   0.27500   -2.30000    0.60000    5.10000    4.17000    3.51000    3.04000
   0.35000    0.00000    0.56500    5.10000    3.94000    3.51000    8.76000
   0.45000   -5.00000    0.60000    4.78000    4.24000    3.15000   50.94000
   0.35000   -2.40000    0.56800    4.34000    2.98000    3.15000    6.86000
   0.12500    0.00000    0.53000    4.78000    3.75000    3.15000    0.16000
   0.40000   -2.20000    0.54600    4.78000    4.13000    3.07000   21.99000
   0.22500   -2.20000    0.54600    4.78000    4.13000    3.07000    1.24000
   0.25000   -2.40000    0.57400    4.36000    3.96000    2.76000    1.97000
   0.27500    0.00000    0.56500    4.77000    3.99000    3.15000    2.88000
   0.20000   -2.30000    0.56500    4.78000    5.35000    2.76000    0.86000
   0.30000    0.00000    0.56500    4.77000    3.99000    3.15000    4.14000
   0.30000   -2.30000    0.60000    5.10000    4.17000    3.51000    4.46000
   0.40000   -2.30000    0.56500    4.78000    5.35000    2.76000   21.40000
   0.17500   -2.30000    0.56400    5.10000    3.95000    3.53000    0.65000
   0.37500   -2.30000    0.56400    5.10000    3.95000    3.53000   12.86000
   0.40000   -2.40000    0.56800    4.34000    2.98000    3.15000   20.63000
   0.42500   -5.00000    0.56500    4.77000    3.99000    3.15000   34.58000
   0.27500    0.00000    0.56500    5.10000    3.94000    3.51000    2.68000
   0.35000   -5.00000    0.56500    5.10000    3.94000    3.51000    7.74000
   0.35000   -2.30000    0.53000    4.76000    3.68000    3.16000    7.51000
   0.32500   -2.30000    0.56200    5.14000    4.95000    3.17000    5.82000
   0.32500   -2.30000    0.60000    5.10000    4.17000    3.51000    6.31000
   0.15000   -2.30000    0.53000    4.34000    2.81000    3.15000    0.17000
   0.35000   -2.30000    0.56800    4.78000    3.99000    3.17000    7.16000
   0.35000    0.00000    0.56500    4.77000    3.99000    3.15000    9.07000
   0.12500   -2.30000    0.56500    4.78000    5.35000    2.76000    0.09000
   0.42500    0.00000    0.53000    4.78000    3.75000    3.15000   41.77000
   0.37500   -2.40000    0.56800    4.34000    2.98000    3.15000   11.56000
   0.22500   -2.30000    0.53000    5.11000    3.69000    3.51000    1.11000
   0.22500   -5.00000    0.56500    4.77000    3.99000    3.15000    1.14000
   0.35000   -2.30000    0.60000    4.34000    4.23000    2.73000    8.47000
   0.42500   -5.00000    0.56500    5.10000    3.94000    3.51000   33.23000
   0.20000   -2.20000    0.54600    4.78000    4.13000    3.07000    0.86000
   0.37500   -2.30000    0.60000    4.34000    4.23000    2.73000   12.27000
   0.25000   -2.30000    0.53000    4.34000    2.81000    3.15000    1.43000
   0.22500   -2.30000    0.56900    4.78000    3.04000    3.64000    1.06000
   0.40000   -2.30000    0.56800    4.78000    3.99000    3.17000   20.11000
   0.12500   -2.30000    0.56400    5.10000    3.95000    3.53000    0.20000
   0.42500    0.00000    0.56500    5.10000    3.94000    3.51000   35.46000
   0.45000   -2.40000    0.58500    4.78000    3.84000    3.32000   44.38000
   0.32500   -5.00000    0.60000    4.78000    4.24000    3.15000    6.20000
   0.35000   -5.00000    0.53000    4.78000    3.75000    3.15000    7.95000
   0.40000   -5.00000    0.56500    4.77000    3.99000    3.15000   21.02000
