   0.00000 136393.00000    1.00000   10.00000    6.00000    8.00000    0.00000    0.00000    1.00000    0.00000   12.00000
   0.00000 138895.00000    3.00000   12.00000    3.00000    3.00000    0.00000    0.00000    1.00000    0.00000  204.00000
   0.00000 106928.00000    2.00000    4.00000    5.00000    3.00000    0.00000    0.00000    1.00000    0.00000  173.00000
   0.00000 96749.00000    3.00000    3.00000    2.00000    9.00000    0.00000    0.00000    1.00000    0.00000   73.00000
   0.00000 107907.00000    1.00000    4.00000    2.00000    6.00000    0.00000    1.00000    0.00000    0.00000  420.00000
   0.00000 117764.00000    3.00000    5.00000    4.00000    4.00000    0.00000    0.00000    1.00000    0.00000  254.00000
   0.00000 129600.00000    3.00000    7.00000    5.00000    3.00000    0.00000    0.00000    1.00000    0.00000  823.00000
   0.00000 138329.00000    1.00000   11.00000    7.00000    9.00000    0.00000    0.00000    1.00000    0.00000  242.00000
   0.00000 136393.00000    1.00000   10.00000    7.00000    6.00000    0.00000    0.00000    1.00000    0.00000    7.00000
   0.00000 102112.00000    1.00000    3.00000    1.00000   18.00000    0.00000    0.00000    1.00000    0.00000  120.00000
   0.00000 137177.00000    1.00000   11.00000    4.00000    9.00000    1.00000    0.00000    1.00000    0.00000  158.00000
   0.00000 115368.00000    3.00000    4.00000    3.00000    8.00000    0.00000    0.00000    1.00000    0.00000  157.00000
   0.00000 131300.00000    3.00000    7.00000    7.00000    4.00000    0.00000    0.00000    1.00000    0.00000  294.00000
   0.00000 125612.00000    1.00000    6.00000    2.00000    2.00000    0.00000    0.00000    1.00000    0.00000   66.00000
   0.00000 137059.00000    2.00000   11.00000    7.00000    4.00000    0.00000    0.00000    1.00000    0.00000  148.00000
   1.00000 126424.00000    1.00000    6.00000    2.00000   13.00000    0.00000    0.00000    0.00000    0.00000  271.00000
   0.00000 137177.00000    1.00000   11.00000    3.00000    3.00000    0.00000    0.00000    1.00000    0.00000   39.00000
   0.00000 138353.00000    1.00000   12.00000    5.00000   10.00000    0.00000    0.00000    1.00000    0.00000   36.00000
   0.00000 130791.00000    2.00000    7.00000    3.00000    5.00000    1.00000    0.00000    1.00000    0.00000 6334.00000
   0.00000 119198.00000    3.00000    5.00000    5.00000   10.00000    1.00000    0.00000    1.00000    0.00000  313.00000
   0.00000 117764.00000    1.00000    5.00000    4.00000   10.00000    0.00000    0.00000    1.00000    0.00000  390.00000
   0.00000 107907.00000    3.00000    4.00000    7.00000    3.00000    0.00000    0.00000    1.00000    0.00000  124.00000
   0.00000 135195.00000    1.00000    9.00000    5.00000   11.00000    0.00000    0.00000    1.00000    0.00000  276.00000
   0.00000 100732.00000    1.00000    3.00000    7.00000   18.00000    0.00000    0.00000    1.00000    0.00000    7.00000
   0.00000 139441.00000    2.00000   12.00000    5.00000   10.00000    0.00000    0.00000    1.00000    0.00000  106.00000
   0.00000 130791.00000    2.00000    7.00000    4.00000    6.00000    0.00000    0.00000    0.00000    1.00000  572.00000
   0.00000 138185.00000    1.00000   11.00000    3.00000    2.00000    1.00000    0.00000    1.00000    0.00000  162.00000
   0.00000 132817.00000    3.00000    8.00000    2.00000    3.00000    0.00000    0.00000    1.00000    0.00000  132.00000
   0.00000 131956.00000    1.00000    8.00000    2.00000    7.00000    0.00000    0.00000    1.00000    0.00000  100.00000
   0.00000 124940.00000    1.00000    6.00000    4.00000   12.00000    0.00000    0.00000    1.00000    0.00000  155.00000
   0.00000 138329.00000    1.00000   11.00000    1.00000    3.00000    1.00000    0.00000    1.00000    0.00000  337.00000
   0.00000 102112.00000    1.00000    3.00000    3.00000    4.00000    0.00000    0.00000    1.00000    0.00000   53.00000
   0.00000 126141.00000    1.00000    6.00000    5.00000   11.00000    1.00000    0.00000    1.00000    0.00000   18.00000
   0.00000 100732.00000    1.00000    3.00000    6.00000   15.00000    0.00000    0.00000    1.00000    0.00000  110.00000
   0.00000 134879.00000    3.00000    9.00000    3.00000    2.00000    1.00000    0.00000    1.00000    0.00000  271.00000
   0.00000 138185.00000    1.00000   11.00000    7.00000    3.00000    1.00000    0.00000    1.00000    0.00000  787.00000
   0.00000 138414.00000    2.00000   12.00000    3.00000   10.00000    0.00000    0.00000    0.00000    1.00000  108.00000
   0.00000 119198.00000    2.00000    5.00000    1.00000    2.00000    0.00000    0.00000    0.00000    1.00000   67.00000
   0.00000 131630.00000    2.00000    7.00000    3.00000   13.00000    0.00000    0.00000    1.00000    0.00000  130.00000
   0.00000 138414.00000    3.00000   12.00000    3.00000    3.00000    0.00000    0.00000    1.00000    0.00000   54.00000
   0.00000 117764.00000    3.00000    5.00000    3.00000   11.00000    0.00000    0.00000    1.00000    0.00000  114.00000
   0.00000 85093.00000    3.00000    1.00000    7.00000    2.00000    0.00000    0.00000    1.00000    0.00000   84.00000
   0.00000 138895.00000    2.00000   12.00000    4.00000    2.00000    0.00000    0.00000    1.00000    0.00000  162.00000
   0.00000 136013.00000    1.00000   10.00000    2.00000    3.00000    1.00000    0.00000    1.00000    0.00000   53.00000
   0.00000 130791.00000    3.00000    7.00000    5.00000    3.00000    0.00000    0.00000    1.00000    0.00000  624.00000
   0.00000 126141.00000    1.00000    6.00000    4.00000   22.00000    1.00000    0.00000    1.00000    0.00000  125.00000
   0.00000 138458.00000    2.00000   12.00000    6.00000    3.00000    0.00000    0.00000    0.00000    1.00000  106.00000
   0.00000 136642.00000    1.00000   10.00000    7.00000   12.00000    0.00000    0.00000    1.00000    0.00000  458.00000
   0.00000 92614.00000    2.00000    2.00000    2.00000    3.00000    1.00000    0.00000    1.00000    0.00000  163.00000
   0.00000 125612.00000    1.00000    6.00000    4.00000    7.00000    0.00000    0.00000    1.00000    0.00000   25.00000
   0.00000 92400.00000    1.00000    2.00000    1.00000    4.00000    0.00000    0.00000    1.00000    0.00000   95.00000
   0.00000 109670.00000    3.00000    4.00000    2.00000    2.00000    1.00000    0.00000    1.00000    0.00000   62.00000
   0.00000 135713.00000    1.00000   10.00000    6.00000    4.00000    0.00000    0.00000    1.00000    0.00000  367.00000
   0.00000 100732.00000    1.00000    3.00000    7.00000   15.00000    0.00000    0.00000    1.00000    0.00000    3.00000
   0.00000 96749.00000    1.00000    3.00000    7.00000    5.00000    1.00000    0.00000    1.00000    0.00000   67.00000
   0.00000 124940.00000    1.00000    6.00000    6.00000   12.00000    1.00000    0.00000    1.00000    0.00000   28.00000
   0.00000 137059.00000    1.00000   11.00000    2.00000    3.00000    0.00000    0.00000    1.00000    0.00000  421.00000
   0.00000 126345.00000    2.00000    6.00000    7.00000   11.00000    0.00000    0.00000    0.00000    1.00000  117.00000
   0.00000 117764.00000    3.00000    5.00000    7.00000   13.00000    1.00000    0.00000    1.00000    0.00000  179.00000
   0.00000 133679.00000    2.00000    8.00000    1.00000    4.00000    0.00000    0.00000    1.00000    0.00000   70.00000
   0.00000 133679.00000    3.00000    8.00000    1.00000   10.00000    0.00000    0.00000    1.00000    0.00000  818.00000
   0.00000 136393.00000    1.00000   10.00000    6.00000   12.00000    0.00000    0.00000    1.00000    0.00000    3.00000
   0.00000 92293.00000    3.00000    2.00000    7.00000   13.00000    1.00000    0.00000    1.00000    0.00000  311.00000
   0.00000 116435.00000    3.00000    5.00000    1.00000   13.00000    0.00000    0.00000    1.00000    0.00000  167.00000
   0.00000 135195.00000    2.00000    9.00000    7.00000    3.00000    0.00000    0.00000    1.00000    0.00000  243.00000
   0.00000 124940.00000    1.00000    6.00000    5.00000   13.00000    1.00000    0.00000    1.00000    0.00000  234.00000
   0.00000 107907.00000    3.00000    4.00000    6.00000    3.00000    1.00000    0.00000    1.00000    0.00000  115.00000
   0.00000 124940.00000    2.00000    6.00000    6.00000    9.00000    0.00000    0.00000    1.00000    0.00000  285.00000
   0.00000 123047.00000    3.00000    6.00000    4.00000   13.00000    0.00000    0.00000    1.00000    0.00000  226.00000
   0.00000 116435.00000    1.00000    5.00000    2.00000    8.00000    0.00000    0.00000    1.00000    0.00000  188.00000
   0.00000 86491.00000    1.00000    1.00000    2.00000    2.00000    0.00000    1.00000    0.00000    0.00000   14.00000
   0.00000 127082.00000    1.00000    7.00000    3.00000    3.00000    1.00000    0.00000    1.00000    0.00000  587.00000
   0.00000 81370.00000    2.00000    1.00000    4.00000    4.00000        nan    0.00000    1.00000    0.00000  119.00000
   0.00000 113028.00000    1.00000    4.00000    5.00000    5.00000    0.00000    0.00000    1.00000    0.00000  121.00000
   0.00000 137177.00000    3.00000   11.00000    5.00000   10.00000    1.00000    0.00000    1.00000    0.00000  122.00000
   0.00000 131956.00000    2.00000    8.00000    2.00000   12.00000    0.00000    0.00000    0.00000    1.00000   57.00000
   0.00000 130791.00000    1.00000    7.00000    4.00000   11.00000    0.00000    0.00000    1.00000    0.00000  144.00000
   0.00000 138353.00000    1.00000   12.00000    5.00000    3.00000    1.00000    1.00000    0.00000    0.00000   46.00000
   0.00000 104070.00000    1.00000    3.00000    4.00000   14.00000    1.00000    0.00000    1.00000    0.00000  208.00000
   0.00000 124940.00000    3.00000    6.00000    7.00000   10.00000    0.00000    0.00000    1.00000    0.00000   73.00000
   0.00000 138895.00000    1.00000   12.00000    6.00000    3.00000    1.00000    1.00000    0.00000    0.00000  211.00000
   0.00000 128032.00000    2.00000    7.00000    4.00000    5.00000    1.00000    0.00000    1.00000    0.00000  730.00000
   0.00000 100732.00000    1.00000    3.00000    7.00000   14.00000    0.00000    1.00000    0.00000    0.00000    6.00000
   0.00000 131630.00000    3.00000    7.00000    2.00000   13.00000    0.00000    0.00000    1.00000    0.00000  114.00000
   0.00000 137893.00000    1.00000   11.00000    6.00000    3.00000    0.00000    0.00000    1.00000    0.00000  119.00000
   0.00000 137177.00000    2.00000   11.00000    7.00000    3.00000    0.00000    0.00000    0.00000    1.00000  101.00000
   0.00000 123047.00000    3.00000    6.00000    5.00000   12.00000    0.00000    0.00000    1.00000    0.00000   75.00000
   0.00000 136013.00000    2.00000   10.00000    5.00000    3.00000    0.00000    0.00000    0.00000    1.00000  154.00000
   0.00000 126424.00000    2.00000    7.00000    4.00000    3.00000    0.00000    0.00000    1.00000    0.00000   71.00000
   0.00000 86491.00000    3.00000    1.00000    2.00000    7.00000    0.00000    0.00000    1.00000    0.00000  108.00000
   0.00000 100732.00000    1.00000    3.00000    7.00000   12.00000    0.00000    0.00000    1.00000    0.00000    4.00000
   0.00000 98195.00000    3.00000    3.00000    4.00000   13.00000    0.00000    0.00000    1.00000    0.00000  771.00000
   0.00000 100732.00000    1.00000    3.00000    6.00000   13.00000    1.00000    0.00000    1.00000    0.00000  143.00000
   0.00000 86909.00000    3.00000    1.00000    6.00000   16.00000    1.00000    0.00000    1.00000    0.00000   84.00000
   0.00000 137020.00000    3.00000   10.00000    3.00000   10.00000    0.00000    0.00000    1.00000    0.00000   79.00000
   0.00000 123047.00000    3.00000    6.00000    2.00000    5.00000    1.00000    0.00000    1.00000    0.00000   83.00000
   0.00000 133451.00000    1.00000    8.00000    4.00000    9.00000    1.00000    0.00000    1.00000    0.00000   32.00000
   0.00000 136393.00000    1.00000   10.00000    7.00000    5.00000    0.00000    0.00000    1.00000    0.00000    9.00000
   0.00000 107907.00000    1.00000    4.00000    5.00000    9.00000    0.00000    0.00000    1.00000    0.00000   97.00000
   0.00000 136642.00000    1.00000   10.00000    7.00000   10.00000    0.00000    0.00000    1.00000    0.00000    9.00000
   0.00000 126345.00000    1.00000    6.00000    2.00000    3.00000    0.00000    0.00000    1.00000    0.00000  194.00000
   0.00000 131956.00000    3.00000    8.00000    1.00000   12.00000    0.00000    0.00000    1.00000    0.00000  271.00000
   0.00000 137059.00000    2.00000   11.00000    1.00000    9.00000    0.00000    0.00000    1.00000    0.00000   91.00000
   0.00000 138185.00000    1.00000   11.00000    2.00000   10.00000    1.00000    0.00000    1.00000    0.00000  202.00000
   0.00000 124940.00000    3.00000    6.00000    4.00000    2.00000    0.00000    0.00000    1.00000    0.00000  238.00000
   0.00000 124940.00000    3.00000    6.00000    2.00000    3.00000    0.00000    0.00000    1.00000    0.00000  135.00000
   0.00000 133679.00000    3.00000    9.00000    2.00000    3.00000    1.00000    0.00000    1.00000    0.00000  119.00000
   0.00000 124940.00000    3.00000    6.00000    7.00000    3.00000    1.00000    0.00000    1.00000    0.00000   82.00000
   0.00000 135700.00000    2.00000    9.00000    2.00000   11.00000    0.00000    0.00000    1.00000    0.00000  163.00000
   0.00000 136736.00000    3.00000   10.00000    7.00000    9.00000    0.00000    0.00000    1.00000    0.00000  148.00000
   0.00000 115368.00000    1.00000    4.00000    1.00000    2.00000    0.00000    0.00000    1.00000    0.00000   54.00000
   0.00000 116091.00000    3.00000    5.00000    6.00000    3.00000    0.00000    0.00000    1.00000    0.00000  105.00000
   0.00000 119198.00000    2.00000    5.00000    7.00000    2.00000    0.00000    0.00000    1.00000    0.00000  180.00000
   0.00000 139441.00000    2.00000   12.00000    5.00000   10.00000    0.00000    0.00000    0.00000    1.00000  252.00000
   0.00000 120050.00000    3.00000    5.00000    5.00000    9.00000    1.00000    0.00000    1.00000    0.00000  122.00000
   0.00000 135617.00000    2.00000    9.00000    7.00000    3.00000    0.00000    0.00000    1.00000    0.00000  282.00000
   0.00000 137893.00000    3.00000   11.00000    4.00000   11.00000    0.00000    0.00000    0.00000    1.00000  273.00000
   1.00000 137893.00000    1.00000   11.00000    3.00000   11.00000    0.00000    0.00000    0.00000    0.00000  114.00000
   0.00000 125612.00000    2.00000    6.00000    3.00000    3.00000    0.00000    0.00000    1.00000    0.00000   95.00000
   0.00000 139441.00000    3.00000   12.00000    6.00000   10.00000    0.00000    0.00000    1.00000    0.00000  142.00000
   0.00000 124940.00000    3.00000    6.00000    5.00000    3.00000    1.00000    0.00000    1.00000    0.00000  363.00000
   0.00000 135617.00000    2.00000    9.00000    1.00000    3.00000    1.00000    0.00000    1.00000    0.00000   98.00000
   0.00000 96749.00000    1.00000    3.00000    7.00000   10.00000    1.00000    0.00000    1.00000    0.00000  118.00000
   0.00000 136013.00000    1.00000   10.00000    1.00000   10.00000    1.00000    0.00000    1.00000    0.00000   96.00000
   0.00000 106928.00000    3.00000    4.00000    6.00000    9.00000    1.00000    0.00000    1.00000    0.00000   67.00000
   0.00000 117764.00000    3.00000    5.00000    1.00000   13.00000    1.00000    0.00000    1.00000    0.00000  136.00000
   0.00000 106928.00000    2.00000    4.00000    5.00000   13.00000    0.00000    0.00000    1.00000    0.00000  168.00000
   0.00000 137020.00000    1.00000   10.00000    3.00000    4.00000    0.00000    0.00000    1.00000    0.00000   17.00000
   0.00000 138329.00000    1.00000   11.00000    6.00000   10.00000    0.00000    0.00000    1.00000    0.00000   83.00000
   0.00000 132201.00000    3.00000    8.00000    4.00000   11.00000    1.00000    0.00000    1.00000    0.00000   15.00000
   0.00000 137059.00000    1.00000   11.00000    2.00000   11.00000    1.00000    0.00000    1.00000    0.00000  126.00000
   0.00000 138353.00000    1.00000   12.00000    2.00000    2.00000    0.00000    1.00000    0.00000    0.00000   14.00000
   0.00000 135700.00000    2.00000    9.00000    1.00000   10.00000    0.00000    0.00000    1.00000    0.00000  252.00000
   0.00000 137020.00000    1.00000   10.00000    4.00000    9.00000    1.00000    0.00000    1.00000    0.00000    0.00000
   0.00000 136736.00000    2.00000   10.00000    7.00000    3.00000    0.00000    0.00000    0.00000    1.00000  271.00000
   0.00000 138414.00000    2.00000   12.00000    6.00000   10.00000    0.00000    0.00000    0.00000    1.00000  121.00000
   0.00000 134879.00000    2.00000    9.00000    7.00000   10.00000    0.00000    0.00000    1.00000    0.00000   67.00000
   0.00000 135195.00000    1.00000    9.00000    1.00000    4.00000    0.00000    0.00000    1.00000    0.00000  225.00000
   0.00000 116091.00000    2.00000    5.00000    1.00000    3.00000    0.00000    0.00000    1.00000    0.00000  309.00000
   0.00000 137059.00000    3.00000   11.00000    1.00000    3.00000    0.00000    0.00000    1.00000    0.00000  342.00000
   0.00000 109670.00000    3.00000    4.00000    6.00000    3.00000    0.00000    0.00000    1.00000    0.00000  122.00000
   0.00000 136393.00000    1.00000   10.00000    6.00000    2.00000    0.00000    0.00000    1.00000    0.00000   68.00000
   0.00000 128032.00000    1.00000    7.00000    5.00000    3.00000    0.00000    0.00000    1.00000    0.00000  195.00000
   0.00000 100732.00000    1.00000    3.00000    6.00000   15.00000    0.00000    0.00000    1.00000    0.00000   17.00000
   0.00000 124940.00000    2.00000    6.00000    3.00000   13.00000    0.00000    0.00000    1.00000    0.00000  188.00000
   0.00000 125612.00000    3.00000    6.00000    1.00000   14.00000    0.00000    0.00000    1.00000    0.00000  117.00000
   0.00000 93577.00000    1.00000    2.00000    6.00000    6.00000    0.00000    0.00000    1.00000    0.00000  172.00000
   0.00000 86909.00000    3.00000    1.00000    5.00000    4.00000    0.00000    0.00000    1.00000    0.00000  127.00000
   0.00000 123047.00000    3.00000    6.00000    1.00000    3.00000    1.00000    0.00000    1.00000    0.00000   65.00000
   0.00000 124940.00000    3.00000    6.00000    2.00000   13.00000    0.00000    0.00000    1.00000    0.00000  163.00000
   0.00000 107907.00000    3.00000    4.00000    7.00000   10.00000    0.00000    0.00000    1.00000    0.00000   90.00000
   0.00000 133594.00000    2.00000    8.00000    5.00000   13.00000    0.00000    0.00000    1.00000    0.00000   60.00000
   0.00000 85979.00000    3.00000    1.00000    6.00000    3.00000    1.00000    0.00000    1.00000    0.00000  152.00000
   0.00000 124940.00000    3.00000    6.00000    1.00000    3.00000    0.00000    0.00000    1.00000    0.00000   99.00000
   0.00000 135195.00000    2.00000    9.00000    5.00000    2.00000    0.00000    0.00000    1.00000    0.00000  299.00000
   0.00000 100732.00000    1.00000    3.00000    7.00000   15.00000    0.00000    0.00000    1.00000    0.00000    2.00000
   1.00000 138329.00000    1.00000   11.00000    6.00000    2.00000    1.00000    0.00000    0.00000    0.00000   81.00000
   0.00000 129600.00000    2.00000    7.00000    2.00000    7.00000    1.00000    0.00000    1.00000    0.00000  143.00000
   0.00000 117764.00000    3.00000    5.00000    6.00000   13.00000    0.00000    0.00000    1.00000    0.00000   72.00000
   0.00000 136736.00000    2.00000   10.00000    1.00000    4.00000    0.00000    0.00000    0.00000    1.00000  238.00000
   0.00000 104070.00000    1.00000    3.00000    3.00000   10.00000    0.00000    0.00000    1.00000    0.00000    0.00000
   0.00000 136393.00000    1.00000   10.00000    7.00000   10.00000    0.00000    0.00000    1.00000    0.00000    8.00000
   0.00000 116091.00000    3.00000    5.00000    7.00000    2.00000    0.00000    0.00000    1.00000    0.00000  335.00000
   0.00000 136393.00000    1.00000   10.00000    6.00000   11.00000    0.00000    0.00000    1.00000    0.00000   10.00000
   0.00000 134879.00000    2.00000    9.00000    1.00000    6.00000    0.00000    0.00000    1.00000    0.00000  263.00000
   0.00000 113028.00000    2.00000    4.00000    7.00000    3.00000    1.00000    0.00000    1.00000    0.00000  200.00000
   0.00000 138895.00000    3.00000   12.00000    1.00000    3.00000    0.00000    0.00000    1.00000    0.00000  113.00000
   0.00000 138185.00000    1.00000   11.00000    3.00000   11.00000    1.00000    0.00000    1.00000    0.00000  123.00000
   0.00000 125612.00000    2.00000    6.00000    4.00000    3.00000    0.00000    0.00000    1.00000    0.00000  172.00000
   0.00000 138895.00000    3.00000   12.00000    2.00000    9.00000    0.00000    0.00000    1.00000    0.00000  125.00000
   0.00000 102112.00000    1.00000    3.00000    3.00000   10.00000    0.00000    0.00000    1.00000    0.00000   39.00000
   0.00000 136736.00000    1.00000   10.00000    6.00000   10.00000    0.00000    0.00000    1.00000    0.00000   34.00000
   0.00000 109670.00000    1.00000    4.00000    5.00000   13.00000    0.00000    0.00000    1.00000    0.00000   69.00000
   0.00000 107907.00000    3.00000    4.00000    7.00000   13.00000    0.00000    0.00000    1.00000    0.00000  138.00000
   0.00000 136013.00000    3.00000   10.00000    3.00000   10.00000    0.00000    0.00000    0.00000    1.00000  265.00000
   0.00000 136642.00000    2.00000   10.00000    1.00000    3.00000    1.00000    0.00000    1.00000    0.00000   97.00000
   0.00000 102112.00000    1.00000    3.00000    1.00000   19.00000    0.00000    0.00000    1.00000    0.00000    2.00000
   0.00000 131956.00000    1.00000    8.00000    3.00000   10.00000    0.00000    0.00000    1.00000    0.00000  126.00000
   0.00000 136013.00000    3.00000   10.00000    2.00000   10.00000    1.00000    0.00000    1.00000    0.00000  447.00000
   0.00000 133594.00000    1.00000    8.00000    6.00000    8.00000    0.00000    0.00000    1.00000    0.00000   73.00000
   0.00000 129600.00000    1.00000    7.00000    3.00000   13.00000    1.00000    0.00000    1.00000    0.00000  118.00000
   0.00000 85979.00000    3.00000    1.00000    7.00000   10.00000    0.00000    0.00000    1.00000    0.00000  378.00000
   0.00000 131956.00000    2.00000    8.00000    1.00000    4.00000    0.00000    0.00000    1.00000    0.00000   96.00000
   0.00000 100732.00000    1.00000    3.00000    6.00000   10.00000    0.00000    0.00000    1.00000    0.00000  149.00000
   0.00000 137893.00000    1.00000   11.00000    4.00000    2.00000    1.00000    0.00000    1.00000    0.00000  233.00000
   0.00000 126141.00000    1.00000    6.00000    4.00000   12.00000    0.00000    0.00000    1.00000    0.00000  605.00000
   0.00000 91330.00000    3.00000    2.00000    3.00000    3.00000    0.00000    0.00000    1.00000    0.00000  224.00000
   0.00000 138414.00000    1.00000   12.00000    7.00000   10.00000    0.00000    1.00000    0.00000    0.00000   18.00000
   0.00000 135617.00000    2.00000    9.00000    6.00000    4.00000    0.00000    0.00000    0.00000    1.00000  288.00000
   0.00000 102112.00000    3.00000    3.00000    1.00000    3.00000    0.00000    1.00000    0.00000    0.00000   85.00000
   0.00000 139441.00000    2.00000   12.00000    2.00000    3.00000    0.00000    0.00000    1.00000    0.00000  393.00000
   0.00000 131630.00000    2.00000    7.00000    2.00000    6.00000    1.00000    0.00000    0.00000    1.00000   21.00000
   0.00000 116435.00000    1.00000    5.00000    4.00000    3.00000    1.00000    0.00000    0.00000    1.00000  255.00000
   0.00000 128032.00000    1.00000    7.00000    4.00000    9.00000    1.00000    0.00000    1.00000    0.00000   53.00000
   0.00000 104070.00000    1.00000    3.00000    4.00000    7.00000    0.00000    0.00000    1.00000    0.00000  249.00000
   0.00000 123047.00000    3.00000    6.00000    1.00000   10.00000    0.00000    0.00000    1.00000    0.00000 1439.00000
   0.00000 126424.00000    3.00000    7.00000    3.00000    4.00000    1.00000    0.00000    1.00000    0.00000   30.00000
   0.00000 136736.00000    2.00000   10.00000    6.00000    4.00000    0.00000    0.00000    1.00000    0.00000  139.00000
   0.00000 86909.00000    3.00000    1.00000    5.00000   13.00000    0.00000    0.00000    1.00000    0.00000  106.00000
   0.00000 126141.00000    2.00000    6.00000    6.00000    4.00000    0.00000    0.00000    0.00000    1.00000   94.00000
   0.00000 96749.00000    1.00000    3.00000    1.00000   13.00000    1.00000    0.00000    1.00000    0.00000   63.00000
   0.00000 116435.00000    2.00000    5.00000    2.00000   14.00000    0.00000    0.00000    1.00000    0.00000  118.00000
   0.00000 92935.00000    1.00000    2.00000    3.00000    9.00000    1.00000    0.00000    1.00000    0.00000   29.00000
   0.00000 137020.00000    2.00000   10.00000    5.00000    3.00000    1.00000    0.00000    0.00000    1.00000  378.00000
   0.00000 116091.00000    1.00000    5.00000    6.00000    9.00000    0.00000    0.00000    1.00000    0.00000   99.00000
   0.00000 129600.00000    3.00000    7.00000    6.00000    5.00000    0.00000    0.00000    1.00000    0.00000  274.00000
   0.00000 138185.00000    1.00000   11.00000    1.00000   10.00000    0.00000    0.00000    1.00000    0.00000   69.00000
   0.00000 138414.00000    3.00000   12.00000    1.00000   11.00000    0.00000    0.00000    1.00000    0.00000   42.00000
   0.00000 107907.00000    3.00000    4.00000    4.00000   13.00000    0.00000    0.00000    1.00000    0.00000  225.00000
   0.00000 134879.00000    2.00000    9.00000    4.00000    4.00000    1.00000    0.00000    0.00000    1.00000  199.00000
   0.00000 132201.00000    1.00000    8.00000    1.00000   12.00000    1.00000    0.00000    1.00000    0.00000   42.00000
   0.00000 96749.00000    1.00000    3.00000    1.00000    2.00000    1.00000    0.00000    1.00000    0.00000  228.00000
   0.00000 92186.00000    3.00000    2.00000    7.00000    2.00000    1.00000    0.00000    1.00000    0.00000  176.00000
   0.00000 131956.00000    2.00000    8.00000    3.00000    4.00000    0.00000    0.00000    1.00000    0.00000   28.00000
   0.00000 86491.00000    3.00000    1.00000    3.00000   10.00000    0.00000    0.00000    1.00000    0.00000  226.00000
   0.00000 135713.00000    2.00000   10.00000    5.00000   11.00000    0.00000    0.00000    1.00000    0.00000  200.00000
   0.00000 120050.00000    3.00000    5.00000    3.00000   12.00000    0.00000    0.00000    1.00000    0.00000  251.00000
   0.00000 129600.00000    3.00000    7.00000    2.00000   13.00000    0.00000    0.00000    1.00000    0.00000  202.00000
   0.00000 98195.00000    1.00000    3.00000    5.00000   10.00000    0.00000    0.00000    1.00000    0.00000   36.00000
   0.00000 91865.00000    2.00000    2.00000    5.00000   13.00000    1.00000    0.00000    1.00000    0.00000   71.00000
   0.00000 134879.00000    1.00000    9.00000    1.00000   10.00000    0.00000    0.00000    1.00000    0.00000   72.00000
   0.00000 138329.00000    1.00000   11.00000    7.00000    3.00000    0.00000    0.00000    1.00000    0.00000   87.00000
   0.00000 138895.00000    2.00000   12.00000    5.00000    3.00000    0.00000    0.00000    1.00000    0.00000  622.00000
   0.00000 86909.00000    2.00000    1.00000    4.00000   11.00000    0.00000    0.00000    1.00000    0.00000  515.00000
   1.00000 137893.00000    1.00000   11.00000    5.00000    3.00000    1.00000    0.00000    0.00000    0.00000  550.00000
   0.00000 139441.00000    3.00000   12.00000    7.00000    9.00000    1.00000    0.00000    1.00000    0.00000  339.00000
   0.00000 111620.00000    1.00000    4.00000    2.00000    6.00000    1.00000    0.00000    1.00000    0.00000  165.00000
   0.00000 138185.00000    1.00000   11.00000    2.00000    3.00000    1.00000    0.00000    1.00000    0.00000  245.00000
   0.00000 132817.00000    2.00000    8.00000    4.00000    3.00000    1.00000    0.00000    1.00000    0.00000  166.00000
   0.00000 132201.00000    3.00000    8.00000    4.00000    3.00000    1.00000    0.00000    1.00000    0.00000  470.00000
   0.00000 133679.00000    2.00000    9.00000    2.00000   10.00000    0.00000    0.00000    1.00000    0.00000  164.00000
   0.00000 113028.00000    1.00000    4.00000    5.00000    7.00000    1.00000    1.00000    0.00000    0.00000   56.00000
   0.00000 131300.00000    2.00000    7.00000    7.00000   10.00000    0.00000    0.00000    0.00000    1.00000   17.00000
   0.00000 131630.00000    1.00000    7.00000    1.00000   11.00000    0.00000    0.00000    1.00000    0.00000   54.00000
   0.00000 86491.00000    2.00000    1.00000    3.00000    3.00000    0.00000    0.00000    1.00000    0.00000   97.00000
   0.00000 135700.00000    3.00000    9.00000    2.00000    2.00000    0.00000    0.00000    1.00000    0.00000  137.00000
   0.00000 129600.00000    2.00000    7.00000    1.00000   12.00000    0.00000    0.00000    1.00000    0.00000  115.00000
   0.00000 104070.00000    1.00000    3.00000    5.00000   14.00000    1.00000    0.00000    1.00000    0.00000   81.00000
   0.00000 137177.00000    3.00000   11.00000    6.00000   10.00000    0.00000    0.00000    1.00000    0.00000  441.00000
   0.00000 124940.00000    3.00000    6.00000    6.00000    2.00000    1.00000    0.00000    1.00000    0.00000   89.00000
   0.00000 137059.00000    3.00000   11.00000    7.00000    9.00000    0.00000    0.00000    1.00000    0.00000  129.00000
   0.00000 91223.00000    1.00000    2.00000    2.00000   13.00000    0.00000    0.00000    1.00000    0.00000   61.00000
   0.00000 98195.00000    2.00000    3.00000    6.00000    6.00000    0.00000    1.00000    0.00000    0.00000   49.00000
   0.00000 138329.00000    1.00000   11.00000    5.00000    3.00000    0.00000    0.00000    1.00000    0.00000   53.00000
   0.00000 138185.00000    1.00000   11.00000    6.00000   11.00000    0.00000    0.00000    1.00000    0.00000   70.00000
