   0.60200    1.88300    0.71100    1.16200    0.00000    0.00000    2.92400
   1.80100    2.82400    0.22300    1.05100    0.00000    0.00000    3.16800
   4.63400    2.12600    1.27800    0.89600    0.00000    0.00000    5.81500
  -0.52100    3.28600    0.35700    2.10400    0.00000    0.00000    1.77100
   1.06400    2.80200    0.22300    1.60000    0.00000    1.00000    1.84200
   1.68000    2.59400    0.25100    0.86100    0.00000    0.00000    3.11200
   1.70100    2.50800    0.58000    0.94100    0.00000    0.00000    3.34500
   3.16700    3.67500    1.71800    1.24800    0.00000    0.00000    4.13600
   2.60400    1.50000    1.27800    1.86800    0.00000    0.00000    3.91600
   1.20900    3.14300    0.13400    1.64100    0.00000    0.00000    2.26400
   1.94000    3.56600    0.13400    1.59500    0.00000    0.00000    3.71900
   3.37400    3.73900    0.00000    1.20400    0.00000    1.00000    5.43400
   2.24200    3.33200    0.13400    1.06800    0.00000    0.00000    3.80600
   0.20400    2.53600    0.49600    1.48200    0.00000    1.00000    3.03000
   1.06400    2.54400    0.22300    1.24500    0.00000    0.00000    1.40800
   0.98200    2.11900    0.92300    1.17900    0.00000    1.00000    1.05000
  -0.38000    1.63600    0.33100    1.26500    1.00000    1.00000    2.76600
   2.71500    2.91400    0.79800    0.97500    0.00000    1.00000    4.10900
   2.50200    3.66800    0.13400    1.13200    0.00000    0.00000    3.78200
   1.51500    2.78100    0.71100    1.14700    0.00000    0.00000    3.84600
   1.39500    2.21500    0.88700    0.88800    0.00000    0.00000    4.33000
   3.76200    3.04400    1.02800    0.95900    1.00000    0.00000    5.95000
   2.84900    4.17100    0.69300    1.67800    0.00000    2.00000    4.85100
   1.62200    3.92100    0.25100    1.39800    0.00000    0.00000    3.41600
   1.58600    3.38600    0.25100    1.22500    0.00000    0.00000    3.08600
   0.09400    1.59400    0.22300    1.33300    2.00000    0.00000    6.29700
   3.54600    4.27800    0.40500    1.34500    0.00000    0.00000    4.66800
   2.45500    3.16400    0.22300    0.90900    0.00000    0.00000    3.11200
   1.23700    2.53600    0.42900    0.87100    0.00000    1.00000    2.53700
  -2.08900    2.82200    0.81100    1.52400    0.00000    0.00000    0.60000
   1.94000    3.48500    0.22300    1.61400    0.00000    0.00000    2.85300
   1.70000    2.47700    0.40500    0.87600    0.00000    1.00000    2.47400
   3.28900    3.64100    0.40500    1.53100    0.00000    1.00000    3.18200
   3.46700    4.28500    0.13400    1.71000    0.00000    0.00000    5.38000
   0.49600    2.45600    0.33100    1.25900    0.00000    1.00000    2.85800
   2.50200    3.86000    0.22300    1.42900    0.00000    0.00000    3.91900
   1.06000    2.72600    0.49600    1.17900    0.00000    1.00000    2.26900
   3.30500    3.38000    1.74900    1.13500    0.00000    1.00000    4.95100
   2.35700    3.46100    0.22300    1.11100    0.00000    1.00000    3.39300
   1.88700    2.08000    0.49600    0.85800    0.00000    0.00000    3.02200
   2.42900    2.21700    0.84500    0.79300    1.00000    0.00000    5.18900
   1.85900    2.83400    0.13400    1.23700    0.00000    0.00000    3.03000
   3.61800    4.05000    0.69300    1.38100    0.00000    2.00000    5.66700
   2.19300    3.01200    0.22300    1.02300    0.00000    0.00000    3.92000
   0.02400    1.07500    1.16100    0.86500    0.00000    1.00000    5.38600
   3.66100    3.86000    0.22300    1.55000    0.00000    1.00000    4.51000
   2.24200    3.33200    0.13400    1.51900    0.00000    0.00000    3.55400
   2.62100    2.34800    0.76200    0.85000    0.00000    0.00000    3.76900
   0.99600    1.52300    1.02800    1.51200    0.00000    1.00000    2.69300
   2.23900    2.37700    0.82700    0.93800    0.00000    0.00000    3.91000
   1.74800    2.43900    0.93000    0.92400    0.00000    0.00000    5.00700
  -0.70300    2.03100    0.49600    1.95200    0.00000    1.00000    1.23100
   3.56300    3.99300    0.22300    1.21400    1.00000    0.00000    4.61100
   2.72600    3.69000    0.22300    1.06200    0.00000    0.00000    3.59900
   2.40200    3.45200    0.33100    1.47600    1.00000    0.00000    3.87000
  -0.47300    2.42900    0.40500    1.95400    0.00000    0.00000    0.93100
   3.79500    2.12600    0.97700    0.77100    0.00000    0.00000    4.76200
   2.34500    3.40200    0.49600    1.45000    1.00000    0.00000    4.55700
   3.12700    3.31500    0.22300    0.79900    0.00000    0.00000    4.44000
   0.31400    3.02900    0.33100    1.84700    0.00000    0.00000    2.47400
   1.97100    3.54200    1.38000    1.26400    0.00000    0.00000    6.28400
   4.80400    4.71700    0.22300    1.28800    1.00000    1.00000    6.38400
   1.94000    2.16000    1.16000    1.60700    0.00000    0.00000    3.13000
   2.89400    3.98000    0.22300    1.72300    0.00000    0.00000    4.70300
   1.34800    2.18900    0.58000    0.86300    0.00000    0.00000    3.11500
   2.12700    2.21600    0.58200    0.83900    0.00000    0.00000    3.62000
  -1.05300    1.95100    0.40500    1.87800    0.00000    0.00000    0.05300
   5.42600    4.81000    0.69300    1.42000    0.00000    2.00000    2.54800
   2.24100    2.43000    0.49600    0.94600    0.00000    0.00000    3.66000
   1.11700    3.28200    0.56000    1.74900    0.00000    2.00000    3.75700
   5.08900    4.21600    0.22300    1.24800    0.00000    0.00000    5.89600
  -0.91700    2.67000    0.49600    2.04700    0.00000    0.00000    1.84200
   2.50900    1.82200    0.82900    0.83400    0.00000    0.00000    3.93300
   4.83300    4.14100    0.13400    1.22000    0.00000    0.00000    6.23300
   2.74900    4.78500    1.26300    1.47100    1.00000    4.00000    9.61200
   2.54500    3.60100    0.22300    1.35000    3.00000    2.00000    4.32000
   0.45400    2.59400    0.25100    1.28700    0.00000    0.00000    1.74900
   2.11000    3.26000    0.40500    1.15100    1.00000    0.00000    3.83500
   3.25900    3.40700    0.00000    1.11100    0.00000    0.00000    4.19200
   2.95700    2.75500    0.83000    1.65600    0.00000    0.00000    3.74600
   1.80700    3.02700    0.33100    1.01100    0.00000    1.00000    3.00900
   1.67200    1.81800    0.49900    1.46800    1.00000    0.00000    3.54600
   3.11000    2.95000    1.77200    1.35100    0.00000    4.00000    5.38300
   1.23900    3.02300    0.56000    1.34900    1.00000    0.00000    3.91700
   2.02600    2.21900    0.60400    1.53700    0.00000    0.00000    3.26200
   1.61000    2.25100    0.63800    0.87100    1.00000    0.00000    4.17500
   3.11000    1.73300    1.07700    0.81000    0.00000    0.00000    4.63000
   1.65400    3.37800    1.38000    1.25000    0.00000    0.00000    5.93300
   2.99100    2.44200    0.93400    0.98400    0.00000    1.00000    4.20800
   1.20900    3.14300    0.13400    1.64100    0.00000    0.00000    2.69200
   2.37000    1.97700    1.11200    0.88100    0.00000    0.00000    4.79800
   1.06400    2.80200    0.22300    1.60000    1.00000    0.00000    3.82500
   3.23400    4.07700    0.95600    1.90900    0.00000    0.00000    4.44800
   3.90900    2.08600    1.50100    0.76600    0.00000    0.00000    6.09300
   3.90300    4.56600    0.35700    1.39400    4.00000    1.00000    6.92300
   1.94000    2.71900    0.89100    2.29200    0.00000    0.00000    3.28900
   1.50600    2.51200    0.13400    0.86200    0.00000    0.00000    3.07800
   1.23700    2.43000    0.49600    0.84900    0.00000    1.00000    3.13300
   4.75400    4.05700    1.03200    1.18300    1.00000    3.00000    8.20100
   3.89600    2.86200    1.54000    1.22600    0.00000    0.00000    6.17100
   0.78700    2.96000    0.88000    1.53000    1.00000    1.00000    5.24400
   1.50600    2.38600    0.22300    0.85700    0.00000    0.00000    3.51300
   3.80600    3.98000    0.22300    1.57800    0.00000    0.00000    4.81900
   2.39100    3.57800    0.49600    1.40600    0.00000    1.00000    4.32000
  -0.56400    1.42900    0.22300    1.80400    0.00000    0.00000    2.72000
   1.27100    3.06500    0.92300    1.31700    0.00000    0.00000    2.01500
   0.78700    3.07300    0.69300    1.85100    0.00000    2.00000    4.01600
   2.51000    3.25200    0.22300    1.07700    0.00000    0.00000    4.09300
   3.26700    3.73900    0.00000    1.25000    2.00000    2.00000    4.63800
   0.90600    2.83100    1.39300    1.07700    0.00000    1.00000    5.31700
   1.83400    2.63400    0.22300    0.93900    0.00000    0.00000    3.92600
  -0.91700    2.70400    0.56000    1.96500    0.00000    0.00000    0.15000
   1.23900    3.02300    0.56000    1.16800    1.00000    0.00000    3.27800
   1.44200    3.08000    0.22300    1.58300    0.00000    1.00000    2.36900
  -0.78600    1.25100    0.25100    1.12600    0.00000    0.00000    5.07200
   4.76400    3.68400    1.27500    1.07200    0.00000    1.00000    7.69100
   3.26700    3.46500    0.00000    0.96300    4.00000    0.00000    3.40700
   2.06600    2.83400    0.13400    1.00900    0.00000    0.00000    3.44800
   3.84200    2.89300    1.23600    0.90700    0.00000    0.00000    6.04700
   3.12400    3.25200    0.00000    1.41700    0.00000    0.00000    3.29900
   1.39100    2.43400    1.17000    0.99600    1.00000    0.00000    3.57500
   4.09800    4.16600    0.13400    1.55600    0.00000    0.00000    5.91200
   0.88800    2.50700    0.40500    1.65200    1.00000    1.00000    4.60300
   2.03100    3.17700    0.91800    1.91900    0.00000    0.00000    4.11600
   2.59100    3.89600    0.13400    1.98400    0.00000    0.00000    3.45000
   4.45300    4.44300    0.25100    1.28700    4.00000    3.00000    6.48300
   0.53800    3.01400    0.56000    1.98700    0.00000    1.00000    3.49600
   0.89300    2.35900    0.40500    0.81400    0.00000    0.00000    3.31400
   0.65500    2.46200    0.22300    1.62500    1.00000    0.00000    3.65400
   3.50800    2.92800    1.13100    0.90800    0.00000    2.00000    5.86000
   1.64300    2.49500    0.56000    0.83500    0.00000    1.00000    1.96900
   1.57000    3.42100    0.58000    1.70000    0.00000    1.00000    5.02900
   1.49000    2.76500    0.33100    0.95100    0.00000    1.00000    2.55000
   2.35200    3.04600    0.00000    1.33300    0.00000    2.00000    4.07500
   0.62600    3.52800    1.74000    1.28800    0.00000    0.00000    5.46600
   2.51000    3.25200    0.22300    1.07700    0.00000    0.00000    4.02000
   1.96900    1.94500    0.88900    0.83500    0.00000    0.00000    3.92700
   2.90400    4.13500    0.58000    1.26300    1.00000    2.00000    5.53800
   1.66000    2.54800    0.94700    1.05100    1.00000    0.00000    3.58800
   0.65200    2.95500    0.33100    1.31300    0.00000    0.00000    2.96100
   2.18600    3.17100    0.13400    1.01100    0.00000    0.00000    3.98400
   3.31400    2.01900    1.12600    0.79300    0.00000    0.00000    5.00100
   1.37300    3.02600    0.40500    1.54800    0.00000    1.00000    2.84000
   4.19000    2.25100    1.50100    1.19700    0.00000    0.00000    5.63200
   1.88600    2.09400    0.82700    0.86000    0.00000    0.00000    5.44900
   3.10900    1.84400    1.27500    0.80400    0.00000    0.00000    6.72000
   3.11200    3.32600    0.64700    0.98600    0.00000    1.00000    4.08100
   4.45200    3.05700    1.63600    0.99500    0.00000    2.00000    8.43300
   0.98100    2.81900    0.33100    1.27100    0.00000    1.00000    2.73600
   2.41900    2.60900    0.60400    1.52900    0.00000    0.00000    3.57200
   3.30600    3.77600    0.40500    0.92000    0.00000    0.00000    4.69100
   1.73700    2.87600    0.92800    1.37200    0.00000    1.00000    6.14800
   0.99600    1.09400    1.23600    1.46100    0.00000    1.00000    1.91100
  -1.17400    3.41000    0.13400    1.72200    0.00000    0.00000    3.01700
   0.80000    2.03400    0.64000    1.72700    0.00000    0.00000    2.58600
   2.84900    4.17100    0.69300    1.67800    0.00000    2.00000    4.97600
   2.29700    3.90000    0.42900    1.57200    0.00000    1.00000    3.84200
   0.82800    2.22200    0.71100    0.84900    0.00000    0.00000    3.64100
   2.64600    1.88600    1.11500    0.65300    0.00000    0.00000    4.34200
   2.68800    2.46900    0.58200    0.91300    0.00000    0.00000    4.00200
   1.39500    2.21500    0.88700    0.88800    0.00000    0.00000    4.08400
   0.80000    2.74800    0.22300    1.70500    0.00000    0.00000    1.06300
   1.09700    3.35100    0.49600    1.46600    0.00000    0.00000    2.39200
   1.54800    3.13400    0.22300    1.19300    0.00000    0.00000    2.69200
   3.04800    3.91400    0.56000    1.63700    0.00000    1.00000    3.92600
   1.59100    2.83400    0.13400    0.95000    0.00000    0.00000    3.02100
   2.22400    3.58500    0.33100    1.49100    0.00000    0.00000    3.53000
   2.24100    2.43000    0.49600    0.94600    0.00000    0.00000    3.56800
   4.23400    4.08500    0.13400    1.48200    0.00000    0.00000    5.63000
   1.19900    2.83400    0.13400    1.32200    0.00000    0.00000    2.41300
   3.84200    3.16000    1.02800    0.80900    0.00000    0.00000    5.93900
   2.64200    3.73400    0.22300    1.45000    2.00000    1.00000    3.84000
   0.15800    1.83100    1.18200    1.90100    0.00000    2.00000    1.23400
   4.19000    1.92500    1.36400    0.42100    0.00000    0.00000    5.59100
   2.25500    2.58500    0.00000    0.91700    0.00000    0.00000    3.50200
   4.50600    4.25800    0.22300    1.53800    0.00000    1.00000    5.74100
   4.37900    4.28500    0.13400    1.55100    0.00000    0.00000    6.25500
   3.56200    2.77800    0.83000    1.04600    0.00000    0.00000    6.65200
   3.49200    3.83300    0.40500    1.52200    0.00000    1.00000    2.09200
   2.72900    2.08000    0.89100    0.81600    0.00000    0.00000    4.33200
   1.79500    3.31600    0.22300    1.57100    1.00000    0.00000    3.97900
   3.90900    3.70900    1.37100    1.47800    0.00000    1.00000    5.56800
   1.74600    3.69100    0.71100    1.07300    0.00000    2.00000    5.47200
   1.99400    3.26000    0.25100    1.28700    0.00000    1.00000    2.74500
  -0.12900    3.19900    0.56000    2.03300    0.00000    0.00000    1.02000
   1.23900    4.19100    0.76200    2.19500    0.00000    0.00000    2.61800
   1.74800    2.47900    0.88700    0.95400    0.00000    0.00000    4.18100
  -1.16900    2.81700    1.01200    1.52100    0.00000    3.00000    2.06900
   3.26700    3.73900    0.00000    1.25000    1.00000    2.00000    2.14900
   2.29600    2.56800    0.38900    1.01200    0.00000    0.00000    3.51300
  -0.22600    2.12600    0.40500    1.12700    0.00000    0.00000    3.20600
   1.24600    2.68500    0.40500    1.14500    0.00000    0.00000    3.11000
   1.10700    3.02400    0.45200    2.69800    0.00000    0.00000    0.45000
   3.11500    2.57200    1.83400    1.35000    0.00000    2.00000    8.47100
   2.44600    3.55900    0.22300    1.36000    0.00000    0.00000    3.45800
   1.79500    3.13400    0.22300    1.31900    0.00000    0.00000    4.80400
   4.44900    3.69000    1.15900    1.29500    0.00000    2.00000    5.74900
   4.29500    4.28800    0.86500    1.32700    0.00000    0.00000    5.64200
   2.52700    3.58700    0.67500    2.10800    0.00000    0.00000    3.65600
   2.45900    2.12600    0.83000    1.45500    0.00000    1.00000    5.82000
   4.24600    4.21900    1.03300    0.96300    0.00000    1.00000    9.35400
   4.20700    3.32300    1.23200    1.13400    0.00000    0.00000    6.52500
   0.20200    0.66700    0.58200    1.36100    0.00000    0.00000    4.74800
   0.40800    1.63600    0.64000    1.69500    0.00000    0.00000    3.86100
   2.60400    3.27700    0.48600    1.41600    0.00000    0.00000    5.47000
  -0.11500    3.01400    0.56000    1.78100    0.00000    0.00000    0.89800
   1.76900    2.21700    0.87200    0.87500    0.00000    0.00000    4.18200
   2.05200    2.97100    0.97200    1.25500    0.00000    2.00000    4.56500
   0.05700    2.44100    0.88000    1.54000    0.00000    2.00000    4.92000
   1.61000    2.11000    0.58000    0.80500    0.00000    0.00000    3.39100
   1.46600    2.57000    1.02800    2.13700    0.00000    0.00000    2.97300
   3.29100    3.60900    0.81100    1.20800    0.00000    0.00000    4.46900
   3.32000    2.39600    1.59300    1.35100    0.00000    0.00000    6.02300
   4.03800    3.11300    1.59300    1.31900    1.00000    1.00000    6.14300
   2.95600    2.11800    0.93400    0.91300    1.00000    0.00000    4.98800
   4.73800    4.32400    0.00000    1.20500    0.00000    1.00000    4.30200
   1.59500    3.39300    1.29200    2.12200    0.00000    3.00000    3.47700
   2.84100    2.29700    0.76200    0.79800    0.00000    0.00000    3.60800
   2.97400    3.33300    0.40500    0.96300    1.00000    0.00000    4.63200
   1.19500    3.08000    0.22300    1.38500    0.00000    0.00000    2.07000
   4.20300    3.00100    0.65100    0.78100    0.00000    0.00000    5.26200
   2.46100    2.45600    0.64000    0.93700    0.00000    0.00000    4.28600
   2.54000    3.45200    0.33100    1.09800    0.00000    1.00000    3.74200
   3.65900    3.86700    0.00000    1.40000    2.00000    0.00000    5.67800
   2.57300    2.16400    1.43700    1.22700    0.00000    2.00000    6.20700
   1.39500    2.18300    0.93000    0.84600    0.00000    0.00000    4.22400
   2.84100    2.37400    0.81100    0.81700    1.00000    0.00000    5.27700
   0.58600    2.67700    0.33100    1.58200    0.00000    1.00000    2.89500
   2.27300    2.97100    0.85900    2.16200    0.00000    0.00000    4.49900
   1.82100    2.47000    1.43700    1.34600    2.00000    2.00000    6.35100
   0.20200    1.59400    0.22300    1.06800    0.00000    0.00000    4.56400
   2.97400    3.33300    0.40500    0.96300    1.00000    0.00000    5.63000
   2.60400    3.21900    0.81100    1.15100    0.00000    0.00000    3.39700
   1.70100    2.44800    0.63800    0.92100    0.00000    0.00000    3.51300
   6.20300    5.92600    0.13400    1.67100    0.00000    0.00000    4.62800
   1.34800    2.12500    0.63800    0.83100    0.00000    0.00000    3.53100
  -0.06300    2.98000    0.25100    1.95900    0.00000    0.00000    1.65100
   2.05000    3.57000    1.37400    2.25900    0.00000    0.00000    6.08300
   3.29100    3.66900    0.48600    1.37400    0.00000    0.00000    4.61000
   4.33200    4.53500    0.56000    1.13700    1.00000    2.00000    8.57100
   0.46800    2.11100    0.13400    1.25300    0.00000    0.00000    2.91400
  -1.30600    1.00000    0.40500    1.50000    2.00000    0.00000    2.38100
   1.44200    3.08000    0.22300    1.58300    0.00000    1.00000    2.27100
   2.63700    3.01200    0.22300    0.76000    0.00000    0.00000    4.62000
  -2.88400    3.00100    0.13400    2.92000    0.00000    0.00000    2.37500
   1.75000    3.02300    0.56000    1.16800    0.00000    1.00000    3.37900
   1.49000    2.77800    0.40500    1.17000    1.00000    0.00000    2.93000
   1.58000    2.96100    0.40500    1.38800    0.00000    0.00000    3.07000
   2.51000    3.33200    0.13400    1.51900    0.00000    0.00000    3.41500
   3.31400    1.92500    1.16000    0.80100    0.00000    0.00000    4.49900
   1.74200    3.63400    0.69300    1.74700    0.00000    2.00000    4.05100
   0.99600    2.75500    0.40500    1.84400    0.00000    1.00000    3.23100
   3.31400    2.01900    1.12600    0.79300    0.00000    0.00000    4.73700
   1.70100    2.44800    0.63800    1.12100    0.00000    0.00000    2.90400
   0.22600    2.84100    0.88000    1.70500    0.00000    3.00000    1.64700
   3.47800    2.12600    0.83000    0.89900    0.00000    0.00000    4.19400
   0.80000    2.74800    0.22300    2.04800    0.00000    0.00000    1.46200
   1.43300    2.77700    0.56000    1.12700    1.00000    0.00000    4.76700
   2.52600    2.71000    0.93000    0.72400    0.00000    0.00000    4.83800
   0.65500    2.46200    0.22300    1.62500    0.00000    1.00000    1.35200
   1.12100    2.85700    0.97300    1.83800    0.00000    2.00000    5.31100
   1.45900    3.43200    0.63800    1.38500    0.00000    1.00000    5.33900
   2.78200    3.26000    0.40500    0.92100    0.00000    0.00000    4.57800
   3.61700    2.01900    1.31700    0.77000    0.00000    0.00000    5.93000
   2.11000    4.20500    1.51200    1.04600    0.00000    2.00000    5.00200
   1.85900    2.83400    0.13400    0.95000    0.00000    0.00000    2.82700
   2.12700    2.21600    0.58200    0.83900    0.00000    0.00000    3.97900
   1.88600    2.09400    0.82700    0.86000    0.00000    0.00000    5.39000
   1.20900    3.03500    0.22300    1.94100    0.00000    0.00000    2.10700
   1.65400    3.37800    1.38000    1.25000    0.00000    0.00000    4.85400
   5.33900    4.37200    0.13400    1.25400    0.00000    0.00000    6.56900
   1.70100    2.50800    0.58000    0.94100    0.00000    0.00000    3.78900
  -0.43900    3.31500    0.91600    1.75300    0.00000    2.00000    2.50100
   0.80000    2.87800    0.13400    1.68400    0.00000    0.00000    2.43600
  -1.26500    1.78600    0.70200    1.08100    0.00000    0.00000    8.13200
   2.10200    2.23300    0.64000    0.92000    0.00000    1.00000    3.61500
   2.35700    2.85700    1.42100    2.28200    0.00000    0.00000    4.29500
   5.93400    3.37600    1.27800    0.91500    0.00000    0.00000    4.86200
   5.47200    3.06500    1.07900    0.82500    0.00000    0.00000    6.88200
   4.01700    3.12800    0.71300    0.79700    0.00000    1.00000    5.03900
   2.10200    2.82400    0.22300    1.00000    0.00000    1.00000    2.87000
   3.24700    3.59900    0.70200    1.51400    2.00000    1.00000    6.18300
  -0.06300    2.98000    0.25100    2.26100    0.00000    0.00000    1.63900
   0.77900    3.20000    0.71100    1.23500    0.00000    3.00000    2.68100
   1.70100    2.50800    0.58000    0.94100    0.00000    0.00000    3.24200
   2.12900    3.36100    0.22300    1.34200    0.00000    0.00000    5.48500
   2.50200    3.73400    0.22300    1.28200    0.00000    0.00000    3.38700
   4.05300    2.80300    1.50100    1.12400    0.00000    0.00000    5.38500
   3.37400    3.73900    0.00000    1.20400    1.00000    1.00000    5.68900
   3.56200    3.60500    0.00000    1.15000    0.00000    0.00000    4.51000
   4.76000    3.73900    0.00000    0.70000    0.00000    0.00000    7.34600
   2.57600    3.78800    0.69300    1.36500    0.00000    2.00000    4.66400
   2.81300    3.46100    0.22300    1.12000    0.00000    0.00000    4.47000
   4.54800    4.46100    0.40500    1.13900    0.00000    1.00000    4.72700
   3.29100    3.66900    0.48600    1.37400    0.00000    0.00000    3.70100
   2.87600    2.26000    0.49900    0.90700    0.00000    0.00000    3.64500
   1.70100    2.50800    0.58000    0.94100    0.00000    0.00000    3.76600
   4.57000    4.82900    0.33100    1.52100    4.00000    4.00000    6.34700
   2.64000    2.12200    1.62100    1.51100    0.00000    0.00000    5.67700
  -0.46300    2.86200    1.03100    1.82800    0.00000    3.00000    4.51200
   2.60400    3.21900    0.81100    1.12700    0.00000    0.00000    4.75900
   4.37900    4.23700    0.22300    1.56500    0.00000    0.00000    5.26800
   4.06600    3.89800    0.88700    1.45000    0.00000    0.00000    5.99900
   4.03800    4.02900    0.96500    1.72900    0.00000    0.00000    4.45100
   5.74100    4.35600    1.02800    1.22400    0.00000    1.00000    5.75800
   1.39500    2.18300    0.93000    0.84600    0.00000    0.00000    4.73900
   3.29100    2.18900    1.58600    2.00000    0.00000    0.00000    5.24200
   1.02400    3.12600    0.69300    1.69000    2.00000    2.00000    4.28200
   2.22600    1.43900    1.07900    1.86700    0.00000    0.00000    3.40200
   2.19300    3.10300    0.13400    1.01600    0.00000    0.00000    3.21000
   3.04600    2.30900    0.90700    0.87100    0.00000    0.00000    3.77500
   0.29100    2.21800    0.92300    1.07400    0.00000    0.00000    3.23700
   2.23900    2.37700    0.82700    0.93800    0.00000    0.00000    5.14600
   0.49100    3.45900    1.47000    1.48300    0.00000    2.00000    4.48600
   2.15200    3.00300    0.13400    1.03200    0.00000    0.00000    4.17100
  -0.53400    2.37700    0.33100    2.11100    0.00000    0.00000    2.15600
   1.99600    3.04900    0.76200    1.25800    0.00000    2.00000    4.36900
   2.60400    1.92000    1.07900    1.73800    0.00000    0.00000    3.40800
   4.20700    3.32300    1.23200    1.13400    0.00000    0.00000    6.50000
   1.15500    3.08000    0.82700    1.07900    2.00000    0.00000    5.47800
   0.80000    2.74800    0.22300    1.70500    0.00000    0.00000    1.69100
   1.53300    3.10300    0.13400    1.34400    0.00000    0.00000    3.17400
   3.90600    4.41300    0.56000    1.17000    1.00000    2.00000    7.89900
   2.59200    3.32300    0.40500    1.17000    0.00000    2.00000    4.57700
   2.04200    3.11100    0.33100    1.01100    0.00000    1.00000    3.25000
   3.35800    3.70000    0.22300    1.55600    0.00000    1.00000    3.97100
   1.44200    2.86600    0.22300    1.28800    0.00000    0.00000    1.90600
   1.44200    3.08000    0.22300    1.46200    2.00000    0.00000    2.49400
   2.27400    3.74000    0.13400    1.58100    0.00000    0.00000    3.72100
   0.91500    3.26100    0.33100    2.04700    0.00000    1.00000    4.18200
  -1.16900    2.70700    0.97200    1.88900    0.00000    3.00000    2.97600
   4.63900    4.53200    0.40500    1.18900    2.00000    3.00000    5.10400
   0.68000    1.63400    0.79800    1.09300    0.00000    0.00000    2.56900
   2.92700    2.92800    1.11300    1.18500    0.00000    1.00000    4.14100
   1.94000    2.42300    0.94900    1.15000    0.00000    0.00000    2.44000
   2.04800    3.31400    0.33100    1.39700    3.00000    0.00000    4.47300
  -0.17200    1.94600    0.22300    1.92900    0.00000    0.00000    0.53400
   1.91900    2.86800    1.28600    1.29400    0.00000    0.00000    4.80900
   2.55300    2.37500    1.02600    1.09000    0.00000    1.00000    3.89500
   2.57700    3.47700    0.69300    1.34400    0.00000    2.00000    4.11600
   1.65500    3.10100    1.53500    1.32600    0.00000    1.00000    6.23800
   4.09100    4.07300    0.69300    1.17100    0.00000    2.00000    5.22400
   1.61000    2.25100    0.63800    0.87100    1.00000    0.00000    4.02100
   2.51000    3.25200    0.22300    1.07700    0.00000    0.00000    4.22000
   1.75900    3.56700    0.71100    1.50100    1.00000    3.00000    4.04300
  -0.40600    2.11800    0.95600    2.53900    0.00000    0.00000    3.84500
  -0.31600    2.24000    0.40500    1.20300    0.00000    0.00000    2.28600
   3.04600    2.30900    0.90700    0.87100    0.00000    0.00000    3.78200
   2.43300    3.55000    1.18200    1.62400    0.00000    0.00000    4.81100
   1.53900    2.52800    0.58000    1.29700    0.00000    0.00000    3.02500
   1.50100    2.23300    0.57000    0.88300    0.00000    0.00000    3.32500
   3.61700    1.96200    1.34500    0.78300    0.00000    0.00000    5.34800
   1.07400    2.63200    0.42900    1.17600    0.00000    0.00000    2.97500
   6.16600    3.33700    1.44300    0.91300    0.00000    0.00000    7.42900
   1.58700    3.27700    0.22300    1.86900    0.00000    0.00000    2.08500
   2.05600    2.19800    0.79800    0.79000    0.00000    1.00000    3.32800
   1.06000    2.72600    0.49600    1.10800    0.00000    1.00000    3.10000
   1.14500    3.93700    0.76200    1.70800    0.00000    0.00000    3.29700
   1.20900    3.14300    0.13400    1.64100    0.00000    0.00000    2.48700
   6.51500    3.46500    2.17100    0.88800    0.00000    0.00000    3.62300
   0.75700    3.52600    0.71100    1.59600    0.00000    3.00000    3.42300
   0.58600    2.42900    0.40500    1.92700    0.00000    1.00000    2.58300
   2.19300    3.10300    0.13400    1.01600    0.00000    0.00000    3.65100
   0.18000    0.97300    0.98800    1.48900    0.00000    1.00000    2.72500
   2.35700    3.60100    0.22300    1.25400    0.00000    1.00000    3.14100
   4.83200    4.21100    0.93200    1.04500    0.00000    1.00000    8.91600
   3.12600    3.18100    0.60400    1.52000    0.00000    0.00000    4.68000
   3.47400    3.67500    1.11200    1.31400    0.00000    1.00000    4.70600
   0.80000    2.87800    0.13400    1.68400    0.00000    0.00000    2.42500
   2.72300    3.23500    1.13100    0.99600    0.00000    0.00000    5.35400
   4.65800    2.37700    1.27800    0.97400    0.00000    0.00000    5.37200
   4.92600    2.26000    1.44300    0.90200    0.00000    0.00000    6.00600
   1.11200    2.28300    1.07000    1.22300    0.00000    0.00000    4.27800
   1.06400    2.80200    0.22300    1.60000    0.00000    1.00000    1.99900
   1.79500    3.13400    0.22300    1.31900    0.00000    0.00000    2.73900
   3.35800    3.63000    0.13400    1.47600    0.00000    0.00000    4.30500
   1.11900    1.81400    1.31600    1.07400    0.00000    1.00000    3.35000
   1.73700    3.19100    0.22300    1.15400    0.00000    0.00000    2.68600
   3.90900    4.30500    0.22300    1.34800    3.00000    2.00000    5.19200
   1.06000    2.72600    0.49600    1.17900    0.00000    1.00000    3.66100
   0.21500    3.81000    1.02500    1.05500    0.00000    2.00000    3.83800
   3.02600    3.87100    0.82900    1.55800    0.00000    1.00000    4.53900
   5.20700    2.58500    1.58600    0.91700    0.00000    0.00000    6.37900
   2.65000    3.90500    0.56000    1.39900    1.00000    0.00000    4.94700
   0.05200    2.52300    0.56000    1.60200    1.00000    1.00000    4.38400
   2.28800    3.67000    0.72800    2.11000    0.00000    3.00000    2.96400
   3.39900    4.32700    0.56000    1.25400    2.00000    5.00000    6.68300
   2.57500    3.87400    0.63800    1.35200    4.00000    1.00000    4.56100
  -0.52100    3.07900    0.42900    2.13500    0.00000    0.00000    1.30800
   2.77300    3.74900    0.33100    1.27800    0.00000    0.00000    4.77700
   2.19300    3.10300    0.13400    1.52100    0.00000    0.00000    3.26700
   1.12100    3.15900    0.96500    1.58400    0.00000    2.00000    3.77000
   1.24600    2.68500    0.40500    1.14500    0.00000    0.00000    3.21900
   0.47900    2.12600    0.40500    1.69000    1.00000    1.00000    3.57300
   4.87800    3.81900    0.61500    0.86400    0.00000    0.00000    3.71500
   4.05400    3.79300    0.13400    0.93000    0.00000    0.00000    6.03800
   2.21200    2.02500    0.93200    0.85100    1.00000    0.00000    4.67200
   0.45400    2.85500    1.33100    1.32500    0.00000    2.00000    7.04500
   2.49200    3.18000    1.28100    1.24600    0.00000    0.00000    4.96300
   0.20200    0.96500    0.64000    1.69500    0.00000    1.00000    3.27200
   1.95300    2.21600    0.38900    0.79600    0.00000    0.00000    3.75100
   4.63400    2.12600    1.27800    0.89600    0.00000    0.00000    5.36100
   1.59100    2.72800    0.22300    0.95300    0.00000    0.00000    2.37100
   4.06300    2.08500    1.07900    0.89500    0.00000    0.00000    4.74000
   2.59000    3.17500    0.85900    2.09500    0.00000    0.00000    4.09500
   3.22500    2.11100    1.47700    1.29800    0.00000    0.00000    5.73000
   0.92200    2.77700    0.56000    1.12700    1.00000    0.00000    3.11800
   4.20600    4.13900    0.49600    1.43000    0.00000    1.00000    5.76700
  -0.79200    1.83200    1.20900    1.36400    0.00000    0.00000    3.82800
   1.56500    3.64100    0.33100    1.93300    0.00000    1.00000    2.67000
   2.46100    2.56800    0.58200    0.93100    0.00000    0.00000    3.59400
   0.48900    2.23800    1.51300    2.07800    0.00000    0.00000    4.51300
   1.60200    2.64700    1.28600    1.27800    0.00000    0.00000    4.50800
   2.99800    3.95700    0.22300    1.26900    2.00000    3.00000    4.57700
   3.10500    3.64500    0.22300    1.15500    0.00000    0.00000    5.17800
   2.57000    2.11000    0.77300    0.77300    0.00000    1.00000    3.36000
   3.79500    2.47700    0.83000    0.98300    0.00000    0.00000    4.54000
   0.07600    2.50700    0.40500    1.50000    0.00000    2.00000    2.85100
   5.25800    4.43600    0.76400    1.22700    0.00000    1.00000    5.41200
   0.40800    2.46200    0.22300    1.66900    0.00000    0.00000    1.52400
   4.78900    3.72800    0.95600    1.17000    0.00000    0.00000    5.57400
   3.34500    3.81400    0.33100    1.22500    0.00000    1.00000    3.69800
   1.05000    2.86600    0.22300    1.33300    0.00000    1.00000    2.27000
   2.50200    3.73400    0.22300    1.42600    0.00000    0.00000    3.18000
   1.87800    3.35300    0.40500    1.41800    1.00000    1.00000    5.01800
   2.72900    2.08000    0.89100    0.81600    0.00000    0.00000    4.41000
   2.12700    2.21600    0.58200    0.83900    0.00000    0.00000    4.35300
   4.06800    3.11100    0.73200    0.92300    0.00000    0.00000    5.64300
   2.94200    3.17900    0.00000    1.06300    0.00000    0.00000    4.09100
   1.18200    2.81800    0.88000    1.48800    0.00000    0.00000    3.72600
   2.60400    3.21900    0.81100    1.12700    0.00000    0.00000    4.25700
   4.65100    4.39500    0.13400    1.54600    0.00000    0.00000    6.48400
  -0.45000    2.00000    0.69300    1.12800    2.00000    2.00000    4.36600
   1.74800    2.47900    0.88700    0.95400    0.00000    0.00000    4.25700
   1.40100    2.44200    1.21100    2.25400    0.00000    0.00000    4.30500
   2.22600    2.02400    0.83000    1.76100    0.00000    0.00000    3.00700
   1.31300    1.63400    0.71300    1.19000    0.00000    0.00000    2.78200
   2.81300    3.46100    0.22300    1.12000    0.00000    0.00000    4.67200
   2.72900    1.96200    0.93400    0.81900    0.00000    0.00000    4.29600
   0.70600    3.22200    0.33100    2.17700    0.00000    0.00000    1.81900
   1.46700    2.34400    0.58200    1.59000    0.00000    0.00000    3.10900
   1.00200    3.24000    0.69300    1.48700    1.00000    0.00000    3.59800
   3.25900    2.44200    0.93400    0.98400    0.00000    1.00000    4.20800
  -0.16500    3.31100    0.97200    2.20800    0.00000    3.00000    4.24400
