   0.00000   -0.17895   -0.08475   -0.59330    0.75129   -0.28358   -0.33216   -0.48412   -0.55024   -0.54614   -0.27950   -0.47297   -0.53465   -0.00719    1.05430
  -0.07143   -0.19579   -0.79661   -0.50542    0.59586   -0.20398   -0.15641   -0.32656   -0.36523   -0.18703   -0.37888   -0.59459   -0.23762    0.33813    1.05510
  -0.03571    0.04000   -0.32203   -0.13141    0.87565   -0.26368   -0.03691   -0.07751   -0.14514   -0.09726    0.27950   -0.06757   -0.11881    0.28058    1.04290
   0.00000    0.02316    0.35593   -0.59943    0.74093   -0.56219   -0.35677   -0.43837   -0.56938   -0.53117   -0.30435   -0.55405   -0.33663   -0.09353    1.04390
  -0.42857   -0.26737   -0.28814   -0.72410    0.58549   -0.36318   -0.41652   -0.78145   -0.73844   -0.68579   -0.65217   -0.77027   -0.09901    0.03597    1.05900
   0.64286   -0.26737    0.05085   -0.13346    1.00000   -0.00498    0.19156   -0.24269   -0.28230   -0.27681    0.15528   -0.44595   -0.19802    0.41007    1.09910
   0.32143    0.17474    0.01695   -0.28060    0.86529   -0.03483   -0.12127   -0.24269   -0.39075   -0.43641   -0.21739   -0.25676   -0.09901    0.46763    1.03580
  -0.25000   -0.01895    0.01695   -0.60351    0.58549   -0.36318   -0.17750   -0.45108   -0.55662   -0.50623   -0.54037   -0.56757   -0.32673   -0.06475    1.04590
  -0.03571    0.03579    0.32203   -0.49929    0.50259   -0.27363   -0.10369   -0.26556   -0.53429   -0.33167   -0.41615   -0.48649   -0.03960    0.23741    1.04300
  -0.03571    0.14947   -0.59322   -0.18046    0.76166   -0.16418    0.12829   -0.06989   -0.24083   -0.17207    0.11801   -0.41892   -0.08911    0.46763    1.03700
   0.03571    0.26316    0.11864   -0.46863    0.57513   -0.02488   -0.16696   -0.21474   -0.38756   -0.12219   -0.10559   -0.51351   -0.00990    0.30935    1.03130
  -1.00000   -0.47368    0.11864   -0.93460    0.54404   -0.77114   -0.66608   -0.77637   -0.92025   -0.82045   -1.00000   -0.91892   -0.95050   -0.85611    1.07030
   0.14286   -0.32211    0.18644   -0.47885    0.75129   -0.17413   -0.15290   -0.30623   -0.49920   -0.39651   -0.30435   -0.50000   -0.30693    0.16547    1.06200
   0.82143    0.34316    0.76271   -0.27243    0.67876   -0.03483    0.16345   -0.00635   -0.29506   -0.39651    0.14286   -0.25676   -0.11881    0.29496    1.02710
   0.39286   -0.06105   -0.08475   -0.36031    0.83420   -0.04478   -0.14938   -0.33672   -0.47049   -0.40648   -0.15528   -0.14865   -0.38614    0.33813    1.04800
  -0.07143    0.24632   -0.89830   -0.28060    0.66839   -0.02488    0.11072   -0.20966   -0.32376    0.05736   -0.03106   -0.25676   -0.15842    0.25180    1.03220
   0.07143   -0.24211   -0.28814   -0.61578    0.61658   -1.00000   -0.51494   -0.54511   -0.62998   -0.62594   -0.25466   -0.22973   -0.38614    0.20863    1.05780
  -0.21429   -0.17895   -0.05085   -0.55651    0.80311   -0.37313   -0.31810   -0.53748   -0.64593   -0.50623   -0.36646   -0.63514   -0.62376   -0.17986    1.05430
  -0.32143   -0.13684   -0.18644   -0.52177    0.67876   -0.39303   -0.28295   -0.33418   -0.45136   -0.44638   -0.35404   -0.54054   -0.57426   -0.03597    1.05200
   0.17857   -0.14105   -0.35593   -0.24791    0.76166   -0.26368   -0.01230   -0.25032   -0.39075   -0.18703   -0.15528   -0.40541    0.14852    0.35252    1.05240
   0.25000   -0.03579   -0.66102   -0.25812    0.72021    0.09453   -0.00527   -0.28590   -0.29825   -0.01746   -0.13043   -0.28378    0.32673    0.52518    1.04680
  -0.17857   -0.15368   -0.11864   -0.51972    0.79275   -0.43284   -0.41301   -0.47649   -0.53110   -0.42145   -0.32919   -0.50000   -0.49505    0.00719    1.05290
  -0.60714   -0.25474   -0.32203   -0.59534    0.74093   -0.46269   -0.55360   -0.48412   -0.48963   -0.24688   -0.37888   -0.56757   -0.40594   -0.02158    1.05830
  -0.07143    0.38105   -0.15254   -0.37462    0.78238   -0.09453   -0.17750   -0.18933   -0.46731   -0.32668   -0.20497   -0.43243    0.17822    0.52518    1.02540
  -0.03571   -0.36000    0.55932   -0.69753    0.64767   -0.48259   -0.36380   -0.62135   -0.70016   -0.64589   -0.44099   -0.52703   -0.56436   -0.09353    1.06410
  -0.07143    0.06105   -0.86441   -0.14572    0.68912   -0.05473    0.22320   -0.04956   -0.07815    0.01746    0.20497   -0.24324    0.10891    0.35252    1.04160
  -0.14286   -0.82737   -0.89830   -0.40732    0.84456   -0.30348   -0.24077   -0.66709   -0.52472   -0.21696   -0.34162   -0.36486    0.09901    0.45324    1.09000
  -0.03571   -0.70105   -0.86441   -0.44615    0.86529   -0.26368   -0.21968   -0.63914   -0.57895   -0.37656   -0.16770   -0.17568   -0.20792    0.20863    1.08300
  -0.39286    0.12421   -0.11864   -0.53607    0.75129   -0.31343   -0.24780   -0.41550   -0.60128   -0.39651   -0.36646   -0.63514   -0.30693   -0.09353    1.03840
  -0.42857   -0.10316   -0.32203   -0.63621    0.68912   -0.58209   -0.50088   -0.48666   -0.52791   -0.28678   -0.40373   -0.62162   -0.41584   -0.05036    1.05030
  -0.89286   -0.67579   -0.42373   -0.94482    0.59586   -0.96020   -0.79613   -0.83227   -0.89793   -0.86035   -0.78882   -0.74324   -0.87129   -0.69784    1.08140
   0.10714    0.14526   -0.08475   -0.20090    0.86529   -0.09453    0.27592   -0.12071   -0.23445   -0.17706   -0.09317   -0.44595    0.18812    0.43885    1.03730
  -0.60714   -0.47368   -0.72881   -0.85285    0.62694   -0.52239   -0.66960   -0.81703   -0.84689   -0.85536   -0.77640   -0.63514   -0.78218    1.00000    1.07040
  -0.25000   -0.00632   -0.15254   -0.35827    0.81347   -0.33333   -0.14587   -0.22745   -0.41946   -0.30175   -0.36646   -0.52703   -0.13861    0.09353    1.04520
  -0.32143   -0.59579   -0.15254   -0.65665    0.68912   -0.51244   -0.27944   -0.63151   -0.78309   -0.71072   -0.60248   -0.54054   -0.34653   -0.06475    1.07710
  -0.46429   -0.57053   -0.15254   -0.67505    0.77202   -0.62189   -0.61687   -0.56036   -0.57576   -0.73067   -0.47826   -0.55405   -0.88119   -0.30935    1.07560
   0.39286    0.36000   -0.35593    0.05252    0.82383    0.09453    0.32513    0.17408   -0.00797    0.19701    0.27950   -0.02703    0.23762    0.53957    1.02630
  -0.28571   -0.60421   -0.86441   -0.72410    0.63731   -0.57214   -0.52197   -0.79161   -0.72887   -0.51621   -0.63975   -0.82432   -0.32673    0.15108    1.07760
  -0.03571   -0.32632   -0.79661   -0.46659    0.58549   -0.31343   -0.03339   -0.48666   -0.44498   -0.15212   -0.29192   -0.48649    0.22772    0.36691    1.06220
  -0.42857   -0.70105   -0.08475   -0.82015    0.59586   -0.53234   -0.58172   -0.74587   -0.87241   -0.80549   -0.75155   -0.64865   -0.39604    0.12230    1.08290
  -0.28571   -0.62105   -0.15254   -0.46250    0.86529   -0.38309   -0.28647   -0.50699   -0.47687   -0.49127   -0.18012   -0.25676   -0.45545   -0.00719    1.07850
  -0.57143   -0.14105   -0.11864   -0.54833    0.76166   -0.41294   -0.30404   -0.42567   -0.57576   -0.39651   -0.32919   -0.55405   -0.69307   -0.25180    1.05240
  -0.28571   -0.28842   -0.52542   -0.52790    0.74093   -0.24378   -0.33568   -0.46887   -0.52472   -0.40150   -0.41615   -0.67568   -0.24752    0.06475    1.06030
   0.46429    0.60421   -0.32203    0.02800    0.92746    0.06468    0.26186    0.12579   -0.12600    0.06234    0.49068   -0.13513    0.21782    0.46763    1.01400
  -0.42857    0.38526   -0.25424   -0.29287   -1.00000   -0.45274   -0.06151   -0.11309   -0.02711    0.16708    0.18012   -0.37838   -0.12871    0.10791    1.02500
   0.07143   -0.50316   -0.83051   -0.59534    0.73057   -0.30348   -0.51845   -0.75349   -0.69697   -0.49626   -0.60248   -0.27027   -0.58416    0.29496    1.07190
  -0.42857   -0.09474    0.08475   -0.73023    0.70984   -0.55224   -0.62390   -0.63151   -0.71611   -0.61097   -0.61491   -0.64865   -0.52475   -0.07914    1.04990
  -0.42857   -0.07368   -0.32203   -0.69140    0.63731   -0.56219   -0.34974   -0.57815   -0.64274   -0.47631   -0.30435   -0.33784   -0.36634   -0.09353    1.04880
  -0.17857    0.02737   -0.35593   -0.59330    0.65803   -0.46269   -0.32865   -0.54765   -0.57257   -0.56110   -0.51553   -0.47297   -0.08911    0.26619    1.04350
  -0.35714    0.14105   -0.25424   -0.44819    0.66839   -0.33333   -0.11072   -0.19441   -0.45454   -0.41646   -0.39130   -0.51351   -0.39604    0.12230    1.03740
  -0.57143    0.68842   -0.08475   -0.40119    0.47150   -0.27363    0.37786    0.11055   -0.08134   -0.26683   -0.34162   -0.62162   -0.28713    0.26619    1.01010
   0.17857    0.25895    0.45763   -0.41754    0.50259   -0.03483   -0.04745   -0.20966   -0.50558   -0.40150   -0.36646   -0.33784    0.09901    0.36691    1.03160
   0.39286   -0.45263   -0.62712   -0.46250    0.62694   -0.04478   -0.31107   -0.42313   -0.40989   -0.16210   -0.46584   -0.40541   -0.13861    0.38129    1.06900
  -0.10714    0.25474    0.15254   -0.50746    0.61658   -0.55224   -0.17047   -0.35705   -0.49601   -0.31671   -0.37888   -0.59459   -0.23762    0.26619    1.03170
  -0.03571   -0.73474   -0.08475   -0.72001    0.82383   -0.60199   -0.50791   -0.74079   -0.78947   -0.73067   -0.42857   -0.52703    0.35644   -0.07914    1.08480
  -0.10714   -0.22105    0.32203   -0.75679    0.57513   -0.51244   -0.56766   -0.68488   -0.68740   -0.63591   -0.50311   -0.68919   -0.55446   -0.13669    1.06660
  -0.57143   -0.78105    0.11864   -0.80585    0.56477   -0.59204   -0.52900   -0.65947   -0.77990   -0.64090   -0.72671   -0.54054   -0.54455   -0.16547    1.08740
  -0.46429    0.38526   -0.25424   -0.61169    0.49223   -0.20398   -0.25132   -0.37738   -0.51834   -0.41646   -0.42857   -0.68919   -0.17822    0.22302    1.02500
  -0.50000    0.14526   -0.32203   -0.51768    0.62694   -0.22388   -0.31810   -0.42313   -0.56938   -0.32668   -0.52795   -0.58108   -0.10891    0.33813    1.03730
  -0.28571   -0.22947   -0.38983   -0.55242    0.65803   -0.46269   -0.28998   -0.40025   -0.54386   -0.34165   -0.35404   -0.60811   -0.28713    0.07914    1.05710
  -0.53571   -0.04421   -0.38983   -0.56877    0.69948   -0.48259   -0.46221   -0.46887   -0.55024   -0.34663   -0.31677   -0.47297   -0.36634    0.06475    1.04720
   0.46429   -0.36000   -0.79661   -0.32966    0.66839    0.01493    0.12829   -0.25286   -0.36842   -0.19202   -0.05590   -0.25676   -0.18812    0.69784    1.06400
   0.00000   -0.48632   -0.28814   -0.51155    0.68912   -0.33333   -0.17750   -0.49682   -0.54705   -0.35162   -0.22981   -0.36486   -0.31683    0.06475    1.07090
  -0.28571   -0.51579    0.08475   -0.64643    0.57513   -0.37313   -0.47627   -0.53748   -0.66188   -0.37656   -0.10559   -0.41892   -0.69307   -0.13669    1.07260
  -0.14286    0.32632    0.08475   -0.31331    0.70984   -0.06468    0.26889   -0.08767   -0.61723   -0.40648   -0.37888   -0.54054   -0.32673    0.12230    1.02800
  -0.35714   -0.41053   -0.79661   -0.73227    0.58549   -0.66169   -0.61687   -0.82465   -0.65550   -0.44140   -0.68944   -0.48649   -0.37624    0.00719    1.06680
  -0.07143    1.00000   -0.01695   -0.17842    0.43005    0.00498    0.42355    0.33926   -0.11324   -0.23691   -0.51553   -0.39189   -0.01980    0.16547    0.99500
   0.35714   -0.17474   -0.86441    0.00756    0.86529    0.06468    0.01933   -0.14867   -0.06220    0.28180    0.30435   -0.18919    0.35644    0.84173    1.05420
   0.21429    0.13684    0.62712   -0.57286    0.67876   -0.24378   -0.20914   -0.35197   -0.68102   -0.56110   -0.56522   -0.32432   -0.36634   -0.09353    1.03770
  -0.17857   -0.18737   -0.28814   -0.33170    0.82383   -0.25373   -0.08963   -0.15121   -0.40670   -0.30175   -0.21739   -0.40541   -0.43564    0.07914    1.05470
  -0.32143    0.20842   -0.93220   -0.46250    0.73057   -0.67164   -0.36731   -0.22236   -0.46092   -0.20200    0.14286   -0.33784   -0.26733   -0.03597    1.03400
   0.14286   -0.28421    0.15254   -0.59738    0.61658   -0.37313   -0.32162   -0.40025   -0.61723   -0.59102   -0.27950   -0.44595   -0.24752    0.25180    1.06010
  -0.35714   -0.05684   -0.38983   -0.59330    0.73057   -0.68159   -0.33216   -0.51461   -0.57576   -0.45636   -0.32919   -0.54054   -0.31683   -0.07914    1.04810
   0.21429    0.17895    0.35593   -0.32352    0.65803   -0.06468    0.13181   -0.11563   -0.33652   -0.27182   -0.15528   -0.51351    0.27723    0.42446    1.03560
  -0.07143   -0.49895   -0.66102   -0.48089    0.83420   -0.24378   -0.25483   -0.50953   -0.52791   -0.48628   -0.29192    1.00000   -0.23762   -0.03597    1.07160
   0.07143   -0.37263    0.69491   -0.67913    0.56477   -0.34328   -0.36028   -0.52478   -0.62041   -0.50125   -0.41615   -0.63514   -0.22772    0.00719    1.06480
   0.10714   -0.04842    0.08475   -0.35009    0.76166   -0.12438   -0.00527   -0.22236   -0.53429   -0.50125   -0.37888   -0.60811    0.09901    0.32374    1.04730
  -0.50000   -0.51579   -0.38983   -0.77723    0.56477   -0.56219   -0.43058   -0.63914   -0.78947   -0.65586   -0.60248   -0.63514   -0.34653    0.05036    1.07250
  -0.60714   -0.43158    0.11864   -0.94686    0.43005   -0.79104   -0.70474   -0.83227   -0.88517   -0.81546   -0.70186   -1.00000   -0.55446   -0.32374    1.06800
  -0.46429    0.09895   -0.05085   -0.68527    0.54404   -0.33333   -0.25835   -0.49174   -0.76714   -0.55611   -0.67702   -0.81081   -0.12871    0.19425    1.03980
  -0.64286   -0.50316    0.32203   -0.79971    0.50259   -0.46269   -0.50439   -0.64676   -0.74482   -0.58604   -0.72671   -0.75676   -0.54455   -0.13669    1.07200
  -0.67857   -0.34316   -0.69491   -0.82220    0.60622   -0.72139   -0.76450   -0.82211   -0.69378   -0.49127   -0.71429   -0.58108   -0.69307   -0.29496    1.06310
   0.07143    0.44421   -0.55932   -0.10280    0.65803   -0.07463    0.25132    0.18170   -0.14195    0.35661   -0.05590   -0.33784    0.11881    0.55396    1.01800
   0.17857    0.04842   -0.18644   -0.39505    0.75129   -0.31343   -0.04042   -0.28590   -0.50239   -0.41646   -0.06832   -0.27027   -0.15842    0.23741    1.04240
  -0.53571   -0.04000   -0.32203   -0.63826    0.79275   -0.57214   -0.54657   -0.58831   -0.63317   -0.35162   -0.26708   -0.55405   -0.31683   -0.12230    1.04700
  -0.46429   -0.40211   -0.93220   -0.69344    0.70984   -0.54229   -0.52900   -0.68234   -0.67145   -0.54115   -0.56522   -0.60811   -0.13861    0.05036    1.06640
   0.07143   -0.37684    0.11864   -0.58308    0.60622   -0.39303   -0.21265   -0.44854   -0.61403   -0.53117   -0.31677   -0.52703   -0.14852    0.19425    1.06500
   0.07143   -0.00632   -0.28814   -0.57286    0.57513   -0.37313   -0.14236   -0.48412   -0.70654   -0.43641   -0.25466   -0.32432   -0.10891    0.12230    1.04620
  -0.14286   -0.60421   -0.96610   -0.66278    0.77202   -0.56219   -0.55009   -0.80432   -0.71611   -0.55611   -0.61491   -0.51351   -0.43564   -0.10791    1.07750
  -0.25000   -0.76000   -0.76271   -0.65870    0.73057   -0.38309   -0.50088   -0.61626   -0.50239   -0.43641   -0.27950   -0.67568   -0.47525   -0.22302    1.08620
   1.00000    0.48211   -0.18644    1.00000    0.77202    1.00000    1.00000    1.00000    1.00000    1.00000    1.00000    0.41892    1.00000    0.15108    1.02020
  -0.32143   -0.87368   -0.55932   -0.72410    0.58549   -0.41294   -0.54657   -0.68234   -0.75120   -0.62594   -0.60248   -0.59459   -0.44554   -0.07914    1.09260
   0.21429   -0.54105    0.11864   -0.49929    0.62694   -0.00498   -0.02988   -0.34180   -0.57895   -0.49127   -0.49068   -0.63514   -0.07921    0.45324    1.07400
  -0.07143    0.25895   -0.49152    0.00347    0.74093    0.09453    0.40246    0.03939   -0.07815    0.12718    0.19255   -0.22973   -0.04951    0.22302    1.03160
  -0.60714   -0.58316   -0.49152   -0.78132    0.64767   -0.51244   -0.38489   -0.74587   -0.86603   -0.84539   -0.77640   -0.58108   -0.38614   -0.15108    1.07630
  -0.53571   -0.25474   -0.66102   -0.75271    0.67876   -0.56219   -0.73989   -0.73062   -0.73206   -0.61596   -0.60248   -0.59459   -0.50495   -0.17986    1.05840
   0.03571   -0.40632   -0.11864   -0.52994    0.80311   -0.44279   -0.38840   -0.56544   -0.57576   -0.34165   -0.14286   -0.28378   -0.60396    0.23741    1.06660
  -0.32143   -0.19158   -0.86441   -0.48907    0.66839   -0.47264   -0.09315   -0.45870   -0.51196   -0.44140   -0.34162   -0.48649   -0.29703   -0.02158    1.05490
  -0.10714    0.37263   -0.05085   -0.30922    0.55440   -0.09453    0.24780   -0.01652   -0.44179   -0.29676    0.00621   -0.24324   -0.07921    0.43885    1.02580
  -0.03571   -0.53684    0.62712   -0.87125    0.55440   -0.62189   -0.65202   -0.63914   -0.87879   -0.88030   -0.77640   -0.67568   -0.92079   -0.32374    1.07360
  -0.32143    0.06947   -0.28814   -0.52177    0.64767   -0.15423   -0.13181   -0.25794   -0.53748   -0.38653   -0.61491   -0.60811   -0.47525   -0.10791    1.04120
   0.28571   -0.19158   -0.55932   -0.19477    0.83420   -0.06468   -0.00879   -0.34689   -0.37799   -0.12219    0.03106   -0.12162    0.14852    0.82734    1.05490
  -0.14286   -0.56210   -0.86441   -0.45841    0.77202   -0.37313   -0.20914   -0.56798   -0.48325   -0.35661   -0.46584   -0.50000   -0.24752    0.20863    1.07510
  -0.64286   -0.83158   -0.15254   -0.92643    0.54404   -0.71144   -0.85589   -0.97459   -0.92983   -0.83042   -0.82609   -0.62162   -0.80198   -0.30935    1.09030
  -0.21429   -0.23789   -0.25424   -0.43593    0.77202   -0.31343   -0.20914   -0.54002   -0.48963   -0.43641   -0.22981   -0.27027   -0.27723    0.09353    1.05750
  -0.03571    0.08632   -0.38983   -0.40732    0.84456   -0.28358   -0.43410   -0.41550   -0.38437   -0.13217    0.00621   -0.22973   -0.12871    0.22302    1.04040
   0.07143   -0.13684   -0.35593   -0.31535    0.78238   -0.03483    0.05097   -0.27319   -0.46411   -0.22194    0.03106   -0.22973    0.16832    0.64029    1.05200
  -0.71429    0.06526   -1.00000   -0.70979    0.52332   -0.71144   -0.42004   -0.52986   -0.54705   -0.38155   -0.26708   -0.33784   -0.60396   -0.39568    1.04140
  -0.07143   -0.64211   -0.15254   -0.61782    0.69948   -0.36318   -0.37083   -0.65184   -0.66826   -0.51621   -0.34162   -0.59459   -0.47525    0.03597    1.07950
   0.57143    0.09895    0.35593   -0.20294    0.81347    0.02488    0.15993   -0.10038   -0.42265   -0.28180   -0.01863   -0.45946    0.12871    0.55396    1.03960
  -0.17857   -0.17053   -0.28814   -0.57286    0.61658   -0.39303   -0.40246   -0.46124   -0.54386   -0.26683   -0.37888   -0.56757   -0.15842    0.03597    1.05380
   0.00000   -0.10737   -0.08475   -0.34600    0.82383   -0.10448   -0.04394   -0.34943   -0.46731   -0.41147   -0.20497   -0.56757   -0.26733    0.43885    1.05060
  -0.35714   -0.54526   -0.15254   -0.66278    0.70984   -0.66169   -0.52197   -0.61881   -0.71292   -0.56110   -0.35404   -0.52703   -0.58416   -0.25180    1.07420
  -0.71429    0.04842   -0.38983   -0.52381    0.72021   -0.37313   -0.32162   -0.39771   -0.47049   -0.40648   -0.18012   -0.66216   -0.40594   -0.00719    1.04220
  -0.25000   -0.76421   -0.42373   -0.75475    0.73057   -0.65174   -0.63093   -0.74333   -0.75439   -0.72569   -0.44099   -0.62162   -0.60396   -0.16547    1.06650
  -0.03571   -0.14105    0.22034   -0.48498    0.59586   -0.20398   -0.27241   -0.22745   -0.44179   -0.25686   -0.18012   -0.54054   -0.17822    0.05036    1.05240
   0.07143    0.07368   -0.32203   -0.49724    0.60622   -0.26368   -0.21617   -0.30877   -0.50239   -0.30673   -0.32919   -0.32432   -0.19802    0.26619    1.04110
   0.35714    0.09474    0.08475   -0.08849    0.77202    0.13433    0.42706    0.04193   -0.34609   -0.15212    0.20497    0.06757    0.34653    0.58273    1.03990
  -0.17857   -0.02737    0.42373   -0.66074    0.50259   -0.46269   -0.12127   -0.45362   -0.71930   -0.47132   -0.19255   -0.43243   -0.56436    0.06475    1.04620
   0.03571   -0.10316   -0.35593   -0.18251    0.72021   -0.13433    0.13884   -0.20966   -0.25678   -0.00748    0.39130   -0.17568    0.25743    0.51079    1.05020
  -0.32143   -0.26316   -0.38983   -0.57490    0.85492   -0.34328   -0.31107   -0.46633   -0.66507   -0.59102   -0.26708   -0.55405   -0.43564    0.13669    1.05870
  -0.21429    0.23368    0.69491   -0.44206    0.51295   -0.22388    0.11775    0.06989   -0.46731   -0.34663   -0.46584   -0.67568   -0.35644   -0.10791    1.03280
   0.14286   -0.22526    0.42373   -0.41345    0.79275   -0.18408   -0.16345   -0.27827   -0.53429   -0.41646   -0.25466   -0.47297   -0.05941    0.23741    1.05680
