   0.00000    0.00000    1.00000    0.00000    0.00000    0.00000    0.54971
   0.00000    0.00000    0.50000    0.50000    0.00000    0.00000    0.75062
   0.33300    0.33300    0.00000    0.33300    0.00000    0.00000    0.51268
   0.50000    0.00000    0.00000    0.50000    0.00000    0.00000    0.52698
   0.33300    0.00000    0.00000    0.33300    0.33300    0.00000    0.61861
   0.20000    0.20000    0.20000    0.20000    0.00000    0.20000    0.68540
   0.33300    0.00000    0.33300    0.33300    0.00000    0.00000    0.75344
   0.50000    0.00000    0.50000    0.00000    0.00000    0.00000    0.60504
   0.00000    0.00000    0.50000    0.00000    0.00000    0.50000    0.45576
   0.50000    0.50000    0.00000    0.00000    0.00000    0.00000    0.42968
   0.25000    0.25000    0.25000    0.25000    0.00000    0.00000    0.71361
   0.25000    0.25000    0.00000    0.00000    0.25000    0.25000    0.48216
   0.00000    0.33300    0.00000    0.33300    0.33300    0.00000    0.65173
   0.25000    0.00000    0.25000    0.25000    0.00000    0.25000    0.64931
   0.00000    0.33300    0.00000    0.00000    0.33300    0.33300    0.47397
   0.20000    0.20000    0.20000    0.20000    0.20000    0.00000    0.73045
   0.00000    0.33300    0.33300    0.00000    0.00000    0.33300    0.56986
   0.00000    0.00000    0.33300    0.33300    0.00000    0.33300    0.56665
   0.00000    0.25000    0.25000    0.25000    0.00000    0.25000    0.67939
   0.00000    0.00000    0.00000    0.00000    0.50000    0.50000    0.29828
   0.00000    0.25000    0.25000    0.25000    0.25000    0.00000    0.78042
   0.00000    0.00000    0.00000    0.00000    0.00000    1.00000    0.32661
   0.20000    0.00000    0.20000    0.20000    0.20000    0.20000    0.63579
   0.00000    0.00000    0.25000    0.25000    0.25000    0.25000    0.59511
   0.00000    0.00000    0.00000    0.33300    0.33300    0.33300    0.52673
   0.00000    0.00000    0.33300    0.00000    0.33300    0.33300    0.46118
   0.00000    0.50000    0.00000    0.00000    0.00000    0.50000    0.53629
   0.50000    0.00000    0.00000    0.00000    0.50000    0.00000    0.34946
   0.00000    0.00000    0.00000    0.50000    0.00000    0.50000    0.56143
   0.50000    0.00000    0.00000    0.00000    0.00000    0.50000    0.31225
