  -0.10714    0.25474    0.15254   -0.50746    0.61658   -0.55224   -0.17047   -0.35705   -0.49601   -0.31671   -0.37888   -0.59459   -0.23762    0.26619    1.03170
  -0.60714   -0.97053   -0.55932   -0.94073    0.49223   -0.71144   -0.59578   -0.85769   -0.86603   -0.86035   -0.77640   -0.60811   -1.00000   -0.29496    1.09830
  -0.14286   -0.74316   -1.00000   -0.55242    0.77202   -0.26368   -0.49736   -0.65438   -0.56300   -0.42643   -0.46584   -0.41892   -0.43564    0.13669    1.08530
  -0.42857   -0.07368   -0.32203   -0.69140    0.63731   -0.56219   -0.34974   -0.57815   -0.64274   -0.47631   -0.30435   -0.33784   -0.36634   -0.09353    1.04880
  -0.07143    1.00000   -0.01695   -0.17842    0.43005    0.00498    0.42355    0.33926   -0.11324   -0.23691   -0.51553   -0.39189   -0.01980    0.16547    0.99500
  -0.14286   -0.64211    0.15254   -0.65461    0.83420   -0.47264   -0.49736   -0.65692   -0.63955   -0.71571   -0.44099   -0.45946   -0.51485   -0.09353    1.07960
  -0.21429   -0.41895   -0.05085   -0.65256    0.53368   -0.34328   -0.31107   -0.62643   -0.71292   -0.43641   -0.55280   -0.40541   -0.04951    0.17986    1.06740
  -0.67857   -0.44842   -0.49152   -0.73431    0.55440   -0.58209   -0.53251   -0.64930   -0.63636   -0.36160   -0.36646   -0.60811   -0.33663   -0.19425    1.06890
  -0.14286    0.32632    0.08475   -0.31331    0.70984   -0.06468    0.26889   -0.08767   -0.61723   -0.40648   -0.37888   -0.54054   -0.32673    0.12230    1.02800
  -0.07143    0.38105   -0.15254   -0.37462    0.78238   -0.09453   -0.17750   -0.18933   -0.46731   -0.32668   -0.20497   -0.43243    0.17822    0.52518    1.02540
  -0.07143    0.24632   -0.89830   -0.28060    0.66839   -0.02488    0.11072   -0.20966   -0.32376    0.05736   -0.03106   -0.25676   -0.15842    0.25180    1.03220
  -0.60714   -0.58316   -0.49152   -0.78132    0.64767   -0.51244   -0.38489   -0.74587   -0.86603   -0.84539   -0.77640   -0.58108   -0.38614   -0.15108    1.07630
  -0.28571   -0.42737   -0.01695   -0.74862    0.66839   -0.63184   -0.52548   -0.70267   -0.63955   -0.67082   -0.56522   -0.67568   -0.35644   -0.23741    1.06780
   0.07143   -0.12000   -0.93220   -0.24995    0.87565   -0.21393   -0.11424   -0.36468   -0.27273   -0.06234    0.11801   -0.12162    0.07921    0.38129    1.05020
  -0.35714   -0.54526   -0.15254   -0.66278    0.70984   -0.66169   -0.52197   -0.61881   -0.71292   -0.56110   -0.35404   -0.52703   -0.58416   -0.25180    1.07420
   0.10714    0.14526   -0.08475   -0.20090    0.86529   -0.09453    0.27592   -0.12071   -0.23445   -0.17706   -0.09317   -0.44595    0.18812    0.43885    1.03730
   0.32143    0.37263    0.52542   -0.10689    0.79275    0.01493    0.28295    0.11817   -0.20893   -0.08229    0.61491   -0.14865    0.03960    0.26619    1.02560
  -0.53571   -0.25474   -0.66102   -0.75271    0.67876   -0.56219   -0.73989   -0.73062   -0.73206   -0.61596   -0.60248   -0.59459   -0.50495   -0.17986    1.05840
  -0.46429   -0.57053   -0.15254   -0.67505    0.77202   -0.62189   -0.61687   -0.56036   -0.57576   -0.73067   -0.47826   -0.55405   -0.88119   -0.30935    1.07560
  -0.14286   -0.52421   -0.05085   -0.64030    0.53368   -0.24378   -0.29350   -0.56036   -0.64274   -0.25686   -0.21739   -0.43243   -0.42574   -0.02158    1.07300
  -0.07143   -0.49895   -0.66102   -0.48089    0.83420   -0.24378   -0.25483   -0.50953   -0.52791   -0.48628   -0.29192    1.00000   -0.23762   -0.03597    1.07160
  -0.64286   -0.83158   -0.15254   -0.92643    0.54404   -0.71144   -0.85589   -0.97459   -0.92983   -0.83042   -0.82609   -0.62162   -0.80198   -0.30935    1.09030
  -0.60714   -0.77684   -0.89830   -0.79358    0.78238   -0.59204   -0.54306   -0.81957   -0.77353   -0.76559   -0.66460   -0.60811   -0.90099   -0.39568    1.08730
  -0.71429    0.04842   -0.38983   -0.52381    0.72021   -0.37313   -0.32162   -0.39771   -0.47049   -0.40648   -0.18012   -0.66216   -0.40594   -0.00719    1.04220
   0.46429    0.60421   -0.32203    0.02800    0.92746    0.06468    0.26186    0.12579   -0.12600    0.06234    0.49068   -0.13513    0.21782    0.46763    1.01400
  -0.46429   -0.09895   -0.38983   -0.59125    0.64767   -0.69154   -0.34974   -0.41804   -0.50239   -0.48628   -0.52795   -0.50000   -0.27723   -0.28058    1.05000
  -0.42857   -0.10316   -0.32203   -0.63621    0.68912   -0.58209   -0.50088   -0.48666   -0.52791   -0.28678   -0.40373   -0.62162   -0.41584   -0.05036    1.05030
   0.07143    0.44421   -0.55932   -0.10280    0.65803   -0.07463    0.25132    0.18170   -0.14195    0.35661   -0.05590   -0.33784    0.11881    0.55396    1.01800
   0.21429   -0.27158   -0.28814   -0.38279    0.90674   -0.26368    0.08260   -0.50953   -0.45454   -0.48628   -0.13043   -0.22973    0.01980    0.39568    1.05930
  -0.32143   -0.19158   -0.86441   -0.48907    0.66839   -0.47264   -0.09315   -0.45870   -0.51196   -0.44140   -0.34162   -0.48649   -0.29703   -0.02158    1.05490
   0.64286   -0.26737    0.05085   -0.13346    1.00000   -0.00498    0.19156   -0.24269   -0.28230   -0.27681    0.15528   -0.44595   -0.19802    0.41007    1.09910
  -0.28571   -0.62105   -0.15254   -0.46250    0.86529   -0.38309   -0.28647   -0.50699   -0.47687   -0.49127   -0.18012   -0.25676   -0.45545   -0.00719    1.07850
  -0.75000   -0.66737   -0.59322   -0.89373    0.57513   -0.49254   -0.67311   -0.86785   -0.99043   -0.77556   -0.78882   -0.68919   -0.61386   -0.13669    1.08110
  -0.17857   -0.18737   -0.28814   -0.33170    0.82383   -0.25373   -0.08963   -0.15121   -0.40670   -0.30175   -0.21739   -0.40541   -0.43564    0.07914    1.05470
  -0.03571    0.14947   -0.59322   -0.18046    0.76166   -0.16418    0.12829   -0.06989   -0.24083   -0.17207    0.11801   -0.41892   -0.08911    0.46763    1.03700
   0.03571    0.26316    0.11864   -0.46863    0.57513   -0.02488   -0.16696   -0.21474   -0.38756   -0.12219   -0.10559   -0.51351   -0.00990    0.30935    1.03130
   0.57143    0.09895    0.35593   -0.20294    0.81347    0.02488    0.15993   -0.10038   -0.42265   -0.28180   -0.01863   -0.45946    0.12871    0.55396    1.03960
  -0.53571   -0.08211   -0.42373   -0.60556    0.70984   -0.41294   -0.52197   -0.57560   -0.66188   -0.42145   -0.61491   -0.55405   -0.21782    0.05036    1.04910
  -0.14286   -0.60421   -0.96610   -0.66278    0.77202   -0.56219   -0.55009   -0.80432   -0.71611   -0.55611   -0.61491   -0.51351   -0.43564   -0.10791    1.07750
  -0.10714   -0.09474    1.00000   -0.65052    0.68912   -0.33333   -0.39895   -0.33926   -0.54386   -0.68579   -0.44099   -0.67568   -0.34653   -0.16547    1.04980
   0.17857    0.25895    0.45763   -0.41754    0.50259   -0.03483   -0.04745   -0.20966   -0.50558   -0.40150   -0.36646   -0.33784    0.09901    0.36691    1.03160
  -0.39286    0.12421   -0.11864   -0.53607    0.75129   -0.31343   -0.24780   -0.41550   -0.60128   -0.39651   -0.36646   -0.63514   -0.30693   -0.09353    1.03840
  -0.46429   -0.40211   -0.93220   -0.69344    0.70984   -0.54229   -0.52900   -0.68234   -0.67145   -0.54115   -0.56522   -0.60811   -0.13861    0.05036    1.06640
  -0.35714    0.14105   -0.25424   -0.44819    0.66839   -0.33333   -0.11072   -0.19441   -0.45454   -0.41646   -0.39130   -0.51351   -0.39604    0.12230    1.03740
  -0.32143   -0.13684   -0.55932   -0.51972    0.72021   -0.27363   -0.25483   -0.46887   -0.56300   -0.47132   -0.46584   -0.55405   -0.38614    0.10791    1.05210
  -0.50000   -0.51579   -0.38983   -0.77723    0.56477   -0.56219   -0.43058   -0.63914   -0.78947   -0.65586   -0.60248   -0.63514   -0.34653    0.05036    1.07250
  -0.03571   -0.32632   -0.79661   -0.46659    0.58549   -0.31343   -0.03339   -0.48666   -0.44498   -0.15212   -0.29192   -0.48649    0.22772    0.36691    1.06220
  -0.10714   -0.62947    0.11864   -0.76906    0.62694   -0.24378   -0.67663   -0.65947   -0.66507   -0.41646   -0.42857   -0.66216   -0.45545   -0.09353    1.07880
  -0.53571   -0.36842    0.05085   -0.70570    0.64767   -0.35323   -0.48682   -0.50953   -0.69697   -0.67581   -0.60248   -0.60811   -0.63366   -0.32374    1.06460
   0.17857   -0.22947    0.01695   -0.30717    0.85492    0.08458    0.07909   -0.18170   -0.49920   -0.57107   -0.29192   -0.41892    0.01980    0.23741    1.05690
   0.28571    0.19579   -0.05085   -0.36031    0.60622    0.09453   -0.07557   -0.25286   -0.36842   -0.06234    0.05590   -0.24324   -0.16832    0.36691    1.03460
  -0.35714    0.12421    0.22034   -0.64643    0.56477   -0.60199   -0.45167   -0.35197   -0.51515   -0.52120   -0.63975   -0.74324   -0.70297   -0.26619    1.03840
   0.00000   -0.10737   -0.08475   -0.34600    0.82383   -0.10448   -0.04394   -0.34943   -0.46731   -0.41147   -0.20497   -0.56757   -0.26733    0.43885    1.05060
  -0.32143   -0.12421   -0.66102   -0.49315    0.65803   -0.27363   -0.20211   -0.43583   -0.39713   -0.19202   -0.34162   -0.67568   -0.23762    0.09353    1.05130
   0.46429   -0.36000   -0.79661   -0.32966    0.66839    0.01493    0.12829   -0.25286   -0.36842   -0.19202   -0.05590   -0.25676   -0.18812    0.69784    1.06400
  -0.60714   -0.66316   -0.01695   -0.84672    0.58549   -0.46269   -0.63445   -0.67980   -0.86922   -0.89526   -0.91304   -0.68919   -0.52475   -0.28058    1.08070
  -0.14286   -0.56210   -0.86441   -0.45841    0.77202   -0.37313   -0.20914   -0.56798   -0.48325   -0.35661   -0.46584   -0.50000   -0.24752    0.20863    1.07510
  -0.14286   -0.30526   -0.62712   -0.23769    0.82383   -0.11443   -0.05448   -0.20966   -0.23445   -0.07232   -0.05590   -0.33784    0.21782    0.30935    1.06100
  -0.03571    0.03579    0.32203   -0.49929    0.50259   -0.27363   -0.10369   -0.26556   -0.53429   -0.33167   -0.41615   -0.48649   -0.03960    0.23741    1.04300
   0.50000   -0.00632   -0.35593   -0.06601    0.85492    0.07463    0.34271    0.01398   -0.24083    0.02244    0.03106   -0.24324    0.22772    0.55396    1.04530
   0.17857    0.31368   -0.79661   -0.28674    0.63731   -0.26368   -0.07557   -0.09530   -0.31738    0.06733   -0.13043   -0.17568    0.02970    0.39568    1.02870
  -0.75000   -0.28421    0.45763   -0.92643    0.50259   -0.64179   -0.51845   -0.73825   -0.91707   -0.82544   -0.95031   -0.86486   -0.63366   -0.45324    1.05990
  -0.10714   -0.56632   -0.96610   -0.43061    0.98964   -0.31343   -0.39192   -0.59593   -0.44179   -0.40648   -0.42857   -0.44595   -0.30693    0.25180    1.07540
   0.07143   -0.06526    0.59322   -0.51564    0.61658   -0.24378   -0.20211   -0.34943   -0.57576   -0.61097   -0.34162   -0.63514   -0.40594   -0.32374    1.04830
   0.28571   -0.30105   -0.25424   -0.26221    0.80311    0.07463   -0.07557   -0.31639   -0.45774   -0.19701   -0.15528   -0.32432    0.23762   -0.69784    1.06100
  -0.57143    0.68842   -0.08475   -0.40119    0.47150   -0.27363    0.37786    0.11055   -0.08134   -0.26683   -0.34162   -0.62162   -0.28713    0.26619    1.01010
  -0.32143   -0.26316   -0.38983   -0.57490    0.85492   -0.34328   -0.31107   -0.46633   -0.66507   -0.59102   -0.26708   -0.55405   -0.43564    0.13669    1.05870
   0.00000   -0.48632   -0.28814   -0.51155    0.68912   -0.33333   -0.17750   -0.49682   -0.54705   -0.35162   -0.22981   -0.36486   -0.31683    0.06475    1.07090
  -0.60714   -0.43158    0.11864   -0.94686    0.43005   -0.79104   -0.70474   -0.83227   -0.88517   -0.81546   -0.70186   -1.00000   -0.55446   -0.32374    1.06800
   0.07143    0.34737   -0.35593   -0.23564    0.74093    0.03483   -0.04042   -0.11309   -0.33014   -0.11222   -0.10559   -0.47297    0.08911    0.51079    1.02690
  -0.60714   -0.47368   -0.72881   -0.85285    0.62694   -0.52239   -0.66960   -0.81703   -0.84689   -0.85536   -0.77640   -0.63514   -0.78218    1.00000    1.07040
  -0.17857    0.02737   -0.35593   -0.59330    0.65803   -0.46269   -0.32865   -0.54765   -0.57257   -0.56110   -0.51553   -0.47297   -0.08911    0.26619    1.04350
   0.00000   -0.57895   -0.79661   -0.47680    0.77202   -0.41294   -0.32513   -0.45616   -0.44179   -0.32170   -0.31677   -0.20270   -0.32673    0.00719    1.07610
  -0.42857   -0.26737   -0.28814   -0.72410    0.58549   -0.36318   -0.41652   -0.78145   -0.73844   -0.68579   -0.65217   -0.77027   -0.09901    0.03597    1.05900
  -0.28571   -0.60421   -0.86441   -0.72410    0.63731   -0.57214   -0.52197   -0.79161   -0.72887   -0.51621   -0.63975   -0.82432   -0.32673    0.15108    1.07760
  -0.32143   -0.27158   -0.79661   -0.56673    0.89637   -0.55224   -0.55009   -0.64168   -0.57576   -0.49626   -0.40373   -0.64865   -0.26733   -0.03597    1.05940
  -0.10714   -0.22105    0.32203   -0.75679    0.57513   -0.51244   -0.56766   -0.68488   -0.68740   -0.63591   -0.50311   -0.68919   -0.55446   -0.13669    1.06660
   0.10714   -0.47789    0.08475   -0.71592    0.69948   -0.26368   -0.30756   -0.43075   -0.64274   -0.47631   -0.36646   -0.35135   -0.34653    0.28058    1.07060
   0.07143   -0.10737   -0.72881   -0.29082    0.73057   -0.17413   -0.12829   -0.17662   -0.24721   -0.06234    0.05590   -0.37838    0.19802    0.52518    1.05050
  -0.10714   -0.47789    0.42373   -0.69957    0.65803   -0.32338   -0.42004   -0.65947   -0.69697   -0.30175   -0.24224   -0.56757   -0.50495    0.13669    1.07050
  -0.32143    0.23789   -0.28814   -0.43389    0.84456   -0.34328   -0.34974   -0.25794   -0.50239   -0.18205   -0.22981   -0.36486   -0.05941    0.06475    1.03250
   0.53571    0.06526   -0.52542   -0.11506    0.75129    0.03483    0.26538    0.00127   -0.06220    0.09726    0.16770   -0.33784    0.04951   -1.00000    1.04140
  -0.71429    0.06526   -1.00000   -0.70979    0.52332   -0.71144   -0.42004   -0.52986   -0.54705   -0.38155   -0.26708   -0.33784   -0.60396   -0.39568    1.04140
  -0.14286   -0.25053   -0.18644   -0.68935    0.60622   -0.52239   -0.44464   -0.52224   -0.75120   -0.62594   -0.46584   -0.62162   -0.32673   -0.06475    1.05820
   0.14286    0.04421    0.35593   -0.40323    0.77202   -0.05473   -0.13181   -0.26811   -0.48644   -0.39651   -0.09317   -0.47297   -0.22772    0.07914    1.04240
   0.17857   -0.38526   -0.62712   -0.36644    0.80311   -0.26368   -0.13884   -0.33418   -0.35885   -0.29177   -0.05590   -0.20270   -0.35644    0.17986    1.06530
  -0.50000   -0.72210   -0.38983   -0.83037    0.63731   -0.68159   -0.65202   -0.78399   -0.80861   -0.79052   -0.76397   -0.74324   -0.81188   -0.26619    1.08400
  -0.21429   -0.35158    0.22034   -0.53403    0.74093   -0.31343   -0.26538   -0.52478   -0.59171   -0.50623   -0.26708   -0.39189   -0.39604    0.23741    1.06360
  -1.00000   -0.47368    0.11864   -0.93460    0.54404   -0.77114   -0.66608   -0.77637   -0.92025   -0.82045   -1.00000   -0.91892   -0.95050   -0.85611    1.07030
   0.10714   -0.04842    0.08475   -0.35009    0.76166   -0.12438   -0.00527   -0.22236   -0.53429   -0.50125   -0.37888   -0.60811    0.09901    0.32374    1.04730
  -0.07143    0.06526   -0.25424   -0.45432    0.74093   -0.16418   -0.30053   -0.27065   -0.47687   -0.50623   -0.06832   -0.44595   -0.18812    0.23741    1.04140
   0.14286    0.32211    0.52542   -0.63008    0.58549   -0.27363   -0.35325   -0.32910   -0.61403   -0.62095   -0.35404   -0.37838   -0.54455   -0.10791    1.02830
   0.28571   -0.11579   -0.83051   -0.33170    0.82383   -0.29353   -0.23374   -0.21982   -0.36204   -0.25686   -0.13043   -0.21622   -0.11881    0.17986    1.05100
  -0.35714   -0.05684   -0.38983   -0.59330    0.73057   -0.68159   -0.33216   -0.51461   -0.57576   -0.45636   -0.32919   -0.54054   -0.31683   -0.07914    1.04810
  -0.75000   -1.00000   -0.38983   -1.00000    0.59586   -0.73134   -1.00000   -1.00000   -1.00000   -1.00000   -0.93789   -0.85135   -0.71287   -0.48201    1.10890
   0.07143   -0.37684    0.11864   -0.58308    0.60622   -0.39303   -0.21265   -0.44854   -0.61403   -0.53117   -0.31677   -0.52703   -0.14852    0.19425    1.06500
  -0.53571   -0.48211   -0.96610   -0.70775    0.58549   -0.49254   -0.51494   -0.59847   -0.69697   -0.41147   -0.46584   -0.62162   -0.28713   -0.07914    1.07080
  -0.67857   -0.34316   -0.69491   -0.82220    0.60622   -0.72139   -0.76450   -0.82211   -0.69378   -0.49127   -0.71429   -0.58108   -0.69307   -0.29496    1.06310
  -0.46429    0.22105   -0.59322   -0.36849    0.72021   -0.22388   -0.20562   -0.31385   -0.35566   -0.12219   -0.03106   -0.45946    0.12871    0.41007    1.03330
   0.28571   -0.19158   -0.55932   -0.19477    0.83420   -0.06468   -0.00879   -0.34689   -0.37799   -0.12219    0.03106   -0.12162    0.14852    0.82734    1.05490
   0.07143   -0.50316   -0.83051   -0.59534    0.73057   -0.30348   -0.51845   -0.75349   -0.69697   -0.49626   -0.60248   -0.27027   -0.58416    0.29496    1.07190
  -0.60714   -0.25474   -0.32203   -0.59534    0.74093   -0.46269   -0.55360   -0.48412   -0.48963   -0.24688   -0.37888   -0.56757   -0.40594   -0.02158    1.05830
  -0.42857   -0.06947   -0.28814   -0.74249    0.64767   -0.59204   -0.58524   -0.58577   -0.62041   -0.58604   -0.66460   -0.60811   -0.54455   -0.19425    1.04840
   0.35714    0.09474    0.08475   -0.08849    0.77202    0.13433    0.42706    0.04193   -0.34609   -0.15212    0.20497    0.06757    0.34653    0.58273    1.03990
  -0.25000   -0.76000   -0.76271   -0.65870    0.73057   -0.38309   -0.50088   -0.61626   -0.50239   -0.43641   -0.27950   -0.67568   -0.47525   -0.22302    1.08620
  -0.82143   -0.42737   -0.22034   -0.85898    0.61658   -0.83085   -0.54306   -0.64422   -0.82775   -0.76060   -0.65217   -0.79730   -0.60396   -0.35252    1.06780
  -0.07143    0.06105    0.11864   -0.34600    0.85492   -0.28358   -0.08612   -0.30623   -0.31101   -0.16210    0.19255   -0.41892   -0.16832    0.29496    1.04180
   0.07143   -0.47789   -0.89830   -0.52994    0.78238   -0.33333   -0.28647   -0.51461   -0.61403   -0.36160   -0.20497   -0.44595   -0.43564    0.15108    1.07040
   0.21429    0.13684    0.62712   -0.57286    0.67876   -0.24378   -0.20914   -0.35197   -0.68102   -0.56110   -0.56522   -0.32432   -0.36634   -0.09353    1.03770
  -0.03571   -0.73474   -0.08475   -0.72001    0.82383   -0.60199   -0.50791   -0.74079   -0.78947   -0.73067   -0.42857   -0.52703    0.35644   -0.07914    1.08480
  -0.14286   -0.63789   -0.38983   -0.59943    0.74093   -0.17413   -0.64148   -0.63660   -0.58214   -0.49626   -0.16770   -0.52703   -0.19802    0.19425    1.07940
  -0.64286   -0.50316    0.32203   -0.79971    0.50259   -0.46269   -0.50439   -0.64676   -0.74482   -0.58604   -0.72671   -0.75676   -0.54455   -0.13669    1.07200
  -0.53571   -0.04000   -0.32203   -0.63826    0.79275   -0.57214   -0.54657   -0.58831   -0.63317   -0.35162   -0.26708   -0.55405   -0.31683   -0.12230    1.04700
  -0.32143   -0.13684   -0.18644   -0.52177    0.67876   -0.39303   -0.28295   -0.33418   -0.45136   -0.44638   -0.35404   -0.54054   -0.57426   -0.03597    1.05200
   0.00000   -0.68421   -0.01695   -0.70570    0.67876   -0.42289   -0.50791   -0.69250   -0.70016   -0.62594   -0.25466   -0.52703   -0.73267   -0.29496    1.08190
   0.07143    0.27158    0.59322   -0.20703    0.69948   -0.03483    0.20914   -0.02922   -0.20255   -0.19701    0.36646   -0.52703    0.25743    0.66906    1.03080
  -0.21429   -0.23789   -0.25424   -0.43593    0.77202   -0.31343   -0.20914   -0.54002   -0.48963   -0.43641   -0.22981   -0.27027   -0.27723    0.09353    1.05750
  -0.35714   -0.32632   -0.15254   -0.73023    0.54404   -0.42289   -0.48330   -0.57560   -0.67464   -0.45636   -0.56522   -0.59459   -0.42574   -0.06475    1.06230
   0.21429    0.03158    0.01695   -0.33987    0.75129   -0.17413   -0.03339   -0.22236   -0.36204   -0.16708   -0.22981   -0.48649    0.07921    0.35252    1.04330
  -0.21429    0.13684    0.69491   -0.59534    0.64767   -0.26368   -0.22320   -0.22745   -0.64274   -0.54614   -0.55280   -0.60811   -0.51485   -0.23741    1.03780
  -0.10714    0.37263   -0.05085   -0.30922    0.55440   -0.09453    0.24780   -0.01652   -0.44179   -0.29676    0.00621   -0.24324   -0.07921    0.43885    1.02580
  -0.42857   -0.70105   -0.08475   -0.82015    0.59586   -0.53234   -0.58172   -0.74587   -0.87241   -0.80549   -0.75155   -0.64865   -0.39604    0.12230    1.08290
  -0.03571    0.08632   -0.38983   -0.40732    0.84456   -0.28358   -0.43410   -0.41550   -0.38437   -0.13217    0.00621   -0.22973   -0.12871    0.22302    1.04040
