   0.00000    0.00000    0.00000    0.00000    0.00000    1.00000    0.32661
   0.20000    0.00000    0.20000    0.20000    0.20000    0.20000    0.63579
   0.25000    0.00000    0.00000    0.25000    0.25000    0.25000    0.52528
   0.00000    0.20000    0.20000    0.20000    0.20000    0.20000    0.68674
   0.00000    0.50000    0.00000    0.00000    0.00000    0.50000    0.53629
   0.00000    0.00000    0.33300    0.33300    0.33300    0.00000    0.74693
   0.25000    0.25000    0.25000    0.00000    0.25000    0.00000    0.68087
   0.00000    0.25000    0.25000    0.00000    0.25000    0.25000    0.58236
   0.50000    0.00000    0.00000    0.00000    0.00000    0.50000    0.31225
   0.25000    0.25000    0.25000    0.00000    0.00000    0.25000    0.64566
   0.00000    0.00000    0.50000    0.00000    0.50000    0.00000    0.62673
   0.00000    0.33300    0.33300    0.33300    0.00000    0.00000    0.78606
   0.00000    0.33300    0.00000    0.33300    0.33300    0.00000    0.65173
   0.20000    0.20000    0.20000    0.00000    0.20000    0.20000    0.59579
   0.00000    0.00000    0.00000    1.00000    0.00000    0.00000    0.69263
   0.33300    0.00000    0.33300    0.33300    0.00000    0.00000    0.75344
   0.00000    0.00000    0.33300    0.00000    0.33300    0.33300    0.46118
   0.50000    0.00000    0.00000    0.00000    0.50000    0.00000    0.34946
   0.00000    0.00000    0.50000    0.50000    0.00000    0.00000    0.75062
   0.00000    1.00000    0.00000    0.00000    0.00000    0.00000    0.53187
   0.33300    0.00000    0.33300    0.00000    0.00000    0.33300    0.52502
   0.25000    0.00000    0.25000    0.25000    0.25000    0.00000    0.72110
   0.50000    0.00000    0.50000    0.00000    0.00000    0.00000    0.60504
   0.25000    0.25000    0.00000    0.25000    0.00000    0.25000    0.59923
   0.16700    0.16700    0.16700    0.16700    0.16700    0.16700    0.69269
   0.00000    0.00000    0.00000    0.00000    0.50000    0.50000    0.29828
   0.33300    0.33300    0.00000    0.00000    0.00000    0.33300    0.52634
   0.00000    0.25000    0.25000    0.25000    0.00000    0.25000    0.67939
   1.00000    0.00000    0.00000    0.00000    0.00000    0.00000    0.20000
   0.00000    0.00000    0.00000    0.00000    1.00000    0.00000    0.32435
