   7.00000  183.90000  122.60000    0.00000  203.50000    0.00000  959.20000  800.00000   10.78754
 100.00000  167.95000   42.08000  163.83000  121.75000    5.72000 1058.70000  780.11000   39.23118
   3.00000  374.00000  189.20000    0.00000  170.10000   10.10000  926.10000  756.70000   34.39796
  28.00000  136.00000  162.00000  126.00000  172.00000   10.00000  923.00000  764.00000   29.06831
   3.00000  339.00000    0.00000    0.00000  197.00000    0.00000  968.00000  781.00000   13.22415
   7.00000  425.00000  106.30000    0.00000  153.50000   16.50000  852.10000  887.10000   49.20101
  28.00000  540.00000    0.00000    0.00000  162.00000    2.50000 1040.00000  676.00000   79.98611
  28.00000  362.60000  189.00000    0.00000  164.90000   11.60000  944.70000  755.80000   71.29871
  56.00000  275.07000    0.00000  121.35000  159.48000    9.90000 1053.60000  777.50000   56.84730
  28.00000  252.00000   97.00000   76.00000  194.00000    8.00000  835.00000  821.00000   33.39822
  90.00000  255.00000    0.00000    0.00000  192.00000    0.00000  889.80000  945.00000   21.85915
   3.00000  249.10000    0.00000   98.75000  158.11000   12.80000  987.76000  889.01000   15.36153
  14.00000  385.00000    0.00000    0.00000  186.00000    0.00000  966.00000  763.00000   27.92378
  28.00000  143.80000  136.30000  106.20000  178.10000    7.50000  941.50000  774.30000   26.14769
   7.00000  202.00000   11.00000  141.00000  206.00000    1.72000  942.00000  801.00000   15.06998
   3.00000  288.00000  192.00000    0.00000  192.00000    0.00000  932.00000  717.80000   16.10961
  28.00000  296.00000    0.00000  107.00000  221.00000   11.00000  819.00000  778.00000   31.41942
  28.00000  155.00000    0.00000  143.00000  193.00000    9.00000 1047.00000  697.00000   12.45883
  28.00000  312.90000  160.50000    0.00000  177.60000    9.60000  916.60000  759.50000   52.44637
  28.00000  318.80000  212.50000    0.00000  155.70000   14.30000  852.10000  880.40000   55.49592
   3.00000  491.00000   26.00000  123.00000  201.00000    3.93000  822.00000  699.00000   29.54897
   7.00000  300.00000    0.00000    0.00000  184.00000    0.00000 1075.00000  795.00000   15.57526
  56.00000  362.60000  189.00000    0.00000  164.90000   11.60000  944.70000  755.80000   77.29715
  28.00000  144.00000    0.00000  175.00000  158.00000   18.00000  943.00000  844.00000   15.41668
  28.00000  281.00000    0.00000    0.00000  185.00000    0.00000 1104.00000  774.00000   22.43555
 120.00000  331.00000    0.00000    0.00000  192.00000    0.00000 1025.00000  821.00000   39.38287
   3.00000  212.00000    0.00000  124.78000  159.00000    7.84000 1085.40000  799.54000   19.51907
  90.00000  192.00000  288.00000    0.00000  192.00000    0.00000  929.80000  716.10000   50.73233
  90.00000  198.60000  132.40000    0.00000  192.00000    0.00000  978.40000  825.50000   38.07424
  28.00000  302.00000    0.00000    0.00000  203.00000    0.00000  974.00000  817.00000   21.75297
  14.00000  218.85000    0.00000  124.13000  158.49000   11.33000 1078.70000  794.91000   26.04840
  90.00000  307.00000    0.00000    0.00000  193.00000    0.00000  968.00000  812.00000   32.92248
  56.00000  362.60000  189.00000    0.00000  164.90000   11.60000  944.70000  755.80000   77.29715
  28.00000  310.00000    0.00000    0.00000  192.00000    0.00000  970.00000  850.00000   27.92378
   7.00000  385.00000    0.00000    0.00000  186.00000    0.00000  966.00000  763.00000   23.22155
  28.00000  160.00000  188.00000  146.00000  203.00000   11.00000  829.00000  710.00000   32.83974
  14.00000  295.71000    0.00000   95.64000  171.54000    8.87000  955.14000  859.20000   35.23222
 100.00000  250.00000    0.00000   95.69000  187.42000    5.53000  956.86000  861.17000   42.34762
  28.00000  151.00000    0.00000  184.00000  167.00000   12.00000  991.00000  772.00000   15.56837
 100.00000  212.07000    0.00000  121.62000  180.31000    5.69000 1057.60000  779.32000   39.61040
  90.00000  310.00000    0.00000    0.00000  192.00000    0.00000  970.00000  850.00000   34.68064
  14.00000  229.68000    0.00000  118.16000  195.23000    6.13000 1028.10000  757.63000   22.31834
 100.00000  190.34000    0.00000  125.18000  161.85000    9.88000 1088.10000  802.59000   40.38950
   3.00000  310.00000    0.00000    0.00000  192.00000    0.00000 1012.00000  830.00000   11.85209
  28.00000  277.19000   97.82000   24.46000  160.70000   11.19000 1061.70000  782.46000   63.14221
   3.00000  385.00000    0.00000    0.00000  186.00000    0.00000  966.00000  763.00000   14.69963
  28.00000  193.50000  290.20000    0.00000  185.70000    0.00000  998.20000  704.30000   32.62669
  90.00000  427.50000   47.50000    0.00000  228.00000    0.00000  932.00000  594.00000   41.54300
  90.00000  266.00000  114.00000    0.00000  228.00000    0.00000  932.00000  670.00000   47.02985
   7.00000  252.00000    0.00000    0.00000  185.00000    0.00000 1111.00000  784.00000   13.71368
  14.00000  181.38000    0.00000  167.01000  169.59000    7.56000 1055.60000  777.80000   21.60128
  56.00000  231.75000    0.00000  121.62000  173.96000    6.72000 1056.40000  778.45000   42.69925
  28.00000  164.60000    0.00000  150.40000  181.60000   11.70000 1023.30000  728.90000   18.03393
  28.00000  181.38000    0.00000  167.01000  169.59000    7.56000 1055.60000  777.80000   27.77209
  90.00000  122.60000  183.90000    0.00000  203.50000    0.00000  958.20000  800.10000   33.19206
  90.00000  331.00000    0.00000    0.00000  192.00000    0.00000  978.00000  825.00000   37.23170
  28.00000  255.30000   98.80000   77.00000  188.60000    6.50000  919.00000  749.30000   33.79880
 100.00000  252.31000    0.00000   98.75000  146.25000   14.17000  987.76000  889.01000   60.94968
   7.00000  331.00000    0.00000    0.00000  192.00000    0.00000 1025.00000  821.00000   17.43685
  28.00000  144.00000  170.00000  133.00000  192.00000    8.00000  814.00000  805.00000   29.86810
  56.00000  218.23000   54.64000  123.78000  140.75000   11.91000 1075.70000  792.67000   61.99079
  28.00000  356.00000  119.00000    0.00000  160.00000    9.03000 1061.00000  657.00000   58.99846
 100.00000  238.05000    0.00000   94.11000  186.66000    7.00000  949.91000  847.01000   44.29883
  28.00000  190.00000  190.00000    0.00000  228.00000    0.00000  932.00000  670.00000   40.85697
  56.00000  284.00000   15.00000  141.00000  179.00000    5.46000  842.00000  801.00000   44.52045
   3.00000  469.00000  117.20000    0.00000  137.80000   32.20000  852.10000  840.50000   40.19645
  28.00000  334.00000   17.60000  158.00000  189.00000   15.30000  967.00000  633.00000   44.32641
 100.00000  249.10000    0.00000   98.75000  158.11000   12.80000  987.76000  889.01000   51.05570
  28.00000  148.00000  175.00000    0.00000  171.00000    2.00000 1000.00000  828.00000   26.91714
  28.00000  381.40000    0.00000    0.00000  185.70000    0.00000 1104.60000  784.30000   22.48933
   7.00000  281.00000    0.00000    0.00000  186.00000    0.00000 1104.00000  774.00000   14.49968
   3.00000  387.00000   20.00000   94.00000  157.00000   11.61000  938.00000  845.00000   34.77027
  28.00000  393.00000    0.00000    0.00000  192.00000    0.00000  940.00000  758.00000   39.58282
  28.00000  277.00000  117.00000   91.00000  191.00000    7.00000  946.00000  666.00000   43.57488
  56.00000  213.72000   98.05000   24.51000  181.71000    6.86000 1065.80000  785.38000   50.77301
  28.00000  168.88000   42.22000  124.25000  158.33000   10.83000 1080.80000  796.15000   31.11605
   7.00000  318.80000  212.50000    0.00000  155.70000   14.30000  852.10000  880.40000   33.39822
  28.00000  266.20000  112.30000   87.50000  177.90000   10.40000  909.70000  744.50000   39.42148
 100.00000  212.00000    0.00000  124.78000  159.00000    7.84000 1085.40000  799.54000   47.81516
   3.00000  362.60000  189.00000    0.00000  164.90000   11.60000  944.70000  755.80000   35.30117
   7.00000  141.30000  212.00000    0.00000  203.50000    0.00000  971.80000  748.50000   10.39385
   7.00000  310.00000    0.00000    0.00000  192.00000    0.00000 1012.00000  830.00000   17.24379
   3.00000  250.00000    0.00000   95.69000  187.42000    5.53000  956.86000  861.17000   13.81710
 100.00000  246.83000    0.00000  125.08000  143.30000   11.99000 1086.80000  800.89000   66.42412
 100.00000  213.76000   98.06000   24.52000  181.74000    6.65000 1066.00000  785.52000   49.97322
  91.00000  475.00000  118.80000    0.00000  181.10000    8.90000  852.10000  781.50000   74.19451
   7.00000  252.00000    0.00000    0.00000  186.00000    0.00000 1111.00000  784.00000   11.46599
  14.00000  540.00000    0.00000    0.00000  173.00000    0.00000 1125.00000  613.00000   59.76378
   7.00000  332.50000  142.50000    0.00000  228.00000    0.00000  932.00000  594.00000   30.27558
  90.00000  254.00000    0.00000    0.00000  198.00000    0.00000  968.00000  863.00000   26.94472
  28.00000  305.30000  203.50000    0.00000  203.50000    0.00000  965.40000  631.00000   43.37700
  14.00000  212.52000    0.00000  100.37000  159.32000    8.71000 1007.80000  903.59000   26.31040
 180.00000  475.00000    0.00000    0.00000  228.00000    0.00000  932.00000  594.00000   42.62065
  90.00000  133.00000  200.00000    0.00000  192.00000    0.00000  927.40000  839.20000   36.58842
  56.00000  182.04000   45.21000  121.97000  170.21000    8.19000 1059.40000  780.65000   43.49904
  28.00000  182.04000   45.21000  121.97000  170.21000    8.19000 1059.40000  780.65000   31.26774
  28.00000  225.00000    0.00000    0.00000  181.00000    0.00000 1113.00000  833.00000   17.34032
  28.00000  265.00000  111.00000   86.00000  195.00000    6.00000  833.00000  790.00000   41.54093
  28.00000  359.00000   19.00000  141.00000  154.00000   10.91000  942.00000  801.00000   59.49488
   3.00000  525.00000    0.00000    0.00000  189.00000    0.00000 1125.00000  613.00000   33.79811
   7.00000  102.00000  153.00000    0.00000  192.00000    0.00000  887.00000  942.00000    7.67594
  28.00000  321.00000  164.00000    0.00000  190.00000    5.00000  870.00000  774.00000   57.21272
 365.00000  266.00000  114.00000    0.00000  228.00000    0.00000  932.00000  670.00000   52.90832
  28.00000  143.70000  170.20000  132.60000  191.60000    8.50000  814.10000  805.30000   29.87086
 100.00000  212.52000    0.00000  100.37000  159.32000    8.71000 1007.80000  903.59000   42.91988
   7.00000  220.80000  147.20000    0.00000  185.70000    0.00000 1055.00000  744.30000   13.08901
  28.00000  252.00000    0.00000    0.00000  185.00000    0.00000 1111.00000  784.00000   19.69143
  28.00000  382.50000    0.00000    0.00000  185.70000    0.00000 1047.80000  739.30000   37.43786
 180.00000  304.00000   76.00000    0.00000  228.00000    0.00000  932.00000  670.00000   50.94883
  28.00000  289.00000  134.00000    0.00000  195.00000    6.00000  924.00000  760.00000   46.24316
 100.00000  194.68000    0.00000  100.52000  165.62000    7.48000 1006.40000  905.90000   37.34202
  28.00000  284.00000  120.00000    0.00000  168.00000    7.00000  970.00000  794.00000   40.93419
  56.00000  212.00000    0.00000  124.78000  159.00000    7.84000 1085.40000  799.54000   45.08484
  28.00000  250.00000  180.00000   95.00000  159.00000    9.45000  860.00000  800.00000   67.86512
  28.00000  178.03000  129.80000  118.60000  179.94000    3.57000 1007.30000  746.80000   39.16224
  28.00000  145.70000  172.60000    0.00000  181.90000    3.40000  985.80000  816.80000   23.74417
  28.00000  387.00000   20.00000   94.00000  157.00000   13.93000  938.00000  845.00000   46.68442
  28.00000  165.00000    0.02000  143.57000  163.81000    0.00000 1005.60000  900.90000   26.20009
  28.00000  272.60000    0.00000   89.60000  198.70000   10.60000  931.30000  762.20000   32.24541
  28.00000  144.00000  136.00000  106.00000  178.00000    7.00000  941.00000  774.00000   26.14493
  28.00000  397.00000   17.20000  158.00000  167.00000   20.80000  967.00000  633.00000   55.64761
  28.00000  153.10000  145.00000  113.00000  178.50000    8.00000  867.20000  824.00000   26.23318
  28.00000  349.00000    0.00000    0.00000  192.00000    0.00000 1047.00000  806.00000   32.72253
   7.00000  339.20000    0.00000    0.00000  185.70000    0.00000 1069.20000  754.30000   21.17932
  28.00000  298.00000    0.00000  107.00000  186.00000    6.00000  879.00000  815.00000   42.63720
  14.00000  167.95000   42.08000  163.83000  121.75000    5.72000 1058.70000  780.11000   17.82295
 180.00000  332.50000  142.50000    0.00000  228.00000    0.00000  932.00000  594.00000   39.77932
  56.00000  297.16000    0.00000  117.54000  174.80000    9.52000 1022.80000  753.45000   51.95891
 180.00000  342.00000   38.00000    0.00000  228.00000    0.00000  932.00000  670.00000   52.12439
 120.00000  310.00000    0.00000    0.00000  192.00000    0.00000 1012.00000  830.00000   38.70029
  28.00000  295.00000    0.00000    0.00000  185.00000    0.00000 1069.00000  769.00000   25.17966
  14.00000  252.31000    0.00000   98.75000  146.25000   14.17000  987.76000  889.01000   42.29246
  14.00000  213.76000   98.06000   24.52000  181.74000    6.65000 1066.00000  785.52000   17.83674
  90.00000  200.00000  133.00000    0.00000  192.00000    0.00000  965.40000  806.20000   43.25083
  28.00000  148.00000    0.00000  137.00000  158.00000   16.00000 1002.00000  830.00000   17.95396
  28.00000  298.00000    0.00000  107.00000  210.00000   11.00000  880.00000  744.00000   31.87448
   7.00000  362.60000  189.00000    0.00000  164.90000   11.60000  944.70000  755.80000   55.89582
   3.00000  475.00000  118.80000    0.00000  181.10000    8.90000  852.10000  781.50000   37.79707
  28.00000  281.00000    0.00000    0.00000  186.00000    0.00000 1104.00000  774.00000   22.43555
   3.00000  200.00000  133.00000    0.00000  192.00000    0.00000  965.40000  806.20000   11.41428
  28.00000  184.00000   86.00000  190.00000  213.00000    6.00000  923.00000  623.00000   22.93197
  28.00000  153.00000  145.00000  113.00000  178.00000    8.00000  867.00000  824.00000   26.22767
 360.00000  331.00000    0.00000    0.00000  192.00000    0.00000  978.00000  825.00000   41.24445
  56.00000  251.37000    0.00000  118.27000  188.45000    6.35000 1028.40000  757.73000   36.63875
  28.00000  236.00000  157.00000    0.00000  192.00000    0.00000  972.60000  749.10000   32.88456
   7.00000  333.00000    0.00000    0.00000  192.00000    0.00000  931.20000  842.60000   23.40495
 100.00000  251.81000    0.00000   99.94000  146.14000   12.35000 1006.00000  899.76000   45.36752
  28.00000  289.00000    0.00000    0.00000  192.00000    0.00000  913.20000  895.30000   25.57335
  14.00000  168.88000   42.22000  124.25000  158.33000   10.83000 1080.80000  796.15000   23.51113
  56.00000  202.00000   11.00000  141.00000  206.00000    1.72000  942.00000  801.00000   23.24519
   3.00000  231.75000    0.00000  121.62000  173.96000    6.72000 1056.40000  778.45000   15.43737
  90.00000  139.60000  209.40000    0.00000  192.00000    0.00000 1047.00000  806.90000   39.35805
 100.00000  173.54000   50.05000  173.53000  164.77000    6.47000 1006.20000  793.50000   56.06129
  28.00000  287.00000  121.00000   94.00000  188.00000    9.00000  904.00000  696.00000   41.94083
 100.00000  190.68000    0.00000  125.40000  162.14000    7.77000 1090.00000  804.01000   40.56877
   7.00000  250.00000    0.00000    0.00000  182.00000    0.00000 1100.00000  820.00000   12.73462
   3.00000  212.07000    0.00000  121.62000  180.31000    5.69000 1057.60000  779.32000   12.47262
  28.00000  202.00000   11.00000  141.00000  206.00000    1.72000  942.00000  801.00000   21.96671
 100.00000  275.07000    0.00000  121.35000  159.48000    9.90000 1053.60000  777.50000   58.60546
   7.00000  531.30000    0.00000    0.00000  141.80000   28.20000  852.10000  893.70000   46.89816
   7.00000  290.20000  193.50000    0.00000  185.70000    0.00000  998.20000  704.30000   21.85915
  91.00000  379.50000  151.20000    0.00000  153.90000   15.90000 1134.30000  605.00000   56.49566
  28.00000  322.00000    0.00000    0.00000  203.00000    0.00000  974.00000  800.00000   25.17966
  28.00000  133.00000  210.00000    0.00000  196.00000    3.00000  949.00000  795.00000   31.02642
 360.00000  198.60000  132.40000    0.00000  192.00000    0.00000  978.40000  825.50000   44.29608
 100.00000  222.36000    0.00000   96.67000  189.29000    4.46000  967.08000  870.32000   40.71356
  56.00000  446.00000   24.00000   79.00000  162.00000   11.64000  967.00000  712.00000   55.25461
  28.00000  251.37000    0.00000  118.27000  192.94000    5.75000 1043.60000  754.30000   33.27411
  91.00000  362.60000  189.00000    0.00000  164.90000   11.60000  944.70000  755.80000   79.29663
 100.00000  376.00000    0.00000    0.00000  214.60000    0.00000 1003.50000  762.36000   43.05778
  14.00000  213.50000    0.00000  174.24000  159.21000   11.66000 1043.60000  771.90000   29.59231
   7.00000  446.00000   24.00000   79.00000  162.00000   11.64000  967.00000  712.00000   38.01771
  91.00000  286.30000  200.90000    0.00000  144.70000   11.20000 1004.60000  803.70000   76.80073
  56.00000  388.60000   97.10000    0.00000  157.90000   12.10000  852.10000  925.70000   55.19945
  28.00000  147.00000  115.00000   89.00000  202.00000    9.00000  860.00000  829.00000   19.98791
  90.00000  349.00000    0.00000    0.00000  192.00000    0.00000 1047.00000  806.00000   39.48629
  28.00000  374.30000    0.00000    0.00000  190.20000    6.70000 1013.20000  730.40000   39.05606
  28.00000  160.20000  188.00000  146.40000  203.20000   11.30000  828.70000  709.70000   35.31427
  28.00000  190.34000    0.00000  125.18000  166.61000    9.88000 1079.00000  798.90000   24.84872
 365.00000  380.00000    0.00000    0.00000  228.00000    0.00000  932.00000  670.00000   52.51670
 100.00000  295.71000    0.00000   95.64000  171.54000    8.87000  955.14000  859.20000   52.04165
  90.00000  237.50000  237.50000    0.00000  228.00000    0.00000  932.00000  594.00000   33.11691
   3.00000  222.36000    0.00000   96.67000  189.29000    4.46000  967.08000  870.32000   11.57630
  28.00000  260.90000  100.50000   78.30000  200.60000    8.60000  864.50000  761.50000   32.40124
   3.00000  349.00000    0.00000    0.00000  192.00000    0.00000 1047.00000  806.00000   14.98921
   3.00000  275.07000    0.00000  121.35000  159.48000    9.90000 1053.60000  777.50000   23.80071
   7.00000  323.70000  282.80000    0.00000  183.80000   10.30000  942.70000  659.90000   49.80085
  28.00000  500.10000    0.00000    0.00000  200.00000    3.00000 1124.40000  613.20000   44.13336
  28.00000  450.10000   50.00000    0.00000  200.00000    3.00000 1124.40000  613.20000   39.37597
  28.00000  154.80000    0.00000  142.80000  193.30000    9.10000  877.20000  867.70000    9.73816
  28.00000  144.80000    0.00000  133.60000  180.80000   11.10000  979.50000  811.50000   13.20209
   3.00000  439.00000  177.00000    0.00000  186.00000   11.10000  884.90000  707.90000   39.30013
  28.00000  149.00000  153.00000  194.00000  192.00000    8.00000  935.00000  623.00000   24.57982
  28.00000  116.00000  173.00000    0.00000  192.00000    0.00000  909.80000  891.90000   22.34799
  28.00000  158.00000    0.00000  195.00000  220.00000   11.00000  898.00000  713.00000    8.53571
  90.00000  236.00000  157.00000    0.00000  192.00000    0.00000  972.60000  749.10000   47.78207
   3.00000  183.90000  122.60000    0.00000  203.50000    0.00000  959.20000  800.00000    4.90355
 180.00000  427.50000   47.50000    0.00000  228.00000    0.00000  932.00000  594.00000   41.83671
  56.00000  167.00000   75.40000  167.00000  164.03000    7.91000 1007.30000  770.10000   53.46197
  56.00000  165.00000  128.50000  132.10000  175.06000    8.08000 1005.80000  746.60000   53.72397
  28.00000  162.00000  190.00000  148.00000  179.00000   19.00000  838.00000  741.00000   33.75674
  56.00000  190.68000    0.00000  125.40000  162.14000    7.77000 1090.00000  804.01000   35.34254
  28.00000  379.50000  151.20000    0.00000  153.90000   15.90000 1134.30000  605.00000   52.20023
  90.00000  339.00000    0.00000    0.00000  197.00000    0.00000  968.00000  781.00000   35.17017
 365.00000  475.00000    0.00000    0.00000  228.00000    0.00000  932.00000  594.00000   41.93462
  14.00000  173.81000   93.37000  159.90000  172.34000    9.73000 1007.20000  746.60000   29.55094
  28.00000  251.37000    0.00000  118.27000  188.45000    6.35000 1028.40000  757.73000   32.66048
  28.00000  150.70000    0.00000  185.30000  166.70000   15.60000 1074.50000  678.00000   13.46133
  91.00000  318.80000  212.50000    0.00000  155.70000   14.30000  852.10000  880.40000   68.09954
  28.00000  155.00000  184.00000  143.00000  194.00000    9.00000  880.00000  699.00000   28.98557
 365.00000  339.00000    0.00000    0.00000  197.00000    0.00000  968.00000  781.00000   38.89334
 180.00000  254.00000    0.00000    0.00000  198.00000    0.00000  968.00000  863.00000   27.62730
 180.00000  277.00000    0.00000    0.00000  191.00000    0.00000  968.00000  856.00000   32.32953
   3.00000  229.97000    0.00000  118.31000  195.47000    4.63000 1029.40000  758.59000   10.03188
  28.00000  451.00000    0.00000    0.00000  165.00000   11.25000 1030.00000  745.00000   78.80021
  28.00000  167.95000   42.08000  163.83000  121.75000    5.72000 1058.70000  780.11000   24.24198
  90.00000  157.00000  236.00000    0.00000  192.00000    0.00000  935.40000  781.20000   43.37700
 180.00000  380.00000   95.00000    0.00000  228.00000    0.00000  932.00000  594.00000   40.75906
  28.00000  296.00000    0.00000  106.70000  221.40000   10.50000  819.20000  778.40000   31.42011
  56.00000  318.80000  212.50000    0.00000  155.70000   14.30000  852.10000  880.40000   66.10006
  56.00000  277.19000   97.82000   24.46000  160.70000   11.19000 1061.70000  782.46000   66.82401
   3.00000  331.00000    0.00000    0.00000  192.00000    0.00000 1025.00000  821.00000   14.30663
  90.00000  236.00000    0.00000    0.00000  194.00000    0.00000  968.00000  885.00000   21.94602
  28.00000  152.70000  144.70000    0.00000  178.10000    8.00000  999.70000  822.20000   19.00954
  28.00000  213.50000    0.00000  174.24000  154.61000   11.66000 1052.30000  775.48000   45.93979
  28.00000  166.00000  259.70000    0.00000  183.20000   12.70000  858.80000  826.80000   37.91704
  28.00000  186.20000  124.10000    0.00000  185.70000    0.00000 1083.40000  764.30000   17.59681
  56.00000  181.38000    0.00000  167.01000  169.59000    7.56000 1055.60000  777.80000   35.57007
   7.00000  350.00000    0.00000    0.00000  186.00000    0.00000 1050.00000  770.00000   20.27749
   3.00000  178.03000  129.80000  118.60000  179.94000    3.57000 1007.30000  746.80000   20.72565
  28.00000  375.00000   93.80000    0.00000  126.60000   23.40000  852.10000  992.60000   56.69561
 100.00000  213.50000    0.00000  174.24000  154.61000   11.66000 1052.30000  775.48000   59.30183
 100.00000  214.90000   53.80000  121.89000  155.63000    9.61000 1014.30000  780.58000   56.63356
  28.00000  162.00000  214.00000  164.00000  202.00000   10.00000  820.00000  680.00000   30.64721
  56.00000  218.85000    0.00000  124.13000  158.49000   11.33000 1078.70000  794.91000   37.26618
  28.00000  164.00000    0.00000  200.00000  181.00000   13.00000  849.00000  846.00000   15.08573
  28.00000  313.00000  145.00000    0.00000  178.00000    8.00000  867.00000  824.00000   44.38846
  28.00000  528.00000    0.00000    0.00000  185.00000    6.86000  920.00000  720.00000   56.83351
  28.00000  333.00000    0.00000    0.00000  192.00000    0.00000  931.20000  842.60000   31.96687
   7.00000  200.00000  133.00000    0.00000  192.00000    0.00000  965.40000  806.20000   17.16588
 180.00000  266.00000  114.00000    0.00000  228.00000    0.00000  932.00000  670.00000   48.69562
   7.00000  362.60000  189.00000    0.00000  164.90000   11.60000  944.70000  755.80000   22.89750
  91.00000  389.90000  189.00000    0.00000  145.90000   22.00000  944.70000  755.80000   82.59922
  28.00000  374.00000  189.20000    0.00000  170.10000   10.10000  926.10000  756.70000   61.09447
  28.00000  332.50000  142.50000    0.00000  228.00000    0.00000  932.00000  594.00000   33.01901
  28.00000  304.00000  140.00000    0.00000  214.00000    6.00000  895.00000  722.00000   33.41890
   3.00000  359.00000   19.00000  141.00000  154.00000   10.91000  942.00000  801.00000   23.63918
 100.00000  290.35000    0.00000   96.18000  168.08000    9.41000  961.18000  865.00000   48.97348
  28.00000  272.80000  181.90000    0.00000  185.70000    0.00000 1012.40000  714.30000   31.38150
  28.00000  300.00000    0.00000    0.00000  184.00000    0.00000 1075.00000  795.00000   26.84820
  28.00000  389.90000  189.00000    0.00000  145.90000   22.00000  944.70000  755.80000   74.49788
  28.00000  313.00000  145.00000    0.00000  178.00000    8.00000 1002.00000  689.00000   41.05140
  28.00000  149.00000  236.00000    0.00000  176.00000   13.00000  847.00000  893.00000   32.95695
   3.00000  331.00000    0.00000    0.00000  192.00000    0.00000  879.00000  825.00000   13.52062
  90.00000  540.00000    0.00000    0.00000  173.00000    0.00000 1125.00000  613.00000   69.65776
  90.00000  190.00000  190.00000    0.00000  228.00000    0.00000  932.00000  670.00000   42.32693
  28.00000  350.00000    0.00000    0.00000  203.00000    0.00000  974.00000  775.00000   27.33772
   3.00000  387.00000   20.00000   94.00000  157.00000   13.93000  938.00000  845.00000   25.51061
  28.00000  139.70000  163.90000  127.70000  236.70000    5.80000  868.60000  655.60000   35.22533
  56.00000  166.09000    0.00000  163.27000  176.46000    4.49000 1058.60000  780.09000   28.62704
  28.00000  238.05000    0.00000   94.11000  186.66000    7.00000  949.91000  847.01000   30.23352
   3.00000  491.00000   26.00000  123.00000  210.00000    3.93000  882.00000  699.00000   25.60911
  28.00000  310.00000  143.00000    0.00000  168.00000   10.00000  914.00000  804.00000   45.29857
 100.00000  233.81000    0.00000   94.58000  197.89000    4.56700  947.04000  852.16000   34.55654
  28.00000  310.00000    0.00000    0.00000  192.00000    0.00000 1012.00000  830.00000   27.82725
 270.00000  342.00000   38.00000    0.00000  228.00000    0.00000  932.00000  670.00000   55.06431
  28.00000  425.00000  106.30000    0.00000  153.50000   16.50000  852.10000  887.10000   60.29468
   7.00000  339.00000    0.00000    0.00000  185.00000    0.00000 1069.00000  754.00000   21.16002
  56.00000  425.00000  106.30000    0.00000  153.50000   16.50000  852.10000  887.10000   64.30053
  28.00000  203.50000  135.70000    0.00000  185.70000    0.00000 1076.20000  759.30000   22.62998
  28.00000  162.00000  190.10000  148.10000  178.80000   18.80000  838.10000  741.40000   33.76226
  28.00000  151.60000    0.00000  111.90000  184.40000    7.90000  992.00000  815.90000   12.18097
  56.00000  251.37000    0.00000  118.27000  188.45000    5.75000 1028.40000  757.73000   36.96970
   7.00000  186.20000  124.10000    0.00000  185.70000    0.00000 1083.40000  764.30000    7.99585
  28.00000  387.00000   20.00000   94.00000  157.00000   11.61000  938.00000  845.00000   46.68442
   3.00000  388.60000   97.10000    0.00000  157.90000   12.10000  852.10000  925.70000   28.09615
   7.00000  387.00000   20.00000   94.00000  157.00000   14.32000  938.00000  845.00000   36.83870
  28.00000  156.00000  243.00000    0.00000  180.00000   11.00000 1022.00000  698.00000   37.36270
  56.00000  233.81000    0.00000   94.58000  197.89000    4.56700  947.04000  852.16000   27.66178
 270.00000  475.00000    0.00000    0.00000  228.00000    0.00000  932.00000  594.00000   42.13112
  90.00000  350.00000    0.00000    0.00000  203.00000    0.00000  974.00000  775.00000   31.35047
   3.00000  277.19000   97.82000   24.46000  160.70000   11.19000 1061.70000  782.46000   30.44726
   3.00000  401.80000   94.70000    0.00000  147.40000   11.40000  946.80000  852.10000   41.09966
   3.00000  251.37000    0.00000  118.27000  188.45000    5.75000 1028.40000  757.73000   17.22311
  28.00000  151.00000    0.00000  185.00000  167.00000   16.00000 1074.00000  678.00000   13.45857
  90.00000  342.00000   38.00000    0.00000  228.00000    0.00000  932.00000  670.00000   50.45930
 100.00000  165.00000    0.02000  143.57000  163.81000    0.00000 1005.60000  900.90000   37.95565
   7.00000  286.30000  200.90000    0.00000  144.70000   11.20000 1004.60000  803.70000   37.99702
   7.00000  349.00000    0.00000    0.00000  192.00000    0.00000 1047.00000  806.00000   18.12632
   7.00000  424.00000   22.00000  132.00000  178.00000    8.48000  822.00000  750.00000   39.00464
  56.00000  194.68000    0.00000  100.52000  165.62000    7.48000 1006.40000  905.90000   33.96359
   7.00000  469.00000  117.20000    0.00000  137.80000   32.20000  852.10000  840.50000   54.89608
  28.00000  190.34000    0.00000  125.18000  161.85000    9.88000 1088.10000  802.59000   28.46846
   7.00000  228.00000  342.10000    0.00000  185.70000    0.00000  955.80000  674.30000   21.91706
   3.00000  165.00000  128.50000  132.10000  175.06000    8.08000 1005.80000  746.60000   19.41564
   3.00000  167.00000   75.40000  167.00000  164.03000    7.91000 1007.30000  770.10000   15.52010
  28.00000  252.31000    0.00000   98.75000  146.25000   14.17000  987.76000  889.01000   50.60064
  28.00000  108.30000  162.40000    0.00000  203.50000    0.00000  938.20000  849.00000   20.59396
  56.00000  387.00000   20.00000   94.00000  157.00000   11.61000  938.00000  845.00000   61.45989
  28.00000  165.00000  128.50000  132.10000  175.06000    8.08000 1005.80000  746.60000   46.38795
  28.00000  148.00000    0.00000  182.00000  181.00000   15.00000  839.00000  884.00000   15.52010
   3.00000  153.00000  102.00000    0.00000  192.00000    0.00000  888.00000  943.10000    4.78221
  28.00000  385.00000    0.00000  136.00000  158.00000   20.00000  903.00000  768.00000   55.55108
  90.00000  480.00000    0.00000    0.00000  192.00000    0.00000  936.20000  712.20000   54.31554
  56.00000  362.60000  189.00000    0.00000  164.90000   11.60000  944.70000  755.80000   77.29715
  14.00000  275.07000    0.00000  121.35000  159.48000    9.90000 1053.60000  777.50000   38.76924
  56.00000  190.34000    0.00000  125.18000  166.61000    9.88000 1079.00000  798.90000   31.71590
  90.00000  305.30000  203.50000    0.00000  203.50000    0.00000  965.40000  631.00000   54.59891
   3.00000  213.72000   98.05000   24.51000  181.71000    6.86000 1065.80000  785.38000   17.99532
  28.00000  212.07000    0.00000  121.62000  180.31000    5.69000 1057.60000  779.32000   24.90387
  14.00000  251.37000    0.00000  118.27000  192.94000    5.75000 1043.60000  754.30000   20.72565
  91.00000  362.60000  189.00000    0.00000  164.90000   11.60000  944.70000  755.80000   79.29663
 180.00000  198.60000  132.40000    0.00000  192.00000    0.00000  978.40000  825.50000   41.71950
   3.00000  425.00000  106.30000    0.00000  153.50000   16.50000  852.10000  887.10000   33.39822
  56.00000  212.52000    0.00000  100.37000  159.32000    8.71000 1007.80000  903.59000   42.54756
  14.00000  194.68000    0.00000  100.52000  170.17000    7.48000  998.00000  901.80000   24.28334
   3.00000  202.00000   11.00000  141.00000  206.00000    1.72000  942.00000  801.00000    9.84966
  28.00000  336.50000    0.00000    0.00000  181.90000    3.40000  985.80000  816.80000   44.86834
   7.00000  316.10000  210.70000    0.00000  185.70000    0.00000  977.00000  689.30000   24.43779
  28.00000  250.00000    0.00000   95.69000  187.42000    5.53000  956.86000  861.17000   29.21999
  28.00000  312.70000    0.00000    0.00000  178.10000    8.00000  999.70000  822.20000   25.10382
  28.00000  194.68000    0.00000  100.52000  170.17000    7.48000  998.00000  901.80000   37.26618
  28.00000  154.80000  183.40000    0.00000  193.30000    9.10000  877.20000  867.70000   23.78692
  14.00000  290.35000    0.00000   96.18000  168.08000    9.41000  961.18000  865.00000   34.67375
  28.00000  375.00000    0.00000    0.00000  186.00000    0.00000 1038.00000  758.00000   38.21076
   3.00000  212.57000    0.00000  100.39000  159.35000   10.37000 1003.80000  903.79000   13.33447
  56.00000  251.81000    0.00000   99.94000  146.14000   12.35000 1006.00000  899.76000   44.14025
 365.00000  427.50000   47.50000    0.00000  228.00000    0.00000  932.00000  594.00000   43.69830
  56.00000  425.00000  106.30000    0.00000  153.50000   16.50000  852.10000  887.10000   64.30053
   7.00000  362.60000  189.00000    0.00000  164.90000   11.60000  944.70000  755.80000   55.89582
  90.00000  331.00000    0.00000    0.00000  192.00000    0.00000 1025.00000  821.00000   37.91429
  28.00000  516.00000    0.00000    0.00000  162.00000    8.20000  801.00000  802.00000   41.36856
  28.00000  385.00000    0.00000    0.00000  186.00000    0.00000  966.00000  763.00000   31.35047
  28.00000  190.68000    0.00000  125.40000  162.14000    7.77000 1090.00000  804.01000   26.40004
  28.00000  285.00000  190.00000    0.00000  163.00000    7.60000 1031.00000  685.00000   53.57918
   7.00000  173.00000  116.00000    0.00000  192.00000    0.00000  946.80000  856.80000   11.39221
   7.00000  157.00000  236.00000    0.00000  192.00000    0.00000  935.40000  781.20000   16.88940
  28.00000  446.00000   24.00000   79.00000  162.00000   11.64000  967.00000  712.00000   51.02122
  14.00000  167.35000  129.90000  128.62000  175.46000    7.79000 1006.30000  746.60000   31.81242
  28.00000  325.00000    0.00000    0.00000  184.00000    0.00000 1063.00000  783.00000   30.57137
   1.00000  500.00000    0.00000    0.00000  200.00000    0.00000 1125.00000  613.00000   12.63810
   7.00000  331.00000    0.00000    0.00000  192.00000    0.00000  978.00000  825.00000   16.26474
  14.00000  525.00000    0.00000    0.00000  189.00000    0.00000 1125.00000  613.00000   48.40122
  28.00000  122.60000  183.90000    0.00000  203.50000    0.00000  958.20000  800.10000   24.29093
  28.00000  279.80000  128.90000  100.40000  172.40000    9.50000  825.10000  804.90000   52.82696
   3.00000  446.00000   24.00000   79.00000  162.00000   11.64000  967.00000  712.00000   25.02108
  28.00000  143.00000  169.00000  143.00000  191.00000    8.00000  967.00000  643.00000   29.72331
  91.00000  388.60000   97.10000    0.00000  157.90000   12.10000  852.10000  925.70000   57.59883
  56.00000  359.00000   19.00000  141.00000  154.00000   10.91000  942.00000  801.00000   66.78068
   3.00000  424.00000   22.00000  132.00000  178.00000    8.48000  882.00000  750.00000   32.01139
  28.00000  446.00000   24.00000   79.00000  162.00000   11.64000  967.00000  712.00000   44.42294
  28.00000  260.00000  101.00000   78.00000  171.00000   10.00000  936.00000  763.00000   49.77327
  14.00000  250.00000    0.00000   95.69000  191.84000    5.33000  948.90000  857.20000   24.65566
  28.00000  173.81000   93.37000  159.90000  172.34000    9.73000 1007.20000  746.60000   37.81086
  28.00000  198.60000  132.40000    0.00000  192.00000    0.00000  978.40000  825.50000   28.02168
   7.00000  382.50000    0.00000    0.00000  185.70000    0.00000 1047.80000  739.30000   24.06547
   7.00000  425.00000  106.30000    0.00000  151.40000   18.60000  936.00000  803.70000   46.80163
  28.00000  297.80000  137.20000  106.90000  201.30000    6.00000  878.40000  655.30000   53.52471
  28.00000  155.00000  183.00000    0.00000  193.00000    9.00000  877.00000  868.00000   23.78692
  28.00000  144.00000   15.00000  195.00000  176.00000    6.00000 1021.00000  709.00000   15.34084
  90.00000  296.00000    0.00000    0.00000  192.00000    0.00000 1085.00000  765.00000   29.39236
  14.00000  249.10000    0.00000   98.75000  158.11000   12.80000  987.76000  889.01000   28.68220
  28.00000  166.00000  260.00000    0.00000  183.00000   13.00000  859.00000  827.00000   37.91429
  28.00000  132.00000  207.00000  161.00000  179.00000    5.00000  867.00000  736.00000   33.30169
   3.00000  218.85000    0.00000  124.13000  158.49000   11.33000 1078.70000  794.91000   15.34084
  28.00000  331.00000    0.00000    0.00000  192.00000    0.00000 1025.00000  821.00000   31.74348
  14.00000  212.00000    0.00000  124.78000  159.00000    7.84000 1085.40000  799.54000   31.35047
  56.00000  238.05000    0.00000   94.11000  186.66000    7.00000  949.91000  847.01000   39.58971
   3.00000  213.50000    0.00000  174.24000  159.21000   11.66000 1043.60000  771.90000   15.60974
  28.00000  143.00000  169.40000  142.70000  190.70000    8.40000  967.40000  643.50000   29.72607
   7.00000  387.00000   20.00000   94.00000  157.00000   11.61000  938.00000  845.00000   41.66503
  28.00000  522.00000    0.00000    0.00000  146.00000    0.00000  896.00000  896.00000   74.98741
 100.00000  297.16000    0.00000  117.54000  174.80000    9.52000 1022.80000  753.45000   56.74387
  28.00000  150.90000    0.00000  183.90000  166.60000   11.60000  991.20000  772.20000   15.56975
   7.00000  424.00000   22.00000  132.00000  168.00000    8.92000  822.00000  750.00000   40.28510
  28.00000  321.30000  164.20000    0.00000  190.50000    4.60000  870.00000  774.00000   57.21823
  56.00000  213.50000    0.00000  174.24000  159.21000   11.66000 1043.60000  771.90000   51.25565
   3.00000  349.00000    0.00000    0.00000  192.00000    0.00000 1047.00000  806.90000   15.04919
  56.00000  251.37000    0.00000  118.27000  192.94000    5.75000 1043.60000  754.30000   39.26566
  14.00000  251.81000    0.00000   99.94000  146.14000   12.35000 1006.00000  899.76000   33.35685
  28.00000  323.70000  282.80000    0.00000  183.80000   10.30000  942.70000  659.90000   74.69783
  28.00000  135.70000  203.50000    0.00000  185.70000    0.00000 1076.20000  759.30000   18.19872
   7.00000  349.00000    0.00000    0.00000  192.00000    0.00000 1056.00000  809.00000    9.01145
  28.00000  139.90000  132.60000  103.30000  200.30000    7.40000  916.00000  753.40000   36.44363
  28.00000  427.50000   47.50000    0.00000  228.00000    0.00000  932.00000  594.00000   37.42752
  28.00000  150.00000  237.00000    0.00000  174.00000   12.00000 1069.00000  675.00000   37.43165
  28.00000  213.50000    0.00000  174.24000  159.21000   11.66000 1043.60000  771.90000   44.63668
   3.00000  238.05000    0.00000   94.11000  186.66000    7.00000  949.91000  847.01000   19.93275
   7.00000  296.00000    0.00000    0.00000  192.00000    0.00000 1085.00000  765.00000   14.20321
  14.00000  339.00000    0.00000    0.00000  197.00000    0.00000  968.00000  781.00000   27.04125
  28.00000  475.00000    0.00000   59.00000  142.00000    1.90000 1098.00000  641.00000   57.22651
  56.00000  212.07000    0.00000  121.62000  180.31000    5.69000 1057.60000  779.32000   34.20490
  28.00000  316.10000  210.70000    0.00000  185.70000    0.00000  977.00000  689.30000   38.70029
  28.00000  312.70000  144.70000    0.00000  127.30000    8.00000  999.70000  822.20000   44.52360
  28.00000  251.81000    0.00000   99.94000  146.14000   12.35000 1006.00000  899.76000   33.94290
  28.00000  397.00000    0.00000    0.00000  185.00000    0.00000 1040.00000  734.00000   39.09329
  28.00000  252.10000   97.10000   75.60000  193.80000    8.30000  835.50000  821.40000   33.39960
  56.00000  190.34000    0.00000  125.18000  161.85000    9.88000 1088.10000  802.59000   38.56239
  28.00000  296.00000    0.00000    0.00000  186.00000    0.00000 1090.00000  769.00000   25.17966
  28.00000  275.00000    0.00000    0.00000  183.00000    0.00000 1088.00000  808.00000   24.49708
  28.00000  181.90000  272.80000    0.00000  185.70000    0.00000 1012.40000  714.30000   27.93550
  28.00000  275.07000    0.00000  121.35000  159.48000    9.90000 1053.60000  777.50000   51.33149
 180.00000  302.00000    0.00000    0.00000  203.00000    0.00000  974.00000  817.00000   26.74477
   3.00000  250.20000  166.80000    0.00000  203.50000    0.00000  977.60000  694.10000    9.73126
  28.00000  491.00000   26.00000  123.00000  210.00000    3.93000  882.00000  699.00000   55.55108
  28.00000  149.50000  236.00000    0.00000  175.80000   12.60000  846.80000  892.70000   32.96385
  28.00000  336.00000    0.00000    0.00000  182.00000    3.00000  986.00000  817.00000   44.86420
 365.00000  332.50000  142.50000    0.00000  228.00000    0.00000  932.00000  594.00000   41.05278
   7.00000  310.00000    0.00000    0.00000  192.00000    0.00000  970.00000  850.00000   14.98921
  91.00000  439.00000  177.00000    0.00000  186.00000   11.10000  884.90000  707.90000   73.29819
   3.00000  212.52000    0.00000  100.37000  159.32000    8.71000 1007.80000  903.59000   13.54131
  56.00000  295.71000    0.00000   95.64000  171.54000    8.87000  955.14000  859.20000   48.71837
 100.00000  167.00000   75.40000  167.00000  164.03000    7.91000 1007.30000  770.10000   56.81282
  28.00000  146.00000  173.00000    0.00000  182.00000    3.00000  986.00000  817.00000   23.73866
  28.00000  322.00000    0.00000  116.00000  196.00000   10.00000  818.00000  813.00000   31.17810
  28.00000  446.00000   24.00000   79.00000  162.00000   10.30000  967.00000  712.00000   53.38613
  56.00000  491.00000   26.00000  123.00000  210.00000    3.93000  882.00000  699.00000   59.59043
   7.00000  238.10000    0.00000    0.00000  185.70000    0.00000 1118.80000  789.30000   10.33593
  56.00000  167.95000   42.08000  163.83000  121.75000    5.72000 1058.70000  780.11000   32.85353
  91.00000  425.00000  106.30000    0.00000  153.50000   16.50000  852.10000  887.10000   65.19685
  28.00000  475.00000    0.00000    0.00000  228.00000    0.00000  932.00000  594.00000   39.28979
   7.00000  289.00000    0.00000    0.00000  192.00000    0.00000  913.20000  895.30000   14.59690
  56.00000  213.50000    0.00000  174.24000  154.61000   11.66000 1052.30000  775.48000   51.43491
   7.00000  238.20000  158.80000    0.00000  185.70000    0.00000 1040.60000  734.30000   15.69109
   3.00000  173.81000   93.37000  159.90000  172.34000    9.73000 1007.20000  746.60000   15.81658
  28.00000  200.00000  133.00000    0.00000  192.00000    0.00000  965.40000  806.20000   30.43968
 365.00000  236.00000    0.00000    0.00000  193.00000    0.00000  968.00000  885.00000   25.08314
  28.00000  289.00000  133.70000    0.00000  194.90000    5.50000  924.10000  760.10000   46.24729
  28.00000  164.20000    0.00000  200.10000  181.20000   12.60000  849.30000  846.00000   15.09125
  28.00000  250.20000  166.80000    0.00000  203.50000    0.00000  977.60000  694.10000   36.96419
  56.00000  446.00000   24.00000   79.00000  162.00000   11.61000  967.00000  712.00000   61.06689
  28.00000  500.00000    0.00000    0.00000  140.00000    4.00000  966.00000  853.00000   67.56865
  28.00000  155.00000    0.00000  143.00000  193.00000    9.00000  877.00000  868.00000    9.73540
  28.00000  154.00000  174.00000  185.00000  228.00000    7.00000  845.00000  612.00000   24.33850
  56.00000  531.30000    0.00000    0.00000  141.80000   28.20000  852.10000  893.70000   58.79851
  90.00000  183.90000  122.60000    0.00000  203.50000    0.00000  959.20000  800.00000   32.53293
   3.00000  349.00000    0.00000    0.00000  192.00000    0.00000 1056.00000  809.00000   15.87174
 360.00000  310.00000    0.00000    0.00000  192.00000    0.00000  970.00000  850.00000   38.11423
   7.00000  225.00000    0.00000    0.00000  181.00000    0.00000 1113.00000  833.00000   11.16951
   7.00000  400.00000    0.00000    0.00000  187.00000    0.00000 1025.00000  745.00000   30.14389
   3.00000  387.00000   20.00000   94.00000  157.00000   14.32000  938.00000  845.00000   22.75271
  28.00000  297.16000    0.00000  117.54000  174.80000    9.52000 1022.80000  753.45000   47.40147
   3.00000  133.00000  200.00000    0.00000  192.00000    0.00000  927.40000  839.20000    6.88373
   7.00000  250.20000  166.80000    0.00000  203.50000    0.00000  977.60000  694.10000   19.35014
  28.00000  480.00000    0.00000    0.00000  192.00000    0.00000  936.00000  721.00000   43.89204
  28.00000  480.00000    0.00000    0.00000  192.00000    0.00000  936.20000  712.20000   43.94237
  28.00000  132.00000  206.50000  160.90000  178.90000    5.50000  866.90000  735.60000   33.30652
  56.00000  375.00000   93.80000    0.00000  126.60000   23.40000  852.10000  992.60000   60.19815
  28.00000  359.00000   19.00000  141.00000  154.00000   10.91000  942.00000  801.00000   62.93537
   7.00000  388.60000   97.10000    0.00000  157.90000   12.10000  852.10000  925.70000   34.90128
 100.00000  190.34000    0.00000  125.18000  166.61000    9.88000 1079.00000  798.90000   33.56369
  28.00000  339.00000    0.00000    0.00000  185.00000    0.00000 1069.00000  754.00000   31.84000
   3.00000  192.00000  288.00000    0.00000  192.00000    0.00000  929.80000  716.10000   12.78840
 270.00000  190.00000  190.00000    0.00000  228.00000    0.00000  932.00000  670.00000   50.65511
  56.00000  424.00000   22.00000  132.00000  168.00000    8.92000  822.00000  750.00000   74.36491
  28.00000  475.00000    0.00000    0.00000  162.00000    9.50000 1044.00000  662.00000   58.52272
   7.00000  475.00000    0.00000    0.00000  228.00000    0.00000  932.00000  594.00000   38.60376
   3.00000  480.00000    0.00000    0.00000  192.00000    0.00000  936.20000  712.20000   24.40469
   3.00000  295.71000    0.00000   95.64000  171.54000    8.87000  955.14000  859.20000   22.94576
  28.00000  321.00000    0.00000  128.00000  182.00000   11.00000  870.00000  780.00000   37.25928
   7.00000  491.00000   26.00000  123.00000  201.00000    3.93000  822.00000  699.00000   37.92118
  28.00000  155.60000  243.50000    0.00000  180.30000   10.70000 1022.00000  697.70000   37.36339
  28.00000  295.71000    0.00000   95.64000  171.54000    8.87000  955.14000  859.20000   39.94134
  90.00000  212.00000  141.30000    0.00000  203.50000    0.00000  973.40000  750.00000   39.70003
   3.00000  277.00000    0.00000    0.00000  191.00000    0.00000  968.00000  856.00000   11.36256
   7.00000  295.80000    0.00000    0.00000  185.70000    0.00000 1091.40000  769.30000   14.84373
   7.00000  362.60000  189.00000    0.00000  164.90000   11.60000  944.70000  755.80000   55.89582
  28.00000  333.00000   17.50000  163.00000  167.00000   17.90000  996.00000  652.00000   47.27737
  28.00000  388.60000   97.10000    0.00000  157.90000   12.10000  852.10000  925.70000   50.69717
   3.00000  389.90000  189.00000    0.00000  145.90000   22.00000  944.70000  755.80000   40.59635
  56.00000  359.00000   19.00000  141.00000  154.00000   10.91000  942.00000  801.00000   68.75061
 270.00000  332.50000  142.50000    0.00000  228.00000    0.00000  932.00000  594.00000   40.26954
  28.00000  330.50000  169.60000    0.00000  194.90000    8.10000  811.00000  802.30000   56.61908
  28.00000  173.54000   50.05000  173.53000  164.77000    6.47000 1006.20000  793.50000   38.20387
  28.00000  303.60000  139.90000    0.00000  213.50000    6.20000  895.50000  722.50000   33.41959
  28.00000  304.00000   76.00000    0.00000  228.00000    0.00000  932.00000  670.00000   47.81378
 180.00000  349.00000    0.00000    0.00000  192.00000    0.00000 1047.00000  806.00000   41.05140
 100.00000  250.00000    0.00000   95.69000  191.84000    5.33000  948.90000  857.20000   41.16172
   7.00000  379.50000  151.20000    0.00000  153.90000   15.90000 1134.30000  605.00000   47.09811
  14.00000  277.00000    0.00000    0.00000  191.00000    0.00000  968.00000  856.00000   21.26344
   7.00000  305.30000  203.50000    0.00000  203.50000    0.00000  965.40000  631.00000   25.89396
  28.00000  397.00000    0.00000    0.00000  185.70000    0.00000 1040.60000  734.30000   33.08244
  91.00000  531.30000    0.00000    0.00000  141.80000   28.20000  852.10000  893.70000   59.19841
   7.00000  393.00000    0.00000    0.00000  192.00000    0.00000  940.60000  785.60000   27.74245
  28.00000  331.00000  170.00000    0.00000  195.00000    8.00000  811.00000  802.00000   56.61287
  90.00000  173.00000  116.00000    0.00000  192.00000    0.00000  946.80000  856.80000   32.10269
  28.00000  339.00000    0.00000    0.00000  185.00000    0.00000 1060.00000  754.00000   31.64695
  14.00000  229.97000    0.00000  118.31000  195.47000    4.63000 1029.40000  758.59000   20.08444
  28.00000  159.00000  209.00000  161.00000  201.00000    7.00000  848.00000  669.00000   30.88163
  90.00000  393.00000    0.00000    0.00000  192.00000    0.00000  940.60000  785.60000   48.84662
  14.00000  190.68000    0.00000  125.40000  162.14000    7.77000 1090.00000  804.01000   21.06349
  28.00000  159.10000  186.70000    0.00000  175.60000   11.30000  989.60000  788.90000   32.76804
  90.00000  203.50000  305.30000    0.00000  203.50000    0.00000  963.40000  630.00000   51.86376
  28.00000  134.70000    0.00000  165.70000  180.20000   10.00000  961.00000  804.90000   13.29379
 365.00000  342.00000   38.00000    0.00000  228.00000    0.00000  932.00000  670.00000   56.14196
  28.00000  249.10000    0.00000   98.75000  158.11000   12.80000  987.76000  889.01000   30.84716
   7.00000  359.00000   19.00000  141.00000  154.00000   10.91000  942.00000  801.00000   35.75426
  56.00000  250.00000    0.00000   95.69000  187.42000    5.53000  956.86000  861.17000   38.32797
   3.00000  359.00000   19.00000  141.00000  154.00000   10.91000  942.00000  801.00000   25.11663
  56.00000  379.50000  151.20000    0.00000  153.90000   15.90000 1134.30000  605.00000   54.89608
  28.00000  102.00000  153.00000    0.00000  192.00000    0.00000  887.00000  942.00000   17.27551
 365.00000  190.00000  190.00000    0.00000  228.00000    0.00000  932.00000  670.00000   53.69225
  14.00000  297.16000    0.00000  117.54000  174.80000    9.52000 1022.80000  753.45000   36.99039
  28.00000  505.00000    0.00000   60.00000  195.00000    0.00000 1030.00000  630.00000   64.01785
