   0.00000   28.24000    0.00000    0.00000    3.16900    2.22400    0.71100    0.00000    4.75600
   2.00000   75.39000   67.20400    0.00000    2.98100    2.78400    1.07200    1.00000    6.47500
   1.00000   74.57000  147.15300    2.00000    1.78900    3.37300    1.17500    3.00000    3.43200
   0.00000   20.23000   42.68300    1.00000    2.46100    1.97500    0.73700    0.00000    4.85200
   0.00000   38.77000   22.15600    0.00000    2.77900    2.63900    0.85900    0.00000    4.00100
   0.00000   30.18000   48.53100    0.00000    4.27000    3.35400    0.86700    3.00000    6.21200
   0.00000   79.93000   16.78600    1.00000    1.76900    2.23900    0.79300    1.00000    4.49400
   0.00000  138.45000  281.24500    6.00000    1.44200    3.87800    1.20500    0.00000    5.29100
   0.00000   40.46000   85.36700    2.00000    0.70600    1.76800    1.59400    0.00000    1.22000
   0.00000   20.23000   42.68300    1.00000    3.61700    2.07400    0.34000    0.00000    5.76000
   0.00000   20.23000   42.68300    1.00000    1.85900    1.92400    0.94900    0.00000    3.71000
   0.00000    0.00000    0.00000    0.00000    3.55800    1.97800    1.00000    0.00000    6.72000
   0.00000    0.00000    0.00000    0.00000    1.67200    1.33400    0.56200    0.00000    2.64200
   0.00000    0.00000    0.00000    0.00000    2.08100    1.40100    0.50100    0.00000    3.48500
   0.00000   56.79000   76.15500    1.00000    1.06400    2.72000    1.34600    1.00000    6.88300
   0.00000   15.79000    0.00000    1.00000    1.83400    2.17600    0.81000    1.00000    5.06900
   1.00000   44.45000   16.78600    0.00000    1.15700    1.33400    0.68500    1.00000    5.41800
   1.00000  134.73000  159.53600    2.00000    1.64900    2.52700    0.81800    3.00000    3.13800
   0.00000    0.00000    0.00000    0.00000    4.63400    2.02700    0.46100    0.00000    4.87400
   0.00000   66.05000   93.43000    1.00000    1.34800    2.11900    0.78400    1.00000    4.01600
   0.00000    0.00000    0.00000    0.00000    2.85100    1.98900    0.93800    0.00000    3.53300
   0.00000    0.00000    0.00000    0.00000    5.47200    2.65700    0.57700    0.00000    6.67000
   2.00000   52.60000   72.29000    0.00000    3.61800    3.19700    1.35600    0.00000    4.87800
   0.00000    0.00000    0.00000    0.00000    2.22600    1.40100    0.82600    0.00000    3.33900
   1.00000   39.44000   45.65200    0.00000    4.33200    4.12100    1.12000    0.00000    8.16400
   0.00000   86.34000  105.33100    1.00000    1.61600    2.97000    0.98300    5.00000    4.16800
   0.00000   45.82000   50.74700    0.00000    2.57400    2.16800    1.01400    1.00000    3.97800
   1.00000   46.53000   78.82800    1.00000    2.37800    2.47200    0.98800    0.00000    3.47400
   0.00000   45.82000   50.74700    0.00000    3.11000    2.15400    0.47800    1.00000    4.25100
   0.00000   70.14000   50.90800    3.00000   -0.27300    1.57700    0.75600    2.00000    3.93600
   3.00000   81.70000  115.44500    1.00000    5.44000    4.62300    1.51700    1.00000    4.85000
   0.00000   20.23000   42.68300    1.00000    0.34700    1.33400    0.96100    0.00000    2.57900
   0.00000    9.23000   11.00000    0.00000    1.58700    1.84000    1.05000    0.00000    2.77800
   0.00000   71.84000   83.64400    2.00000    1.96900    2.16800    0.53100    2.00000    4.48900
   0.00000  121.26000    6.24900    0.00000    1.76100    2.66000    0.77900    2.00000    5.97600
   0.00000    0.00000    0.00000    0.00000    4.76000    2.85900    0.70000    0.00000    6.17300
   0.00000   75.13000  100.77400    3.00000    4.51200    3.66200    0.70200    5.00000    6.65000
   0.00000   39.94000  104.28900    0.00000    4.28100    3.35700    1.00200    3.00000    4.71300
   0.00000   20.23000   42.68300    1.00000    2.12700    1.90800    0.63300    0.00000    4.23800
   0.00000   34.14000   50.29000    0.00000    0.07600    1.84000    1.49300    0.00000    3.78800
   0.00000    0.00000    0.00000    0.00000    3.67700    2.34400    0.86800    0.00000    4.98000
   0.00000   40.46000   85.36700    2.00000   -1.05300    1.33400    1.82700    0.00000    0.12200
   0.00000   32.67000   47.53600    0.00000    3.22300    2.77300    0.88100    2.00000    4.40300
   0.00000  100.87000  112.49400    0.00000    3.27500    2.66100    1.24300    2.00000    5.63600
   0.00000    9.23000   11.00000    0.00000    5.79900    2.93000    0.48600    0.00000    7.01900
   0.00000   47.36000   56.05500    0.00000    3.37300    3.47100    0.99200    3.00000    4.94300
   0.00000    0.00000    0.00000    0.00000    3.26700    2.11900    1.25000    0.00000    4.86700
   1.00000   67.79000  107.83900    2.00000    2.34700    3.24300    1.40000    1.00000    3.91700
   1.00000   44.45000   16.78600    0.00000    3.64800    2.42700    0.75700    1.00000    6.09900
   0.00000    0.00000    0.00000    0.00000    1.67200    1.22500    0.56200    0.00000    3.28000
   0.00000    0.00000    0.00000    0.00000    4.82300    2.29900    1.60000    0.00000    5.29900
   1.00000   73.22000   61.16600    2.00000   -1.20200    1.79500    0.59900    2.00000    3.76900
   1.00000   26.30000   81.02500    0.00000    5.40000    3.93600    0.99100    0.00000    8.11200
   0.00000    0.00000    0.00000    0.00000    6.23200    2.76600    0.49300    0.00000    7.50900
   0.00000    3.24000    3.12400    0.00000    4.48000    3.25800    1.31000    1.00000    5.72100
   0.00000   38.33000   54.15600    1.00000    2.39100    2.61200    1.29300    1.00000    6.32000
   0.00000   54.57000   41.02800    0.00000    1.24600    2.08600    1.87500    0.00000    9.09900
   2.00000   52.60000   72.29000    0.00000    4.73700    3.90700    1.59500    0.00000    5.74900
   1.00000   69.48000  142.26200    0.00000    4.09600    3.88400    1.16900    2.00000    5.74200
   0.00000   20.23000   42.68300    1.00000    2.19300    1.97500    1.02000    0.00000    4.76500
   0.00000    0.00000    0.00000    0.00000    4.06300    1.97500    0.49900    0.00000    4.83000
   0.00000   35.25000   43.89700    2.00000    1.24600    2.04600    1.08100    1.00000    5.64200
   1.00000  114.76000   56.99900    1.00000   -0.75500    2.21400    1.03300    1.00000    5.13000
   0.00000    0.00000    0.00000    0.00000    3.56200    2.28100    1.15000    0.00000    5.54800
   0.00000   20.23000   42.68300    1.00000    1.94000    1.99700    1.61000    0.00000    3.22600
   0.00000   38.80000    0.00000    1.00000    1.36400    1.33400    1.21200    0.00000    6.10200
   0.00000   54.57000   41.02800    0.00000    4.78900    3.58000    1.50500    0.00000    5.51200
   0.00000   47.36000   21.13500    1.00000    0.18000    1.62700    1.05100    2.00000    2.18800
   0.00000   95.37000   54.33600    0.00000    2.43300    2.91500    1.39400    2.00000    8.56400
   0.00000    0.00000    0.00000    0.00000    3.47800    1.92400    0.57500    0.00000    4.13800
   0.00000   88.03000   86.37800    2.00000    3.18500    2.93000    1.13000    5.00000    4.48500
   1.00000   46.53000   78.82800    1.00000    2.75800    2.85600    1.02200    0.00000    3.79400
   0.00000    0.00000    0.00000    0.00000    3.87600    2.53900    0.83700    0.00000    4.90900
   0.00000    9.23000   11.00000    0.00000    4.06800    2.75800    0.69500    0.00000    5.97900
   0.00000   70.14000   50.90800    3.00000    1.29400    2.20300    0.59100    2.00000    3.47600
   0.00000  347.32000  571.95200   18.00000   -6.44600    4.62400    1.39000    5.00000    3.08800
   1.00000   44.45000   16.78600    0.00000    3.33000    2.28100    0.70100    1.00000    6.54000
   0.00000   77.82000   99.36500    4.00000    3.04800    2.81300    0.79100    4.00000    4.63200
   2.00000   52.60000   72.29000    0.00000    2.00500    2.46800    1.28100    0.00000    3.77000
   0.00000    0.00000    0.00000    0.00000    5.46900    2.57300    0.46500    0.00000    6.62300
   2.00000   52.60000   72.29000    0.00000    2.57700    2.70700    1.31300    0.00000    3.60300
   4.00000  155.68000  277.56200    4.00000   -1.35800    3.03300    1.55200    2.00000    3.10300
   0.00000    0.00000    0.00000    0.00000    2.22600    1.40100    0.82600    0.00000    3.63100
   0.00000    0.00000    0.00000    0.00000    2.45900    1.47500    1.50000    0.00000    4.00200
   0.00000  105.86000   19.91000    0.00000    0.62300    2.11600    0.50800    2.00000    5.92200
   0.00000   67.34000   94.52700    2.00000   -0.29700    1.60400    1.68200    0.00000    3.04400
   0.00000   12.03000   18.01100    1.00000    1.58700    1.65400    1.73200    1.00000    2.35200
   0.00000    0.00000    0.00000    0.00000    1.81700    1.33400    0.71800    0.00000    2.49000
   1.00000   68.01000   92.59300    3.00000   -0.28300    2.17000    0.89300    3.00000    3.77500
   0.00000    9.23000   11.00000    0.00000    4.19000    2.22500    0.58000    0.00000    7.01200
   0.00000    0.00000    0.00000    0.00000    4.09200    2.12000    0.53000    0.00000    5.38900
   0.00000   15.79000    0.00000    1.00000    2.85900    2.61400    0.75200    1.00000    4.70000
   0.00000    0.00000    0.00000    0.00000    5.12400    2.51500    0.45600    0.00000    6.77700
   2.00000   59.32000   78.20400    0.00000    4.83200    4.07400    0.96200    1.00000    8.58200
   0.00000   35.25000   43.89700    2.00000    1.24600    2.03100    1.08100    1.00000    4.01100
   0.00000    0.00000    0.00000    0.00000    3.26700    2.31800    0.96300    0.00000    4.10000
   0.00000    0.00000    0.00000    0.00000    6.47000    2.82100    0.46900    0.00000    8.44000
   0.00000    0.00000    0.00000    0.00000    1.11500    1.00000    0.58800    0.00000    4.63200
   0.00000    0.00000    0.00000    0.00000    5.47200    2.67600    0.57700    0.00000    5.64000
   2.00000   61.52000   41.93000    0.00000    3.44700    2.30700    0.66200    1.00000    4.93200
   1.00000   46.53000   78.82800    1.00000    2.35400    2.45500    0.74300    0.00000    3.78300
   0.00000   28.24000    0.00000    0.00000    4.76000    2.99500    0.65000    0.00000    6.02700
   0.00000   12.03000   18.01100    1.00000    0.81700    1.80000    1.48800    1.00000    3.93000
   0.00000   46.15000   54.99900    0.00000    2.11000    3.86600    1.52100    0.00000    5.29100
   0.00000    0.00000    0.00000    0.00000    4.20300    1.99700    1.62500    0.00000    5.47000
   2.00000   52.60000   72.29000    0.00000    0.78700    2.22300    1.80000    0.00000    2.89900
   0.00000   12.89000   16.78600    0.00000    2.66000    2.40800    0.97600    1.00000    3.61800
   0.00000   26.02000   32.89700    2.00000    2.12700    1.91800    0.59700    1.00000    6.10800
   0.00000    0.00000    0.00000    0.00000    3.47700    1.85700    1.42900    0.00000    4.81900
   0.00000    9.23000   11.00000    0.00000    5.45300    2.88700    0.49500    0.00000    6.72300
   4.00000  166.75000  250.10200    6.00000    1.63200    5.36900    1.14500    6.00000    4.27000
   0.00000   86.81000  121.41200    3.00000    0.70900    2.93800    1.41600    2.00000    2.95800
   0.00000   20.23000   42.68300    1.00000    1.85900    1.90800    0.94900    0.00000    3.86300
   0.00000   61.35000   36.02200    2.00000    1.62800    2.23100    0.75000    2.00000    3.29800
   1.00000   49.57000   64.63000    0.00000   -0.25900    1.98900    1.10300    3.00000    3.34000
   0.00000   20.23000   42.68300    1.00000    2.46100    1.97500    0.73700    0.00000    5.69100
   0.00000   45.61000   28.26900    0.00000    1.97100    2.29400    1.27500    1.00000    4.60800
   0.00000   41.57000   57.28000    1.00000    3.18000    3.29200    1.01400    2.00000    4.99200
   0.00000   26.02000   32.89700    2.00000    1.85900    1.91800    0.91700    1.00000    5.16800
   0.00000  118.06000   85.36700    4.00000   -0.08100    1.76800    1.06100    0.00000    3.75800
   1.00000   76.21000  117.51100    3.00000    1.11900    2.25000    0.37500    2.00000    3.64400
   0.00000    0.00000    0.00000    0.00000    3.26700    2.11900    1.25000    0.00000    5.37300
   2.00000  104.06000  189.34000    3.00000    1.92900    3.19700    1.02100    0.00000    4.18700
   0.00000   49.17000   55.44800    0.00000    4.16800    3.32900    1.04200    3.00000    4.72000
   0.00000   26.02000   32.89700    2.00000    1.85900    1.90800    0.91700    1.00000    5.31200
   0.00000   12.53000   11.00000    0.00000    4.45200    2.86200    0.54300    0.00000    6.50800
   0.00000   54.57000   41.02800    0.00000    3.74200    3.13600    1.77300    0.00000    6.04200
   0.00000   45.61000   28.26900    0.00000    2.27500    2.44500    1.29000    1.00000    4.47400
   0.00000   45.82000   50.74700    0.00000    2.50900    2.09000    0.61700    1.00000    3.64000
   0.00000   93.06000  157.65600    2.00000    2.01400    3.76700    1.18900    0.00000    4.33300
   0.00000   42.52000   44.31300    0.00000    1.47300    2.24100    1.15800    0.00000    4.07200
   0.00000   37.30000   67.82800    1.00000    1.66700    2.03100    0.86700    0.00000    4.46200
   0.00000    0.00000    0.00000    0.00000    3.94500    2.34400    0.67800    0.00000    5.50000
   0.00000  164.90000  144.33300    4.00000    0.16000    3.32300    0.83300    4.00000    4.33000
   0.00000   17.07000   25.14500    0.00000    0.09400    1.33400    1.32800    0.00000    5.99300
   0.00000   12.03000   18.01100    1.00000    0.80000    1.50900    1.84600    1.00000    3.11800
   0.00000   45.82000   50.74700    0.00000    2.24100    2.10800    0.94200    1.00000    4.04000
   0.00000   20.23000   42.68300    1.00000    2.12700    1.92400    0.63300    0.00000    4.42600
   1.00000   50.24000   26.66300    0.00000    3.24700    2.78900    1.20600    1.00000    6.07400
   0.00000    0.00000    0.00000    0.00000    4.33200    2.70000    0.75800    0.00000    5.40600
   0.00000   94.89000   20.76500    0.00000    2.49200    2.65900    1.19400    0.00000    6.79000
   1.00000  181.62000  324.87300    7.00000   -0.39200    3.62900    0.86300    2.00000    3.57300
   0.00000   52.04000   65.79400    4.00000   -1.05300    1.33400    1.61000    2.00000    3.35800
   0.00000    0.00000   59.84000    0.00000    1.81700    1.43000    1.98800    0.00000    2.01800
   0.00000   26.02000   32.89700    2.00000    2.19300    2.05600    0.99200    1.00000    6.13000
   0.00000   34.14000   50.29000    0.00000    1.41500    2.07400    1.10800    0.00000    5.00100
   0.00000   41.57000   57.28000    1.00000    0.73400    2.54800    1.85300    2.00000    3.25000
   0.00000    0.00000    0.00000    0.00000    2.06700    1.80000    1.25000    0.00000    3.94100
   0.00000   45.61000   28.26900    0.00000    3.09200    2.81400    0.94800    1.00000    5.54800
   0.00000  129.95000   30.53000    0.00000    1.14500    2.63700    1.44400    0.00000    9.15000
   2.00000   49.41000   71.18000    1.00000    4.76100    3.53700    1.14700    2.00000    4.30700
   0.00000    0.00000    0.00000    0.00000    2.25500    1.80000    0.91700    0.00000    2.48000
   0.00000    0.00000    0.00000    0.00000    2.74600    1.66700    1.40000    0.00000    3.80900
   0.00000   34.14000   50.29000    0.00000    2.23300    2.41500    0.86600    0.00000    5.54500
   0.00000   66.05000   93.43000    1.00000    1.34800    2.09000    0.78400    1.00000    4.02400
   0.00000   20.23000   42.68300    1.00000    2.72900    1.97500    0.50000    0.00000    4.79700
   2.00000   52.60000   72.29000    0.00000    6.33800    4.16000    1.40200    0.00000    6.19400
   1.00000   65.72000  101.27100    2.00000   -0.23400    1.97500    1.09100    2.00000    3.71600
   0.00000    0.00000    0.00000    0.00000    4.33200    2.72700    0.75800    0.00000    6.70000
   0.00000   26.02000   32.89700    2.00000    2.72900    1.97500    0.46200    1.00000    5.43000
   0.00000    9.23000   11.00000    0.00000    3.39500    2.69200    0.94100    0.00000    5.43300
   0.00000   81.95000  157.06100    4.00000    1.35800    3.32500    1.24800    1.00000    3.27700
   1.00000   44.45000   16.78600    0.00000    1.67600    1.50900    0.77900    1.00000    5.30800
   0.00000    0.00000    0.00000    0.00000    2.94200    1.91800    1.06300    0.00000    3.65300
   0.00000    0.00000    0.00000    0.00000    3.25900    1.97500    1.11100    0.00000    4.53000
   0.00000   18.46000   22.00000    0.00000    1.26200    2.14700    1.57600    0.00000    2.27200
   0.00000  111.87000  144.17700    1.00000    1.74800    2.37700    0.83900    2.00000    4.79000
   1.00000   72.68000   73.32400    1.00000    0.40300    2.35500    1.42400    4.00000    2.57200
   0.00000  103.67000  119.50500    1.00000    3.54600    2.84700    1.21100    3.00000    3.72500
   0.00000    0.00000    0.00000    0.00000    5.98900    2.75800    0.52900    0.00000    8.16000
   0.00000    0.00000    0.00000    0.00000    4.63400    2.01800    0.46100    0.00000    5.60000
   1.00000  203.06000  358.24400    6.00000    0.95700    5.83900    1.34500    0.00000    4.56600
   2.00000   59.32000   93.16400    0.00000    4.27900    3.96200    0.90700    1.00000    9.13300
   0.00000   20.23000   42.68300    1.00000    3.12700    2.57000    0.79700    0.00000    5.38000
   0.00000   54.57000   41.02800    0.00000    3.23400    2.90100    1.98400    0.00000    4.86200
   0.00000   26.02000   32.89700    2.00000    3.61700    2.07400    0.28800    1.00000    5.55900
   0.00000    0.00000    0.00000    0.00000    3.38600    2.28400    0.80500    0.00000    4.14700
   1.00000   75.01000  128.30600    1.00000    1.14600    3.50500    1.23200    3.00000    3.67400
   0.00000   45.82000   50.74700    0.00000    2.84200    2.14100    0.72600    1.00000    4.61100
   0.00000   26.02000   32.89700    2.00000    2.12700    1.90800    0.59700    1.00000    5.19000
   0.00000   17.07000   25.14500    0.00000   -0.31700    1.15500    1.74000    0.00000    0.55000
   2.00000   55.84000   75.41400    0.00000    1.90700    2.89200    1.43900    1.00000    3.53600
   0.00000    0.00000    0.00000    0.00000    4.41600    2.59100    0.72300    0.00000    5.64100
   0.00000   45.82000   50.74700    0.00000    2.57400    2.14100    1.01400    1.00000    4.55800
   0.00000    7.76000    0.00000    0.00000    2.12200    2.70000    1.05300    2.00000    5.01000
   1.00000   90.51000   65.67000    1.00000   -0.75900    1.92900    1.40200    1.00000    4.10700
   1.00000   36.26000   60.14400    0.00000    3.30000    3.46900    1.10200    2.00000    4.92000
   0.00000   12.53000   11.00000    0.00000   -0.56400    1.50000    1.73300    0.00000    2.33200
   0.00000    0.00000    0.00000    0.00000    2.73400    1.85700    0.83100    0.00000    3.89000
   2.00000   59.32000  123.08400    0.00000    4.21700    4.11100    0.99400    1.00000    8.67800
   0.00000   20.23000   42.68300    1.00000    3.04600    2.02700    0.60200    0.00000    5.63200
   0.00000   82.48000   37.55000    0.00000    3.21300    2.80600    1.17200    1.00000    8.84900
   0.00000   29.46000   53.68300    1.00000    1.24600    2.04600    1.11400    0.00000    3.48000
   0.00000    0.00000    0.00000    0.00000    3.94500    2.32400    0.67800    0.00000    5.00900
   0.00000   20.23000   42.68300    1.00000    0.34700    1.33400    1.76800    0.00000    0.93500
   0.00000  103.35000  161.25900    2.00000    2.40100    3.05300    0.79800    1.00000    4.14000
   1.00000   37.30000   67.82800    1.00000    2.06000    2.06000    1.52900    0.00000    3.08000
   0.00000   12.47000   14.12400    0.00000    3.82700    3.36200    1.37300    1.00000    5.10200
   0.00000   36.60000   20.26300    0.00000    1.35400    1.89000    2.07300    3.00000    1.43000
   0.00000   54.74000   39.24700    0.00000    3.11500    2.70600    0.94600    0.00000    6.07500
   0.00000    0.00000    0.00000    0.00000    3.56200    2.11900    1.15000    0.00000    4.31700
   0.00000  102.78000   20.26300    0.00000    3.32200    2.90100    0.87400    0.00000    7.67600
   0.00000    0.00000    0.00000    0.00000    2.22600    1.26500    2.50000    0.00000    3.64300
   1.00000   20.31000   28.26900    0.00000    2.82100    2.50200    1.28300    1.00000    3.07800
   0.00000   34.14000   50.29000    0.00000    0.07600    1.65400    1.49300    0.00000    3.32300
   0.00000   95.96000    6.24900    0.00000    0.45400    2.07200    0.80000    2.00000    4.85800
   0.00000   20.23000   42.68300    1.00000    3.31400    2.02700    0.40900    0.00000    4.49500
   0.00000   54.57000   41.02800    0.00000    5.65000    4.02600    1.57500    0.00000    7.10000
   0.00000    0.00000    0.00000    0.00000    3.25900    1.97900    1.11100    0.00000    4.30000
   0.00000  121.26000    6.24900    0.00000    0.45400    2.22700    0.67700    2.00000    6.05900
   0.00000   45.82000   50.74700    0.00000    3.11000    2.16500    0.47800    1.00000    4.43400
   1.00000   83.67000   84.18400    1.00000    0.34900    2.39700    2.09200    1.00000    5.76000
   0.00000   41.13000   61.16600    2.00000    3.98800    3.16900    0.62700    2.00000    7.47800
   0.00000   57.53000  110.51200    2.00000    3.31000    3.26700    1.16900    0.00000    4.53500
   0.00000   84.13000   65.79400    4.00000   -1.43400    1.22500    0.33500    2.00000    3.88400
   1.00000   92.35000  174.45500    1.00000    3.84000    3.37300    0.80200    1.00000    4.25700
   0.00000   18.46000   22.00000    0.00000    1.46600    2.15000    1.22000    0.00000    2.93700
   2.00000  110.45000  141.04700    1.00000    2.76700    3.48800    1.21600    2.00000    4.07100
   0.00000   35.25000   43.89700    2.00000    1.24600    2.05600    1.08100    1.00000    5.57100
   0.00000    0.00000    0.00000    0.00000    3.37400    2.11800    1.20400    0.00000    3.52200
   0.00000   52.49000  103.37700    3.00000   -0.91700    1.84000    1.75000    1.00000    2.95700
   0.00000   40.46000   85.36700    2.00000    3.95600    3.12300    0.95900    0.00000    5.37000
   1.00000   90.37000  131.63500    3.00000    0.33200    2.70600    1.31300    3.00000    2.07200
   0.00000  336.43000  551.09800   16.00000   -5.19900    4.30000    1.37300    7.00000    3.07700
   0.00000    3.24000    3.12400    0.00000    2.19300    2.04800    1.24100    1.00000    4.38500
   1.00000   49.33000   85.83900    2.00000    3.98800    3.04700    0.69400    1.00000    4.12100
   0.00000   12.53000   11.00000    0.00000    1.53300    2.27400    1.02600    0.00000    4.01800
   1.00000   23.79000   31.05900    0.00000   -0.31700    1.15500    1.40300    1.00000    1.05700
   0.00000   13.14000    9.50700    0.00000    3.74300    2.99500    0.78300    0.00000    4.73700
   0.00000    0.00000    0.00000    0.00000    4.41600    2.60500    0.72300    0.00000    5.62600
   0.00000   38.69000   64.68300    1.00000    0.22400    2.10800    1.90400    0.00000    1.88800
   2.00000   75.27000  111.45600    2.00000    0.77900    2.70900    1.02900    2.00000    2.20100
   0.00000   38.57000    6.24900    0.00000    0.59000    1.70000    1.19000    2.00000    2.23200
   0.00000    0.00000    0.00000    0.00000    3.95800    2.48800    0.80200    0.00000    3.57500
   0.00000   70.14000   50.90800    3.00000   -0.79200    1.40100    0.64700    2.00000    3.97900
   0.00000   29.46000   53.68300    1.00000    3.84200    2.88700    0.61400    0.00000    6.10900
   0.00000   48.02000   61.16600    2.00000    2.58900    2.91900    0.82600    2.00000    4.23400
   1.00000  115.38000  179.26900    3.00000    1.22800    3.03900    0.78700    2.00000    3.02500
   1.00000   43.09000   58.04200    2.00000    2.48100    2.13300    0.50600    1.00000    2.34800
   1.00000  133.44000   75.19300    0.00000    0.90600    3.03400    0.94100    3.00000    7.85800
   2.00000  124.73000   67.25700    0.00000    1.02000    2.96900    0.94600    1.00000    5.60000
   0.00000    0.00000    0.00000    0.00000    2.22600    1.40100    0.57000    0.00000    3.49200
   2.00000   59.32000   78.20400    0.00000    4.79400    3.99000    0.64500    1.00000    9.94500
   0.00000   20.23000   42.68300    1.00000   -0.17200    1.15500    1.91100    0.00000    0.59000
   0.00000   20.23000   42.68300    1.00000    2.19300    1.96000    1.02000    0.00000    4.03800
   0.00000    0.00000    0.00000    0.00000    2.94200    1.90800    1.06300    0.00000    3.79100
   0.00000   38.69000   64.68300    1.00000   -0.12900    2.15000    1.97100    0.00000    1.53000
   0.00000   20.23000   42.68300    1.00000    2.29600    1.92400    0.52100    0.00000    4.46400
   0.00000   17.07000   25.14500    0.00000    0.20200    1.22500    1.66000    0.00000    0.67300
   0.00000  110.96000   13.84300    0.00000    1.97100    2.52000    1.01200    0.00000    8.20700
   0.00000   56.15000   36.02200    2.00000    3.11200    2.99700    0.70100    2.00000    3.53100
   0.00000    0.00000    0.00000    0.00000    2.22600    1.26500    0.57000    0.00000    3.71800
   2.00000   59.32000   78.20400    0.00000    4.11500    3.93400    0.76000    1.00000   10.04700
   0.00000   26.02000   32.89700    2.00000    2.72900    1.97500    0.46200    1.00000    4.74200
   1.00000  182.91000  301.14700    4.00000    0.03600    4.75800    1.58400    1.00000    4.60200
   0.00000   16.13000   19.91000    0.00000    1.27200    2.47300    1.25600    2.00000    4.73300
   0.00000   76.66000  108.31100    2.00000    2.08700    3.46800    1.13700    2.00000    4.65200
   1.00000  237.75000  223.04700    8.00000    0.08300    3.24900    1.04000    7.00000    2.92800
   1.00000   49.33000   85.83900    2.00000    1.06000    2.27200    1.00700    1.00000    4.21600
   0.00000   76.43000    6.92200    0.00000    2.72300    2.55300    0.83500    0.00000    7.48300
   0.00000   28.24000    0.00000    0.00000    3.16900    2.23800    0.71100    0.00000    4.02500
   1.00000  115.47000   84.47900    4.00000    0.03800    2.27800    0.54400    5.00000    4.00600
   1.00000   23.79000   31.05900    0.00000    0.09400    1.33400    1.11500    1.00000    3.78000
   0.00000   56.15000   36.02200    2.00000    1.94500    2.46100    0.80500    2.00000    3.35100
   0.00000   20.23000   42.68300    1.00000    1.50600    1.85700    0.85300    0.00000    3.85000
   0.00000    0.00000    0.00000    0.00000    1.36400    1.15500    0.57600    0.00000    2.65900
   0.00000    0.00000    0.00000    0.00000    4.06300    1.96000    0.49900    0.00000    4.75000
