   0.25000    0.25000    0.25000    0.00000    0.25000    0.00000    0.68087
   0.00000    0.00000    0.50000    0.00000    0.50000    0.00000    0.62673
   0.00000    0.50000    0.00000    0.00000    0.00000    0.50000    0.53629
   0.00000    0.33300    0.00000    0.00000    0.33300    0.33300    0.47397
   0.00000    0.50000    0.50000    0.00000    0.00000    0.00000    0.80000
   0.00000    0.00000    0.00000    0.50000    0.50000    0.00000    0.67988
   0.00000    0.00000    0.00000    0.50000    0.00000    0.50000    0.56143
   0.25000    0.25000    0.25000    0.00000    0.00000    0.25000    0.64566
   0.25000    0.25000    0.00000    0.25000    0.25000    0.00000    0.60099
   0.00000    0.33300    0.00000    0.33300    0.33300    0.00000    0.65173
   0.00000    1.00000    0.00000    0.00000    0.00000    0.00000    0.53187
   0.50000    0.00000    0.50000    0.00000    0.00000    0.00000    0.60504
   0.50000    0.00000    0.00000    0.00000    0.00000    0.50000    0.31225
   0.25000    0.00000    0.25000    0.25000    0.25000    0.00000    0.72110
   0.20000    0.20000    0.20000    0.20000    0.00000    0.20000    0.68540
   0.00000    0.00000    0.50000    0.00000    0.00000    0.50000    0.45576
   0.20000    0.20000    0.00000    0.20000    0.20000    0.20000    0.61255
   0.33300    0.33300    0.33300    0.00000    0.00000    0.00000    0.67848
   0.25000    0.25000    0.00000    0.25000    0.00000    0.25000    0.59923
   0.00000    0.00000    0.50000    0.50000    0.00000    0.00000    0.75062
   0.00000    0.00000    0.00000    0.33300    0.33300    0.33300    0.52673
   0.25000    0.00000    0.25000    0.25000    0.00000    0.25000    0.64931
   0.00000    0.00000    0.33300    0.00000    0.33300    0.33300    0.46118
   0.00000    0.00000    0.00000    0.00000    0.00000    1.00000    0.32661
   0.16700    0.16700    0.16700    0.16700    0.16700    0.16700    0.69269
   0.33300    0.00000    0.00000    0.33300    0.33300    0.00000    0.61861
   0.25000    0.00000    0.25000    0.00000    0.25000    0.25000    0.53383
   0.00000    0.25000    0.25000    0.25000    0.25000    0.00000    0.78042
   0.20000    0.00000    0.20000    0.20000    0.20000    0.20000    0.63579
   0.33300    0.00000    0.33300    0.33300    0.00000    0.00000    0.75344
