   0.25000    0.25000    0.00000    0.25000    0.25000    0.00000    0.60099
   0.00000    0.25000    0.25000    0.00000    0.25000    0.25000    0.58236
   0.00000    0.50000    0.00000    0.50000    0.00000    0.00000    0.65219
   0.00000    0.25000    0.25000    0.25000    0.25000    0.00000    0.78042
   1.00000    0.00000    0.00000    0.00000    0.00000    0.00000    0.20000
   0.00000    0.33300    0.00000    0.33300    0.00000    0.33300    0.66758
   0.00000    0.00000    0.00000    0.50000    0.00000    0.50000    0.56143
   0.00000    0.33300    0.33300    0.00000    0.00000    0.33300    0.56986
   0.25000    0.25000    0.25000    0.25000    0.00000    0.00000    0.71361
   0.00000    0.00000    0.50000    0.00000    0.00000    0.50000    0.45576
   0.00000    0.00000    0.25000    0.25000    0.25000    0.25000    0.59511
   0.20000    0.20000    0.20000    0.00000    0.20000    0.20000    0.59579
   0.50000    0.00000    0.00000    0.00000    0.50000    0.00000    0.34946
   0.00000    0.00000    0.00000    0.33300    0.33300    0.33300    0.52673
   0.00000    0.25000    0.00000    0.25000    0.25000    0.25000    0.59852
   0.50000    0.00000    0.00000    0.50000    0.00000    0.00000    0.52698
   0.25000    0.00000    0.25000    0.25000    0.00000    0.25000    0.64931
   0.00000    1.00000    0.00000    0.00000    0.00000    0.00000    0.53187
   0.00000    0.50000    0.00000    0.00000    0.50000    0.00000    0.58532
   0.00000    0.00000    0.33300    0.33300    0.00000    0.33300    0.56665
   0.00000    0.33300    0.33300    0.00000    0.33300    0.00000    0.74012
   0.50000    0.00000    0.00000    0.00000    0.00000    0.50000    0.31225
   0.25000    0.25000    0.00000    0.25000    0.00000    0.25000    0.59923
   0.25000    0.00000    0.00000    0.25000    0.25000    0.25000    0.52528
   0.25000    0.00000    0.25000    0.25000    0.25000    0.00000    0.72110
   0.33300    0.00000    0.00000    0.33300    0.33300    0.00000    0.61861
   0.33300    0.00000    0.00000    0.00000    0.33300    0.33300    0.29512
   0.33300    0.33300    0.33300    0.00000    0.00000    0.00000    0.67848
   0.00000    0.50000    0.50000    0.00000    0.00000    0.00000    0.80000
   0.00000    0.00000    0.50000    0.00000    0.50000    0.00000    0.62673
