   1.89700    3.19800    0.40500    1.39900    0.00000    0.00000    3.87400
   4.45300    4.44300    0.25100    1.28700    4.00000    3.00000    6.48300
   2.95600    2.03100    0.89100    0.82200    0.00000    0.00000    4.42000
   0.49600    2.45600    0.33100    1.25900    0.00000    1.00000    2.85800
   2.64600    2.74000    1.04000    1.60300    0.00000    1.00000    4.21500
   5.36100    3.17400    1.58600    0.91000    2.00000    2.00000    7.38200
   4.41200    3.26000    0.81100    0.70200    0.00000    0.00000    6.29800
  -0.41000    1.77400    0.42900    2.29900    0.00000    0.00000    1.89700
  -2.03000    2.11800    0.95600    1.64300    0.00000    0.00000    3.63800
   4.45200    3.05700    1.63600    0.99500    0.00000    2.00000    8.43300
   1.52200    2.88800    0.40500    1.47200    1.00000    2.00000    5.10500
   3.66100    3.86000    0.22300    1.55000    0.00000    1.00000    4.51000
   1.82100    2.47000    1.43700    1.34600    2.00000    2.00000    6.35100
   0.90600    2.83100    1.39300    1.07700    0.00000    1.00000    5.31700
   3.31500    3.55400    0.62900    0.94500    0.00000    0.00000    3.45900
   0.89300    2.35900    0.40500    0.81400    0.00000    0.00000    6.40000
   1.88200    3.52000    0.22300    1.59000    0.00000    0.00000    2.88300
   1.43300    2.77700    0.56000    1.12700    1.00000    0.00000    4.76700
   3.21000    2.62000    0.49900    0.99000    0.00000    0.00000    3.84000
  -1.35800    3.42300    1.19000    1.99300    0.00000    4.00000    3.68900
   2.51000    3.25200    0.22300    1.07700    0.00000    0.00000    4.22000
   3.84200    2.89300    1.23600    0.90700    0.00000    0.00000    6.04700
   0.58600    2.42900    0.40500    1.92700    0.00000    1.00000    2.58300
   3.26700    3.73900    0.00000    1.25000    2.00000    2.00000    4.63800
   3.22500    2.11100    1.47700    1.29800    0.00000    0.00000    5.73000
   0.20200    0.66700    0.58200    1.36100    0.00000    0.00000    4.74800
   3.30600    3.77600    0.40500    0.92000    0.00000    0.00000    4.69100
  -2.08900    2.82200    0.81100    1.52400    0.00000    0.00000    0.60000
   0.58600    2.67700    0.33100    1.58200    0.00000    1.00000    2.89500
   2.19300    3.10300    0.13400    1.01600    0.00000    0.00000    3.22000
  -0.14500    1.96500    0.40500    1.16900    1.00000    0.00000    3.66000
   3.79500    2.47700    0.83000    0.98300    0.00000    0.00000    4.54000
  -0.12900    3.19900    0.56000    2.03300    0.00000    0.00000    1.02000
   2.55800    3.73800    1.13100    1.58400    1.00000    2.00000    4.42200
   4.63400    2.12600    1.27800    0.89600    0.00000    0.00000    5.36100
   1.74800    2.47900    0.88700    0.95400    0.00000    0.00000    4.45800
   3.04600    2.30900    0.90700    0.87100    0.00000    0.00000    3.78200
   3.29100    2.18900    1.58600    2.00000    0.00000    0.00000    5.24200
   2.12700    2.21600    0.58200    0.83900    0.00000    0.00000    3.97900
   2.06000    3.46200    0.40500    1.71700    0.00000    1.00000    4.09700
   3.10500    3.64500    0.22300    1.15500    0.00000    0.00000    4.81000
   2.60400    1.92000    1.07900    1.73800    0.00000    0.00000    3.40800
   0.48900    2.23800    1.51300    2.07800    0.00000    0.00000    4.51300
   3.24700    3.59900    0.70200    1.51400    2.00000    1.00000    6.18300
  -0.31700    1.51200    0.57000    0.87900    0.00000    1.00000    2.44500
   1.61000    2.25100    0.63800    0.87100    1.00000    0.00000    4.41600
  -0.43900    3.31500    0.91600    1.75300    0.00000    2.00000    2.50100
   1.44200    3.08000    0.22300    1.46200    1.00000    0.00000    3.51800
   2.04200    1.41700    0.89800    0.64800    0.00000    0.00000    4.42100
   1.97100    3.54200    1.38000    1.26400    0.00000    0.00000    6.28400
   0.05200    2.52300    0.56000    1.60200    1.00000    1.00000    4.38400
  -0.52100    3.28600    0.35700    2.10400    0.00000    0.00000    1.77100
   1.07400    2.63200    0.42900    1.17600    0.00000    0.00000    2.97500
   1.58700    3.27700    0.22300    1.63300    0.00000    0.00000    2.18200
   0.20200    0.96500    0.64000    1.69500    1.00000    0.00000    4.37000
   1.74800    2.47900    0.88700    0.95400    0.00000    0.00000    4.91200
   1.18200    2.81800    0.88000    1.48800    0.00000    0.00000    3.72600
   2.57300    2.63600    0.82700    0.99900    0.00000    0.00000    4.39300
   1.20900    3.03500    0.22300    1.94100    0.00000    0.00000    2.10700
   4.06300    2.08500    1.07900    0.89500    0.00000    0.00000    4.89000
  -0.93700    3.20100    0.69300    2.00400    0.00000    0.00000    0.33000
   1.06400    2.80200    0.22300    1.60000    1.00000    0.00000    3.93700
   1.95000    3.44400    0.88000    1.46600    0.00000    3.00000    4.00400
   3.98300    3.65200    0.87200    0.86700    2.00000    3.00000    4.04000
   2.23300    3.05000    0.40500    0.86800    1.00000    3.00000    6.19500
   2.04800    3.31400    0.33100    1.39700    3.00000    0.00000    4.47300
   2.12700    2.08600    0.64000    0.83800    0.00000    0.00000    3.99500
   2.94200    2.62000    0.49900    0.99000    0.00000    0.00000    4.40200
   1.06000    2.72600    0.49600    1.17900    0.00000    1.00000    3.66100
  -0.17200    2.16500    0.13400    1.91200    0.00000    0.00000    2.30000
   1.23900    4.19100    0.76200    2.19500    0.00000    0.00000    2.61800
   2.29600    2.56800    0.38900    1.01200    0.00000    0.00000    3.51300
   4.43100    3.73900    0.00000    1.16100    0.00000    0.00000    5.68000
   2.06000    3.46200    0.40500    1.71700    0.00000    1.00000    4.20800
   3.11500    2.57200    1.83400    1.35000    0.00000    2.00000    8.47100
   3.50300    3.83200    0.22300    1.58700    0.00000    0.00000    4.41000
   2.72300    3.31500    0.22300    1.10000    1.00000    0.00000    4.35000
   2.64200    3.73400    0.22300    1.45000    2.00000    1.00000    3.84000
   0.98200    2.11900    0.92300    1.17900    0.00000    1.00000    1.05000
   1.06400    2.80200    0.22300    1.60000    0.00000    1.00000    1.74800
   0.99600    1.09400    1.23600    1.46100    0.00000    1.00000    1.91100
   2.95700    1.70100    1.44300    1.90500    0.00000    0.00000    4.44000
  -1.17400    3.41000    0.13400    1.72200    0.00000    0.00000    3.01700
   3.01800    2.74400    0.49600    0.75300    0.00000    0.00000    4.28400
   0.54800    2.13700    0.22300    1.37500    3.00000    0.00000    4.86500
   3.12700    3.31500    0.22300    0.79900    0.00000    0.00000    4.44000
   2.23900    2.37700    0.82700    0.93800    0.00000    0.00000    3.99100
   0.07600    2.50700    0.40500    1.50000    0.00000    2.00000    2.85100
   3.47800    2.12600    0.83000    0.89900    0.00000    0.00000    4.19400
   0.58000    1.27900    0.81100    1.31300    0.00000    0.00000    2.92500
  -0.16500    3.31100    0.97200    2.20800    0.00000    3.00000    4.24400
   2.55300    2.37500    1.02600    1.09000    0.00000    1.00000    3.89500
   1.61000    2.25100    0.63800    0.87100    1.00000    0.00000    4.02100
   3.12700    3.31500    0.22300    0.79900    0.00000    0.00000    4.50700
   0.05700    2.44100    0.88000    1.54000    0.00000    2.00000    4.92000
   2.72900    1.96200    0.93400    0.81900    0.00000    0.00000    4.29600
   2.19300    3.01200    0.22300    1.02300    0.00000    0.00000    3.92000
   2.15200    3.00300    0.13400    1.03200    0.00000    0.00000    4.17100
   1.44200    3.08000    0.22300    1.58300    0.00000    1.00000    2.36900
   2.12900    3.52000    0.22300    1.56200    1.00000    0.00000    3.62900
  -0.17200    1.94600    0.22300    1.92900    0.00000    0.00000    0.53400
   2.97400    3.33300    0.40500    0.96300    1.00000    0.00000    4.63200
   2.72900    2.08000    0.89100    0.81600    0.00000    0.00000    4.41000
   4.41600    3.25200    0.49900    0.83200    0.00000    0.00000    4.67400
   1.89000    3.35800    1.34800    1.32800    0.00000    0.00000    3.85200
   1.44200    3.08000    0.22300    1.58300    1.00000    0.00000    3.72700
   0.80000    2.87800    0.13400    1.68400    0.00000    0.00000    2.43600
   3.21000    2.62000    0.49900    0.99000    0.00000    0.00000    4.23000
   2.70200    3.09800    0.93000    1.07500    0.00000    0.00000    5.65000
   2.71500    2.91400    0.79800    0.97500    0.00000    1.00000    4.10900
   5.20700    2.58500    1.58600    0.91700    0.00000    0.00000    6.37900
   2.84100    2.29700    0.76200    0.79800    0.00000    0.00000    3.60800
   2.92200    3.24700    0.63800    0.88900    0.00000    1.00000    4.68000
  -0.06300    2.98000    0.25100    2.26100    0.00000    0.00000    1.63900
   3.05100    3.33200    0.13400    0.90900    0.00000    0.00000    4.89100
   5.08900    4.21600    0.22300    1.24800    0.00000    0.00000    5.89600
   1.09100    2.30900    0.76200    0.84500    1.00000    0.00000    3.60100
   0.13300    2.02400    0.40500    2.06500    0.00000    1.00000    2.26900
  -1.30600    1.00000    0.40500    1.50000    2.00000    0.00000    2.38100
   2.37100    2.20600    1.30000    1.36000    0.00000    0.00000    4.73900
   4.59400    2.08600    1.68500    0.39600    0.00000    0.00000    6.72000
   1.23900    3.02300    0.56000    1.16800    1.00000    0.00000    3.27800
   2.77300    3.74900    0.33100    1.27800    0.00000    0.00000    4.77700
   4.19000    2.25100    1.50100    1.19700    0.00000    0.00000    5.63200
   4.04400    3.82200    0.00000    1.12500    1.00000    0.00000    5.51000
   0.99600    1.52300    1.02800    1.51200    0.00000    1.00000    2.69300
   1.61000    2.11000    0.58000    0.80500    0.00000    0.00000    3.78700
   2.85900    3.25200    0.13400    0.87500    0.00000    0.00000    5.29200
   3.31500    3.17700    0.62900    0.87100    0.00000    0.00000    3.36500
   1.58700    1.85500    1.17900    1.44000    0.00000    0.00000    2.83800
   0.53800    3.01400    0.56000    1.98700    0.00000    1.00000    3.49600
   2.59000    3.17500    0.85900    2.09500    0.00000    0.00000    4.09500
   1.34800    2.12500    0.63800    0.83100    0.00000    0.00000    3.53100
  -0.53400    2.36600    0.40500    1.73500    0.00000    0.00000    0.24200
  -0.38600    1.51200    0.33100    1.62700    1.00000    0.00000    2.89100
   3.07600    2.68400    0.98800    1.22600    0.00000    1.00000    4.40400
  -0.78600    1.25100    0.25100    1.12600    0.00000    0.00000    5.07200
   1.45300    3.26000    0.82900    1.67600    0.00000    1.00000    3.77000
   3.11000    1.73300    1.07700    0.81000    0.00000    0.00000    4.63000
   2.45900    3.61300    1.33600    0.83900    0.00000    0.00000    4.88600
   1.70100    2.44800    0.63800    0.92100    0.00000    0.00000    3.51300
   3.52200    4.31100    1.49600    0.96400    0.00000    0.00000    5.19000
   4.63900    4.53200    0.40500    1.18900    2.00000    3.00000    5.10400
   0.09400    1.35900    0.13400    1.13000    1.00000    0.00000    3.47000
   0.20200    2.02600    0.22300    1.66700    0.00000    1.00000    0.85500
   1.85100    3.59100    0.58000    1.68500    0.00000    1.00000    4.11700
   3.73700    3.07300    1.49300    1.27900    0.00000    0.00000    6.64500
   3.61800    4.05000    0.69300    1.38100    0.00000    2.00000    5.49000
   3.90900    3.70900    1.37100    1.47800    0.00000    1.00000    5.56800
  -1.05300    2.33300    0.25100    1.94600    0.00000    0.00000    2.57600
   0.82800    2.22200    0.71100    0.84900    0.00000    0.00000    3.64100
   1.70100    2.50800    0.58000    0.94100    0.00000    0.00000    3.34500
   2.29400    4.25500    1.69500    1.08700    0.00000    0.00000    4.47500
   0.34700    2.56000    0.13400    1.75800    0.00000    0.00000    2.28300
   4.37900    4.18100    0.57000    1.38300    0.00000    0.00000    6.21300
   2.19300    3.01200    0.22300    1.02300    0.00000    0.00000    4.07000
   0.43000    2.81500    0.56000    1.58500    0.00000    2.00000    2.75800
   1.39800    2.88800    0.25100    1.77100    0.00000    0.00000    2.98300
   1.61000    2.25100    0.63800    0.87100    1.00000    0.00000    4.17500
   2.12900    3.52000    0.22300    1.56200    0.00000    1.00000    3.44600
   5.57900    4.63000    0.40500    1.45800    2.00000    1.00000    3.13900
   2.72300    3.23500    1.13100    0.99600    0.00000    0.00000    5.35400
   5.46900    3.03000    1.82100    1.02700    0.00000    2.00000    6.89700
   3.26700    3.46500    0.00000    0.96300    4.00000    0.00000    3.40700
   1.37300    3.02600    0.40500    1.78700    0.00000    1.00000    3.81000
   3.23700    3.05200    0.63800    0.90300    0.00000    0.00000    4.90600
   2.19300    3.01200    0.22300    1.02300    0.00000    0.00000    3.85700
   3.29100    3.66900    0.48600    1.37400    0.00000    0.00000    3.70100
   3.79500    2.47700    0.83000    0.98300    0.00000    0.00000    4.74300
   0.49100    3.45900    1.47000    1.48300    0.00000    2.00000    4.48600
   1.75800    2.21700    0.65900    0.78800    0.00000    0.00000    3.72700
  -1.96000    2.24200    1.09600    1.90700    0.00000    1.00000    3.39600
   1.93600    4.26800    0.91600    1.19000    0.00000    2.00000    7.84900
   0.80000    2.87800    0.13400    1.68400    0.00000    0.00000    2.42500
   2.06000    3.46200    0.40500    1.71700    0.00000    1.00000    4.55700
  -0.91700    2.67000    0.49600    2.04700    0.00000    0.00000    1.84200
   1.39100    2.43400    1.17000    0.99600    1.00000    0.00000    3.57500
   2.82100    3.62900    0.33100    1.47800    0.00000    1.00000    3.24000
   0.15600    1.96100    0.13400    1.27000    0.00000    0.00000    2.50500
   3.90900    4.30500    0.22300    1.34800    3.00000    2.00000    5.19200
   2.65000    3.90500    0.56000    1.39900    1.00000    0.00000    4.94700
   0.29100    2.21800    0.92300    1.07400    0.00000    0.00000    3.23700
   4.67300    3.59600    0.60400    1.51500    0.00000    0.00000    5.36300
   2.94200    3.17900    0.00000    1.06300    0.00000    0.00000    3.94700
   2.05000    3.57000    1.37400    2.25900    0.00000    0.00000    6.08300
   2.50200    3.73400    0.22300    1.28200    0.00000    0.00000    3.38700
   0.65500    2.46200    0.22300    1.62500    0.00000    1.00000    1.35200
   1.33500    2.86600    0.22300    1.28800    2.00000    0.00000    3.41100
   2.21400    3.24000    0.56000    0.88900    0.00000    0.00000    4.54400
   1.79500    3.31600    0.22300    1.57100    1.00000    0.00000    3.97900
   2.50200    3.86000    0.22300    1.42900    0.00000    0.00000    3.91900
   2.63700    3.01200    0.22300    0.76000    0.00000    0.00000    4.53800
   3.65900    2.35100    1.58600    1.25000    0.00000    4.00000    6.41600
   1.70100    2.44800    0.63800    0.92100    0.00000    0.00000    3.52100
   1.70100    2.44800    0.63800    1.12100    0.00000    0.00000    2.90400
   0.65500    2.13700    0.22300    1.17900    0.00000    0.00000    3.84100
   5.25800    4.43600    0.76400    1.22700    0.00000    1.00000    5.41200
   4.41600    3.25200    0.49900    0.83200    0.00000    0.00000    4.38400
   4.37900    4.28500    0.13400    1.55100    0.00000    0.00000    6.25500
   0.08700    1.78300    0.33100    1.66700    0.00000    0.00000    1.77700
   0.70600    3.22200    0.33100    2.17700    0.00000    0.00000    1.81900
   0.45400    2.85500    1.33100    1.32500    0.00000    2.00000    7.04500
   2.45900    2.12600    0.83000    1.45500    1.00000    0.00000    4.18400
   1.11200    2.28300    1.07000    1.22300    0.00000    0.00000    4.27800
   4.23400    4.08500    0.13400    1.48200    0.00000    0.00000    5.63000
   1.58000    2.96100    0.40500    1.38800    0.00000    0.00000    3.07000
   1.56900    3.52600    0.71100    1.58600    0.00000    3.00000    3.66000
   4.19000    1.92500    1.36400    0.42100    0.00000    0.00000    5.59100
   0.31400    3.02900    0.33100    1.84700    0.00000    0.00000    2.47400
   3.29100    3.60900    0.81100    1.20800    0.00000    0.00000    4.24700
   1.57000    3.42100    0.58000    1.70000    0.00000    1.00000    5.02900
   2.81300    3.53200    0.13400    1.51800    0.00000    0.00000    3.95900
   2.10200    2.23300    0.64000    0.92000    0.00000    1.00000    3.61500
  -0.11500    3.01400    0.56000    1.78100    0.00000    0.00000    0.89800
   2.94200    3.17900    0.00000    1.06300    0.00000    0.00000    3.82200
   1.58700    3.36900    0.13400    1.61400    0.00000    0.00000    3.25200
   3.08900    3.20000    1.53100    1.05900    0.00000    0.00000    6.16000
   1.85900    2.83400    0.13400    0.95000    0.00000    0.00000    3.47000
   1.67200    1.81800    0.49900    1.46800    1.00000    0.00000    3.54600
   3.80600    3.98000    0.22300    1.57800    0.00000    0.00000    4.81900
   3.57100    3.62900    0.22300    0.80200    0.00000    0.00000    4.26900
  -0.52100    3.07900    0.42900    2.13500    0.00000    0.00000    1.30800
   4.63300    3.88800    0.69300    0.97800    0.00000    2.00000    6.60000
   0.94300    2.63400    0.22300    1.29800    0.00000    0.00000    3.13100
   4.03800    4.02900    0.96500    1.72900    0.00000    0.00000    4.45100
   0.56200    2.54200    0.42900    1.89100    0.00000    0.00000    2.12000
   4.80400    3.38300    1.40800    0.89200    0.00000    0.00000    5.44000
  -1.16900    2.70700    0.97200    1.88900    0.00000    3.00000    2.97600
   1.10700    3.02400    0.45200    2.69800    0.00000    0.00000    0.45000
   0.70600    3.21900    0.40500    1.60500    0.00000    0.00000    1.08800
  -0.46300    2.86200    1.03100    1.82800    0.00000    3.00000    4.51200
   0.13300    2.03400    0.33100    1.56000    0.00000    1.00000    2.11700
   2.99100    2.44200    0.93400    0.98400    0.00000    1.00000    4.20800
   2.06600    2.83400    0.13400    1.00900    0.00000    0.00000    3.44800
   3.37700    2.23300    1.07000    0.84100    1.00000    0.00000    5.25100
   1.39500    2.21500    0.88700    0.88800    0.00000    0.00000    3.93200
   4.20700    3.32300    1.23200    1.13400    0.00000    0.00000    6.50000
   1.34800    2.12500    0.63800    0.83100    0.00000    0.00000    2.93900
   3.66100    3.73400    0.22300    1.37400    0.00000    0.00000    5.15900
   3.31800    2.98700    1.07600    0.92100    0.00000    1.00000    6.07700
   4.09800    4.11400    0.22300    1.57100    0.00000    0.00000    5.21900
   2.79900    1.97500    0.80200    0.77500    1.00000    0.00000    4.22700
   1.80700    3.03600    0.40500    1.20500    1.00000    0.00000    3.73300
   2.52900    2.33000    0.93200    0.93100    0.00000    1.00000    4.55900
   2.45500    3.16400    0.22300    0.90900    0.00000    0.00000    3.11200
   3.54600    4.27800    0.40500    1.34500    0.00000    0.00000    4.66800
   0.73600    2.80100    0.72800    2.22600    0.00000    2.00000    3.10900
   1.59100    2.83400    0.13400    0.95000    0.00000    0.00000    3.02100
   2.22400    3.58500    0.33100    1.49100    0.00000    0.00000    3.53000
   5.17600    3.97900    1.30600    1.40400    0.00000    1.00000    4.23900
   1.73700    3.19100    0.22300    1.15400    0.00000    0.00000    2.68600
   2.22300    3.06700    1.28600    1.30900    0.00000    0.00000    5.31800
  -0.31700    1.42900    0.22300    1.75000    1.00000    0.00000    3.07600
   3.90600    4.41300    0.56000    1.17000    1.00000    2.00000    7.89900
   2.35900    2.45400    1.07500    0.95100    0.00000    0.00000    4.96000
   1.53300    3.10300    0.13400    1.34400    0.00000    0.00000    3.17400
   3.76400    1.92500    1.31800    0.59500    0.00000    0.00000    4.70500
   2.20600    2.23300    0.46000    0.78900    1.00000    0.00000    4.96000
  -1.26500    1.78600    0.70200    1.08100    0.00000    0.00000    8.13200
   5.20600    2.63900    1.46200    0.83000    0.00000    0.00000    5.98500
   0.15800    1.83100    1.18200    1.90100    0.00000    2.00000    1.23400
  -0.38600    1.33300    0.75400    1.14800    0.00000    1.00000    3.48700
   2.24100    2.43000    0.49600    0.94600    0.00000    0.00000    3.66000
   1.06400    2.54400    0.22300    1.24500    0.00000    0.00000    1.40800
   0.65200    2.95500    0.33100    1.31300    0.00000    0.00000    2.96100
   3.19000    2.41700    1.02800    1.16200    0.00000    1.00000    4.16900
   2.19300    3.10300    0.13400    1.01600    0.00000    0.00000    3.65100
   3.11200    3.32600    0.64700    0.98600    0.00000    1.00000    4.08100
   1.06400    2.54400    0.22300    1.24500    0.00000    0.00000    3.38000
  -0.31700    1.75100    0.62900    1.48300    0.00000    0.00000    0.36100
   0.14300    2.08600    0.33100    1.22100    1.00000    0.00000    3.81500
   2.24200    3.33200    0.13400    1.51900    0.00000    0.00000    3.55400
   1.46700    2.34400    0.58200    1.59000    0.00000    0.00000    3.10900
   1.74200    3.63400    0.69300    1.74700    0.00000    2.00000    4.05100
   2.24200    3.33200    0.13400    1.06800    0.00000    0.00000    3.80600
   2.18600    3.17100    0.13400    1.01100    0.00000    0.00000    3.98400
   1.96800    2.58300    0.76200    1.10400    0.00000    1.00000    3.88200
   3.31400    1.92500    1.16000    0.80100    0.00000    0.00000    5.19200
   1.44200    3.08000    0.22300    1.58300    0.00000    1.00000    3.06100
   4.43600    3.39000    0.93400    0.88900    0.00000    0.00000    5.26400
   2.44600    3.55900    0.22300    1.36000    0.00000    0.00000    3.45800
   2.22600    2.02400    0.83000    1.76100    0.00000    0.00000    2.92800
   1.84500    3.18800    1.18200    1.24400    0.00000    1.00000    5.01200
   3.61800    4.05000    0.69300    1.38100    0.00000    2.00000    5.66700
   2.60800    2.91000    0.00000    1.00000    0.00000    0.00000    3.44700
   1.97400    2.73900    0.00000    1.30000    1.00000    1.00000    2.95300
   2.85100    3.00000    0.00000    0.93800    1.00000    0.00000    3.51300
   1.29700    3.35300    0.85400    1.94400    0.00000    0.00000    2.45100
   1.94000    2.42300    0.94900    1.15000    0.00000    0.00000    2.44000
   1.49200    1.94000    0.74900    1.06600    0.00000    0.00000    2.99000
   0.96700    3.02900    0.33100    2.13000    0.00000    1.00000    1.88500
   2.26900    2.21700    0.76400    0.85900    1.00000    0.00000    5.30800
  -0.29400    4.06100    0.13400    1.65800    0.00000    0.00000    3.15100
   4.06300    2.08500    1.07900    0.89500    0.00000    0.00000    4.79000
   2.60400    3.27700    0.48600    1.41600    0.00000    0.00000    5.47000
   3.11000    2.95000    1.77200    1.35100    0.00000    4.00000    5.38300
   2.89900    2.81800    0.83000    1.38600    0.00000    0.00000    3.92000
   2.49200    3.18000    1.28100    1.24600    0.00000    0.00000    4.96300
   0.80000    2.74800    0.22300    1.70500    0.00000    0.00000    1.06300
   2.70200    3.09800    0.93000    1.07500    0.00000    0.00000    6.23600
  -0.02200    3.98000    0.45200    2.01300    0.00000    0.00000    1.81000
   1.23700    2.43000    0.49600    0.84900    0.00000    1.00000    3.13300
   3.49200    3.83300    0.40500    1.52200    0.00000    1.00000    2.09200
   3.84200    3.16000    1.02800    0.80900    0.00000    0.00000    5.93900
   2.35200    3.04600    0.00000    1.33300    0.00000    2.00000    4.07500
   2.42000    3.17100    0.13400    1.18900    1.00000    0.00000    3.56900
   0.46800    2.11100    0.13400    1.25300    0.00000    0.00000    2.91400
   2.27300    2.97100    0.85900    2.16200    0.00000    0.00000    4.49900
   0.91500    3.26100    0.33100    2.04700    0.00000    1.00000    4.18200
   3.05500    3.26500    0.49600    0.96200    0.00000    1.00000    4.73200
   3.47800    2.12600    0.83000    0.89900    0.00000    0.00000    4.55200
   1.85900    2.72800    0.22300    0.95300    0.00000    0.00000    3.75500
   1.51500    2.78100    0.71100    1.14700    0.00000    0.00000    3.84600
   3.56200    2.77800    0.83000    1.04600    0.00000    0.00000    6.65200
   2.12900    3.36100    0.22300    1.34200    0.00000    0.00000    5.48500
   3.55800    2.46500    1.58600    1.00000    0.00000    4.00000    7.59100
  -0.45000    2.00000    0.69300    1.12800    2.00000    2.00000    4.36600
   2.27400    3.66900    0.22300    1.59900    0.00000    0.00000    3.66500
   0.87400    2.59100    0.33100    1.62900    0.00000    0.00000    2.39500
  -1.05300    1.96800    0.33100    1.89100    0.00000    0.00000    1.47000
   3.88700    3.69000    0.22300    0.88300    0.00000    0.00000    6.64400
   0.24200    2.56500    0.45200    1.52900    0.00000    0.00000    2.11500
   1.39500    2.21500    0.88700    0.88800    0.00000    0.00000    4.08400
   4.57000    4.82900    0.33100    1.52100    4.00000    4.00000    6.34700
   2.50200    3.73400    0.22300    1.42600    0.00000    0.00000    3.18000
   1.15500    3.08000    0.82700    1.07900    2.00000    0.00000    5.47800
  -0.53400    2.37700    0.33100    2.11100    0.00000    0.00000    2.15600
   0.84600    2.51200    0.13400    1.29300    0.00000    0.00000    2.01600
   1.79800    2.98600    0.96100    1.66900    0.00000    4.00000    3.15200
  -0.31600    2.24000    0.40500    1.20300    0.00000    0.00000    2.28600
   2.03300    1.78300    0.57000    1.18700    1.00000    0.00000    6.06400
   1.11700    3.28200    0.56000    1.74900    0.00000    2.00000    3.75700
   4.17900    3.59600    0.97200    0.94100    0.00000    1.00000    4.82800
   0.02400    1.07500    1.16100    0.86500    0.00000    1.00000    5.38600
   0.99600    1.00000    1.15000    0.96800    0.00000    1.00000    3.49900
   1.58700    2.87500    0.58200    2.31100    0.00000    0.00000    3.07500
   2.60400    3.21900    0.81100    1.12700    0.00000    0.00000    4.75900
   3.45100    3.40200    0.60400    1.51700    0.00000    0.00000    5.08600
   1.24600    2.68500    0.40500    1.14500    0.00000    0.00000    3.21900
   5.12400    2.93100    1.71000    0.93500    2.00000    2.00000    7.01700
   4.20700    3.32300    1.23200    1.13400    0.00000    0.00000    6.52500
   1.29400    3.42600    0.69300    1.48800    0.00000    1.00000    3.02500
   2.23900    2.37700    0.82700    0.93800    0.00000    0.00000    3.75900
   2.37000    2.23300    0.64000    0.92000    1.00000    0.00000    4.75000
   2.31400    3.92400    0.69300    1.70700    0.00000    2.00000    4.71300
   1.21000    3.03300    0.69300    1.31200    1.00000    0.00000    4.83200
   1.58700    3.27700    0.22300    1.86900    0.00000    0.00000    2.08500
   1.39500    2.18300    0.93000    0.84600    0.00000    0.00000    4.22400
   1.56500    3.64100    0.33100    1.93300    0.00000    1.00000    2.67000
   1.74800    2.47900    0.88700    0.95400    0.00000    0.00000    5.34100
   1.20900    3.14300    0.13400    1.64100    0.00000    0.00000    2.69200
   1.78300    2.98200    0.49600    1.15100    0.00000    1.00000    3.66500
   1.53300    2.82400    0.22300    1.05100    0.00000    0.00000    4.05000
   3.18600    3.66900    0.22300    1.59900    0.00000    0.00000    3.98400
   2.65900    3.24700    0.87400    1.22100    0.00000    1.00000    4.26200
   1.97100    3.64100    0.33100    1.93300    1.00000    0.00000    3.24600
   1.85900    2.83400    0.13400    1.23700    0.00000    0.00000    3.03000
   2.52700    3.58700    0.67500    2.10800    0.00000    0.00000    3.65600
   1.78300    2.98200    0.49600    1.15100    0.00000    1.00000    3.52200
   1.31300    1.63400    0.71300    1.19000    0.00000    0.00000    2.05600
   3.31400    2.01900    1.12600    0.79300    0.00000    0.00000    5.00100
   4.80400    4.71700    0.22300    1.28800    1.00000    1.00000    6.38400
   1.70100    2.50800    0.58000    0.94100    0.00000    0.00000    3.79900
   4.23400    4.13700    0.22300    1.54200    0.00000    1.00000    5.19400
   2.54000    3.45200    0.33100    1.09800    0.00000    1.00000    3.74200
   2.11000    4.20500    1.51200    1.04600    0.00000    2.00000    5.00200
   0.40800    2.46200    0.22300    1.66900    0.00000    0.00000    1.52400
  -0.53400    2.37700    0.33100    1.73400    0.00000    0.00000    1.47400
   3.04600    2.30900    0.90700    0.87100    0.00000    0.00000    3.77500
   2.20900    3.55700    0.33100    1.30100    2.00000    1.00000    4.71100
   1.73700    2.87600    0.92800    1.37200    0.00000    1.00000    6.14800
   3.25900    3.40700    0.00000    1.11100    0.00000    0.00000    4.19200
   0.62600    3.52800    1.74000    1.28800    0.00000    0.00000    5.46600
   0.88300    2.12500    0.73000    1.53700    0.00000    0.00000    3.00700
   2.53800    3.34300    1.06800    0.92300    0.00000    0.00000    3.32700
   2.10200    2.82400    0.22300    1.00000    1.00000    0.00000    3.36000
   2.45900    2.12600    0.83000    1.45500    0.00000    1.00000    5.82000
   4.76400    3.68400    1.27500    1.07200    0.00000    1.00000    7.69100
   4.09800    4.16600    0.13400    1.55600    0.00000    0.00000    5.91200
   3.16700    3.67500    1.71800    1.24800    0.00000    0.00000    4.13600
   1.83400    2.63400    0.22300    0.93900    0.00000    0.00000    3.92600
   1.46700    2.21600    0.58200    1.28700    0.00000    0.00000    2.74000
   2.02600    2.21900    0.60400    1.53700    0.00000    0.00000    3.26200
   2.23900    2.37700    0.82700    0.93800    0.00000    0.00000    3.91000
   4.23500    4.36000    0.40500    1.22800    1.00000    2.00000    6.66500
   1.57900    3.38000    0.70200    1.52700    0.00000    1.00000    3.84100
   5.42600    4.81000    0.69300    1.42000    0.00000    2.00000    2.54800
   1.06400    2.80200    0.22300    1.60000    0.00000    1.00000    1.99900
   3.32000    2.39600    1.59300    1.35100    0.00000    0.00000    6.02300
   1.37300    3.02600    0.40500    1.54800    0.00000    1.00000    2.84000
   2.57000    2.11000    0.77300    0.77300    0.00000    1.00000    3.36000
   2.27800    3.65100    1.15100    0.91100    0.00000    2.00000    4.54000
   2.05600    2.19800    0.79800    0.79000    0.00000    1.00000    3.32800
  -0.29700    1.71300    1.09800    1.75200    0.00000    0.00000    3.04600
   4.63400    2.12600    1.27800    0.89600    0.00000    0.00000    5.81500
   3.90300    4.56600    0.35700    1.39400    4.00000    1.00000    6.92300
   1.39300    3.61100    0.33100    2.01700    0.00000    0.00000    2.85900
   2.60400    3.21900    0.81100    1.15100    0.00000    0.00000    3.39700
   1.34800    2.18900    0.58000    0.86300    0.00000    0.00000    3.11500
   2.59000    3.42600    0.85000    1.79200    0.00000    0.00000    4.37700
  -0.79200    1.83200    1.20900    1.36400    0.00000    0.00000    3.82800
   1.58700    1.85500    1.06700    1.24400    0.00000    0.00000    3.48700
   1.31200    2.96100    0.40500    1.18900    0.00000    0.00000    2.60400
   1.02400    3.12600    0.69300    1.69000    2.00000    2.00000    4.28200
   1.85900    2.83400    0.13400    0.95000    0.00000    0.00000    2.82700
  -0.91700    2.70400    0.56000    1.96500    0.00000    0.00000    0.15000
   2.50200    3.92100    0.13400    1.78900    0.00000    0.00000    3.86100
  -0.45000    3.81500    1.82500    1.35100    0.00000    0.00000    4.69100
   3.56200    3.60500    0.00000    1.15000    0.00000    0.00000    4.51000
   1.68000    2.59400    0.25100    0.86100    0.00000    0.00000    3.11200
   2.40200    3.45200    0.33100    1.47600    1.00000    0.00000    3.87000
   1.94000    3.56600    0.13400    1.59500    0.00000    0.00000    3.71900
   3.29100    3.60900    0.81100    1.20800    0.00000    0.00000    4.38000
  -1.16900    2.81700    1.01200    1.52100    0.00000    3.00000    2.06900
   0.54800    1.96100    0.13400    1.21500    1.00000    0.00000    2.56700
   1.12100    3.15900    0.96500    1.58400    0.00000    2.00000    3.77000
   3.06200    4.24700    0.58000    1.36000    2.00000    1.00000    5.06600
  -0.05900    2.99300    0.81100    1.23200    0.00000    2.00000    5.39500
   1.05000    2.86600    0.22300    1.33300    0.00000    1.00000    2.27000
   1.70100    2.50800    0.58000    0.94100    0.00000    0.00000    3.76600
   1.19500    3.08000    0.22300    1.38500    0.00000    0.00000    2.07000
   2.43300    3.55000    1.18200    1.62400    0.00000    0.00000    4.81100
   3.94500    2.93700    0.49900    0.80000    0.00000    0.00000    4.84900
   3.25900    3.40700    0.00000    1.11100    0.00000    0.00000    4.27900
   1.81700    1.50000    0.83000    1.89100    0.00000    0.00000    2.92000
   1.06000    2.72600    0.49600    1.10800    0.00000    1.00000    3.10000
   1.94000    2.71900    0.89100    2.29200    0.00000    0.00000    3.28900
   2.84100    2.29700    0.76200    0.79800    0.00000    0.00000    3.55500
   4.75400    4.05700    1.03200    1.18300    1.00000    3.00000    8.20100
  -0.40600    2.11800    0.95600    2.53900    0.00000    0.00000    3.84500
  -0.74100    2.33000    0.58000    1.77600    0.00000    2.00000    0.89000
   0.80000    2.74800    0.22300    1.70500    0.00000    0.00000    1.69100
   1.49000    2.76500    0.33100    0.95100    0.00000    1.00000    2.55000
  -0.06300    2.98000    0.25100    1.95900    0.00000    0.00000    1.65100
   2.59100    3.89600    0.13400    1.98400    0.00000    0.00000    3.45000
   3.11200    3.31400    0.33100    1.17300    1.00000    0.00000    3.81200
   1.74800    2.43900    0.93000    0.92400    0.00000    0.00000    5.00700
   1.45900    3.43200    0.63800    1.38500    0.00000    1.00000    5.33900
   2.94200    3.17900    0.00000    1.06300    0.00000    0.00000    3.81100
   3.47800    2.12600    0.83000    0.89900    0.00000    0.00000    4.26300
   1.59100    2.72800    0.22300    0.95300    0.00000    0.00000    2.37100
   4.06300    2.08500    1.07900    0.89500    0.00000    0.00000    4.74000
   2.54500    3.60100    0.22300    1.35000    3.00000    2.00000    4.32000
   1.95300    2.21600    0.38900    0.79600    0.00000    0.00000    3.75100
