  28.00000  397.00000    0.00000    0.00000  185.00000    0.00000 1040.00000  734.00000   39.09329
   3.00000  181.38000    0.00000  167.01000  169.59000    7.56000 1055.60000  777.80000   13.62405
  28.00000  194.68000    0.00000  100.52000  165.62000    7.48000 1006.40000  905.90000   25.72435
  28.00000  296.00000    0.00000    0.00000  192.00000    0.00000 1085.00000  765.00000   21.64955
 180.00000  500.00000    0.00000    0.00000  200.00000    0.00000 1125.00000  613.00000   51.04191
  14.00000  212.00000    0.00000  124.78000  159.00000    7.84000 1085.40000  799.54000   31.35047
   3.00000  374.00000  189.20000    0.00000  170.10000   10.10000  926.10000  756.70000   34.39796
  28.00000  321.00000  164.00000    0.00000  190.00000    5.00000  870.00000  774.00000   57.21272
 100.00000  194.68000    0.00000  100.52000  165.62000    7.48000 1006.40000  905.90000   37.34202
   7.00000  193.50000  290.20000    0.00000  185.70000    0.00000  998.20000  704.30000   17.20036
  56.00000  231.75000    0.00000  121.62000  173.96000    6.72000 1056.40000  778.45000   42.69925
  28.00000  322.00000    0.00000    0.00000  203.00000    0.00000  974.00000  800.00000   25.17966
  28.00000  181.90000  272.80000    0.00000  185.70000    0.00000 1012.40000  714.30000   27.93550
 270.00000  237.50000  237.50000    0.00000  228.00000    0.00000  932.00000  594.00000   38.40795
   3.00000  531.30000    0.00000    0.00000  141.80000   28.20000  852.10000  893.70000   41.29961
 360.00000  198.60000  132.40000    0.00000  192.00000    0.00000  978.40000  825.50000   44.29608
   3.00000  349.00000    0.00000    0.00000  192.00000    0.00000 1047.00000  806.00000   14.98921
 100.00000  165.00000    0.02000  143.57000  163.81000    0.00000 1005.60000  900.90000   37.95565
   7.00000  252.50000    0.00000    0.00000  185.70000    0.00000 1111.60000  784.30000   11.48391
  56.00000  286.30000  200.90000    0.00000  144.70000   11.20000 1004.60000  803.70000   72.99482
   7.00000  250.20000  166.80000    0.00000  203.50000    0.00000  977.60000  694.10000   19.35014
  56.00000  387.00000   20.00000   94.00000  157.00000   14.32000  938.00000  845.00000   56.33708
  28.00000  222.36000    0.00000   96.67000  189.29000    4.46000  967.08000  870.32000   24.89008
   7.00000  236.00000    0.00000    0.00000  193.00000    0.00000  968.00000  885.00000    9.99051
  28.00000  159.00000  149.00000  116.00000  175.00000   15.00000  953.00000  720.00000   27.67557
  28.00000  159.00000  209.00000  161.00000  201.00000    7.00000  848.00000  669.00000   30.88163
 365.00000  190.00000  190.00000    0.00000  228.00000    0.00000  932.00000  670.00000   53.69225
   3.00000  277.05000    0.00000   97.39000  160.60000   11.83000  973.90000  875.61000   23.13881
  56.00000  362.60000  189.00000    0.00000  164.90000   11.60000  944.70000  755.80000   77.29715
  56.00000  233.81000    0.00000   94.58000  197.89000    4.56700  947.04000  852.16000   27.66178
  28.00000  141.90000  166.60000  129.70000  173.50000   10.90000  882.60000  785.30000   44.61186
   3.00000  359.00000   19.00000  141.00000  154.00000   10.91000  942.00000  801.00000   23.63918
   7.00000  469.00000  117.20000    0.00000  137.80000   32.20000  852.10000  840.50000   54.89608
   3.00000  297.16000    0.00000  117.54000  174.80000    9.52000 1022.80000  753.45000   21.91155
  28.00000  277.05000    0.00000   97.39000  160.60000   11.83000  973.90000  875.61000   48.28400
  28.00000  133.00000  200.00000    0.00000  192.00000    0.00000  927.40000  839.20000   27.87483
  91.00000  425.00000  106.30000    0.00000  153.50000   16.50000  852.10000  887.10000   65.19685
 180.00000  307.00000    0.00000    0.00000  193.00000    0.00000  968.00000  812.00000   34.48759
  28.00000  260.00000  101.00000   78.00000  171.00000   10.00000  936.00000  763.00000   49.77327
  28.00000  284.00000   15.00000  141.00000  179.00000    5.46000  842.00000  801.00000   43.73346
  90.00000  427.50000   47.50000    0.00000  228.00000    0.00000  932.00000  594.00000   41.54300
 100.00000  275.07000    0.00000  121.35000  159.48000    9.90000 1053.60000  777.50000   58.60546
   7.00000  166.80000  250.20000    0.00000  203.50000    0.00000  975.60000  692.60000   15.74832
  28.00000  520.00000    0.00000    0.00000  170.00000    5.20000  855.00000  855.00000   60.28089
   3.00000  102.00000  153.00000    0.00000  192.00000    0.00000  887.00000  942.00000    4.56502
 100.00000  212.00000    0.00000  124.78000  159.00000    7.84000 1085.40000  799.54000   47.81516
  14.00000  190.34000    0.00000  125.18000  161.85000    9.88000 1088.10000  802.59000   22.71823
   3.00000  212.07000    0.00000  121.62000  180.31000    5.69000 1057.60000  779.32000   12.47262
  28.00000  155.00000  183.00000    0.00000  193.00000    9.00000 1047.00000  697.00000   18.28490
  28.00000  303.60000  139.90000    0.00000  213.50000    6.20000  895.50000  722.50000   33.41959
   3.00000  182.04000   45.21000  121.97000  170.21000    8.19000 1059.40000  780.65000    7.31534
  28.00000  154.80000  183.40000    0.00000  193.30000    9.10000 1047.40000  696.70000   18.28766
  56.00000  212.00000    0.00000  124.78000  159.00000    7.84000 1085.40000  799.54000   45.08484
 180.00000  310.00000    0.00000    0.00000  192.00000    0.00000  970.00000  850.00000   37.32823
  28.00000  277.00000    0.00000    0.00000  191.00000    0.00000  968.00000  856.00000   25.96567
 180.00000  380.00000    0.00000    0.00000  228.00000    0.00000  932.00000  670.00000   53.10413
  28.00000  312.70000  144.70000    0.00000  127.30000    8.00000  999.70000  822.20000   44.52360
  56.00000  212.52000    0.00000  100.37000  159.32000    8.71000 1007.80000  903.59000   42.54756
 100.00000  167.35000  129.90000  128.62000  175.46000    7.79000 1006.30000  746.60000   53.65502
   7.00000  425.00000  106.30000    0.00000  153.50000   16.50000  852.10000  887.10000   49.20101
  56.00000  362.60000  189.00000    0.00000  164.90000   11.60000  944.70000  755.80000   77.29715
  28.00000  165.00000    0.00000  150.00000  182.00000   12.00000 1023.00000  729.00000   18.02980
   3.00000  310.00000    0.00000    0.00000  192.00000    0.00000 1012.00000  830.00000   11.85209
   1.00000  500.00000    0.00000    0.00000  200.00000    0.00000 1125.00000  613.00000   12.63810
   7.00000  475.00000  118.80000    0.00000  181.10000    8.90000  852.10000  781.50000   55.59934
   3.00000  236.00000    0.00000    0.00000  194.00000    0.00000  968.00000  885.00000    6.46728
 365.00000  342.00000   38.00000    0.00000  228.00000    0.00000  932.00000  670.00000   56.14196
  28.00000  252.00000    0.00000    0.00000  185.00000    0.00000 1111.00000  784.00000   19.69143
   3.00000  251.37000    0.00000  118.27000  188.45000    6.35000 1028.40000  757.73000   13.12073
   3.00000  446.00000   24.00000   79.00000  162.00000   11.61000  967.00000  712.00000   35.36322
   7.00000  192.00000  288.00000    0.00000  192.00000    0.00000  929.80000  716.10000   21.48062
   3.00000  500.00000    0.00000    0.00000  200.00000    0.00000 1125.00000  613.00000   26.06219
 100.00000  194.68000    0.00000  100.52000  170.17000    7.48000  998.00000  901.80000   44.27815
 270.00000  475.00000    0.00000    0.00000  228.00000    0.00000  932.00000  594.00000   42.13112
   7.00000  362.60000  189.00000    0.00000  164.90000   11.60000  944.70000  755.80000   55.89582
  28.00000  314.00000    0.00000  113.00000  170.00000   10.00000  925.00000  783.00000   38.45897
  28.00000  272.80000  105.10000   81.80000  209.70000    9.00000  904.00000  679.70000   37.17103
   7.00000  349.00000    0.00000    0.00000  192.00000    0.00000 1056.00000  809.00000    9.01145
  56.00000  214.90000   53.80000  121.89000  155.63000    9.61000 1014.30000  780.58000   53.95839
   7.00000  382.00000    0.00000    0.00000  185.00000    0.00000 1047.00000  739.00000   24.00066
   7.00000  331.00000    0.00000    0.00000  192.00000    0.00000  978.00000  825.00000   16.26474
  90.00000  157.00000  236.00000    0.00000  192.00000    0.00000  935.40000  781.20000   43.37700
 100.00000  212.07000    0.00000  121.62000  180.31000    5.69000 1057.60000  779.32000   39.61040
  28.00000  239.60000  359.40000    0.00000  185.70000    0.00000  941.60000  664.30000   39.43527
  28.00000  349.00000    0.00000    0.00000  192.00000    0.00000 1047.00000  806.00000   32.72253
  28.00000  102.00000  153.00000    0.00000  192.00000    0.00000  887.00000  942.00000   17.27551
  28.00000  151.00000    0.00000  184.00000  167.00000   12.00000  991.00000  772.00000   15.56837
  28.00000  262.00000  111.00000   86.00000  195.00000    5.00000  895.00000  733.00000   33.71538
   3.00000  401.80000   94.70000    0.00000  147.40000   11.40000  946.80000  852.10000   41.09966
  56.00000  297.16000    0.00000  117.54000  174.80000    9.52000 1022.80000  753.45000   51.95891
   7.00000  289.00000    0.00000    0.00000  192.00000    0.00000  913.20000  895.30000   14.59690
  28.00000  281.00000    0.00000    0.00000  185.00000    0.00000 1104.00000  774.00000   22.43555
  28.00000  326.00000  166.00000    0.00000  174.00000    9.00000  882.00000  790.00000   61.23236
 100.00000  218.85000    0.00000  124.13000  158.49000   11.33000 1078.70000  794.91000   46.22937
  91.00000  425.00000  106.30000    0.00000  153.50000   16.50000  852.10000  887.10000   65.19685
  28.00000  299.80000    0.00000  119.80000  211.50000    9.90000  878.20000  727.60000   23.83587
  14.00000  250.00000    0.00000   95.69000  191.84000    5.33000  948.90000  857.20000   24.65566
   7.00000  252.00000    0.00000    0.00000  185.00000    0.00000 1111.00000  784.00000   13.71368
  28.00000  151.00000    0.00000  185.00000  167.00000   16.00000 1074.00000  678.00000   13.45857
  28.00000  246.83000    0.00000  125.08000  143.30000   11.99000 1086.80000  800.89000   52.50360
  14.00000  213.76000   98.06000   24.52000  181.74000    6.65000 1066.00000  785.52000   17.83674
   3.00000  183.90000  122.60000    0.00000  203.50000    0.00000  959.20000  800.00000    4.90355
  56.00000  250.00000    0.00000   95.69000  191.84000    5.33000  948.90000  857.20000   39.64487
 120.00000  349.00000    0.00000    0.00000  192.00000    0.00000 1056.00000  809.00000   40.85835
  14.00000  218.23000   54.64000  123.78000  140.75000   11.91000 1075.70000  792.67000   35.95617
  28.00000  158.40000    0.00000  194.90000  219.70000   11.00000  897.70000  712.90000    8.53640
   7.00000  424.00000   22.00000  132.00000  168.00000    8.92000  822.00000  750.00000   40.28510
  28.00000  251.37000    0.00000  118.27000  188.45000    5.75000 1028.40000  757.73000   29.65436
 100.00000  277.05000    0.00000   97.39000  160.60000   11.83000  973.90000  875.61000   55.64071
   3.00000  469.00000  117.20000    0.00000  137.80000   32.20000  852.10000  840.50000   40.19645
  28.00000  312.90000  160.50000    0.00000  177.60000    9.60000  916.60000  759.50000   52.44637
  28.00000  173.81000   93.37000  159.90000  172.34000    9.73000 1007.20000  746.60000   37.81086
  56.00000  446.00000   24.00000   79.00000  162.00000   11.64000  967.00000  712.00000   56.14403
   3.00000  331.00000    0.00000    0.00000  192.00000    0.00000 1025.00000  821.00000   14.30663
  28.00000  289.00000  134.00000    0.00000  195.00000    6.00000  924.00000  760.00000   46.24316
   7.00000  157.00000  236.00000    0.00000  192.00000    0.00000  935.40000  781.20000   16.88940
  28.00000  310.00000  143.00000    0.00000  168.00000   10.00000  914.00000  804.00000   45.29857
   7.00000  359.00000   19.00000  141.00000  154.00000   10.91000  942.00000  801.00000   38.61066
  14.00000  222.36000    0.00000   96.67000  189.29000    4.46000  967.08000  870.32000   24.44882
 100.00000  233.81000    0.00000   94.58000  197.89000    4.56700  947.04000  852.16000   34.55654
   7.00000  339.00000    0.00000    0.00000  197.00000    0.00000  968.00000  781.00000   20.96697
  28.00000  304.80000    0.00000   99.60000  196.00000    9.80000  959.40000  705.20000   30.12321
   3.00000  229.68000    0.00000  118.16000  195.23000    6.13000 1028.10000  757.63000   13.35515
   3.00000  165.00000    0.02000  143.57000  163.81000    0.00000 1005.60000  900.90000   14.39626
  56.00000  173.54000   50.05000  173.53000  164.77000    6.47000 1006.20000  793.50000   53.77223
   3.00000  236.00000  157.00000    0.00000  192.00000    0.00000  972.60000  749.10000   13.56544
  28.00000  143.00000  169.00000  143.00000  191.00000    8.00000  967.00000  643.00000   29.72331
  14.00000  500.00000    0.00000    0.00000  200.00000    0.00000 1125.00000  613.00000   36.93523
   3.00000  229.97000    0.00000  118.31000  195.47000    4.63000 1029.40000  758.59000   10.03188
   7.00000  381.40000    0.00000    0.00000  185.70000    0.00000 1104.60000  784.30000   14.54105
  14.00000  251.81000    0.00000   99.94000  146.14000   12.35000 1006.00000  899.76000   33.35685
  28.00000  236.00000    0.00000    0.00000  194.00000    0.00000  968.00000  885.00000   18.41590
 100.00000  190.68000    0.00000  125.40000  162.14000    7.77000 1090.00000  804.01000   40.56877
 100.00000  250.00000    0.00000   95.69000  191.84000    5.33000  948.90000  857.20000   41.16172
  28.00000  170.30000  155.50000    0.00000  185.70000    0.00000 1026.60000  724.30000   25.72642
  28.00000  228.00000  342.10000    0.00000  185.70000    0.00000  955.80000  674.30000   39.69934
  28.00000  152.60000  238.70000    0.00000  200.00000    6.30000 1001.80000  683.90000   26.85992
  91.00000  388.60000   97.10000    0.00000  157.90000   12.10000  852.10000  925.70000   57.59883
  28.00000  218.85000    0.00000  124.13000  158.49000   11.33000 1078.70000  794.91000   30.21973
  56.00000  167.35000  129.90000  128.62000  175.46000    7.79000 1006.30000  746.60000   51.72449
  28.00000  252.50000    0.00000    0.00000  185.70000    0.00000 1111.60000  784.30000   19.76521
   7.00000  425.00000  106.30000    0.00000  153.50000   16.50000  852.10000  887.10000   49.20101
 180.00000  198.60000  132.40000    0.00000  192.00000    0.00000  978.40000  825.50000   41.71950
   7.00000  362.60000  189.00000    0.00000  164.90000   11.60000  944.70000  755.80000   55.89582
  14.00000  251.37000    0.00000  118.27000  188.45000    5.75000 1028.40000  757.73000   29.93015
   3.00000  305.30000  203.50000    0.00000  203.50000    0.00000  965.40000  631.00000   14.14391
  14.00000  250.00000    0.00000   95.69000  187.42000    5.53000  956.86000  861.17000   24.91766
  28.00000  304.00000  140.00000    0.00000  214.00000    6.00000  895.00000  722.00000   33.41890
  14.00000  525.00000    0.00000    0.00000  189.00000    0.00000 1125.00000  613.00000   48.40122
  90.00000  212.00000  141.30000    0.00000  203.50000    0.00000  973.40000  750.00000   39.70003
  90.00000  310.00000    0.00000    0.00000  192.00000    0.00000 1012.00000  830.00000   35.76312
  28.00000  298.10000    0.00000  107.50000  163.60000   12.80000  953.20000  784.00000   35.86585
   3.00000  491.00000   26.00000  123.00000  201.00000    3.93000  822.00000  699.00000   29.54897
   7.00000  331.00000    0.00000    0.00000  192.00000    0.00000 1025.00000  821.00000   17.43685
 365.00000  380.00000    0.00000    0.00000  228.00000    0.00000  932.00000  670.00000   52.51670
   3.00000  133.00000  200.00000    0.00000  192.00000    0.00000  927.40000  839.20000    6.88373
  28.00000  359.00000   19.00000  141.00000  154.00000   10.91000  942.00000  801.00000   59.49488
   3.00000  212.00000    0.00000  124.78000  159.00000    7.84000 1085.40000  799.54000   19.51907
 100.00000  212.52000    0.00000  100.37000  159.32000    8.71000 1007.80000  903.59000   42.91988
  14.00000  167.95000   42.08000  163.83000  121.75000    5.72000 1058.70000  780.11000   17.82295
   7.00000  122.60000  183.90000    0.00000  203.50000    0.00000  958.20000  800.10000   10.35455
   3.00000  385.00000    0.00000    0.00000  186.00000    0.00000  966.00000  763.00000   14.69963
 360.00000  139.60000  209.40000    0.00000  192.00000    0.00000 1047.00000  806.90000   44.69804
  28.00000  134.70000    0.00000  165.70000  180.20000   10.00000  961.00000  804.90000   13.29379
  90.00000  350.00000    0.00000    0.00000  203.00000    0.00000  974.00000  775.00000   31.35047
   3.00000  213.76000   98.06000   24.52000  181.74000    6.65000 1066.00000  785.52000   13.18278
  14.00000  172.38000   13.61000  172.37000  156.76000    4.14000 1006.30000  856.40000   29.75089
  56.00000  376.00000    0.00000    0.00000  214.60000    0.00000 1003.50000  762.36000   36.30091
  28.00000  139.90000  132.60000  103.30000  200.30000    7.40000  916.00000  753.40000   36.44363
  28.00000  393.00000    0.00000    0.00000  192.00000    0.00000  940.00000  758.00000   39.58282
 100.00000  165.00000  128.50000  132.10000  175.06000    8.08000 1005.80000  746.60000   55.02018
   3.00000  173.00000  116.00000    0.00000  192.00000    0.00000  946.80000  856.80000    6.94095
  28.00000  238.20000  158.80000    0.00000  185.70000    0.00000 1040.60000  734.30000   26.91370
   3.00000  387.00000   20.00000   94.00000  157.00000   13.93000  938.00000  845.00000   25.51061
   7.00000  339.00000    0.00000    0.00000  185.00000    0.00000 1069.00000  754.00000   21.16002
  28.00000  295.80000    0.00000    0.00000  185.70000    0.00000 1091.40000  769.30000   25.21690
  28.00000  288.40000  121.00000    0.00000  177.40000    7.00000  907.90000  829.50000   42.14008
  56.00000  251.37000    0.00000  118.27000  188.45000    5.75000 1028.40000  757.73000   36.96970
   7.00000  272.80000  181.90000    0.00000  185.70000    0.00000 1012.40000  714.30000   19.76521
  28.00000  184.00000   86.00000  190.00000  213.00000    6.00000  923.00000  623.00000   22.93197
  28.00000  296.00000    0.00000  107.00000  221.00000   11.00000  819.00000  778.00000   31.41942
  14.00000  165.00000  128.50000  132.10000  175.06000    8.08000 1005.80000  746.60000   33.08795
  28.00000  167.35000  129.90000  128.62000  175.46000    7.79000 1006.30000  746.60000   41.20309
   7.00000  439.00000  177.00000    0.00000  186.00000   11.10000  884.90000  707.90000   56.09577
   7.00000  313.30000  262.20000    0.00000  175.50000    8.60000 1046.90000  611.80000   42.79578
  28.00000  178.03000  129.80000  118.60000  179.94000    3.57000 1007.30000  746.80000   39.16224
  28.00000  155.20000  183.90000  143.20000  193.80000    9.20000  879.60000  698.50000   28.99109
  28.00000  153.00000  145.00000  113.00000  178.00000    8.00000 1002.00000  689.00000   25.55888
  28.00000  160.00000  250.00000    0.00000  168.00000   12.00000 1049.00000  688.00000   39.45182
  28.00000  149.50000  236.00000    0.00000  175.80000   12.60000  846.80000  892.70000   32.96385
  28.00000  339.00000    0.00000    0.00000  185.00000    0.00000 1060.00000  754.00000   31.64695
   7.00000  525.00000    0.00000    0.00000  189.00000    0.00000 1125.00000  613.00000   42.42346
  28.00000  193.50000  290.20000    0.00000  185.70000    0.00000  998.20000  704.30000   32.62669
  56.00000  167.00000   75.40000  167.00000  164.03000    7.91000 1007.30000  770.10000   53.46197
 100.00000  295.71000    0.00000   95.64000  171.54000    8.87000  955.14000  859.20000   52.04165
  28.00000  225.00000    0.00000    0.00000  181.00000    0.00000 1113.00000  833.00000   17.34032
 100.00000  252.31000    0.00000   98.75000  146.25000   14.17000  987.76000  889.01000   60.94968
  28.00000  250.20000  166.80000    0.00000  203.50000    0.00000  977.60000  694.10000   36.96419
   7.00000  200.00000  133.00000    0.00000  192.00000    0.00000  965.40000  806.20000   17.16588
   3.00000  389.90000  189.00000    0.00000  145.90000   22.00000  944.70000  755.80000   40.59635
 100.00000  213.76000   98.06000   24.52000  181.74000    6.65000 1066.00000  785.52000   49.97322
  28.00000  272.60000    0.00000   89.60000  198.70000   10.60000  931.30000  762.20000   32.24541
   3.00000  251.37000    0.00000  118.27000  192.94000    5.75000 1043.60000  754.30000   11.98309
  28.00000  202.00000   11.00000  141.00000  206.00000    1.72000  942.00000  801.00000   21.96671
 180.00000  254.00000    0.00000    0.00000  198.00000    0.00000  968.00000  863.00000   27.62730
  28.00000  385.00000    0.00000  136.00000  158.00000   20.00000  903.00000  768.00000   55.55108
 100.00000  212.57000    0.00000  100.39000  159.35000   10.37000 1003.80000  903.79000   47.73932
  28.00000  355.90000    0.00000  141.60000  193.30000   11.00000  801.40000  778.40000   40.86869
  28.00000  136.40000  161.60000  125.80000  171.60000   10.40000  922.60000  764.40000   29.07313
   3.00000  307.00000    0.00000    0.00000  193.00000    0.00000  968.00000  812.00000   12.54157
   7.00000  388.60000   97.10000    0.00000  157.90000   12.10000  852.10000  925.70000   34.90128
  90.00000  133.00000  200.00000    0.00000  192.00000    0.00000  927.40000  839.20000   36.58842
  14.00000  277.05000    0.00000   97.39000  160.60000   11.83000  973.90000  875.61000   41.88567
  28.00000  310.00000    0.00000    0.00000  192.00000    0.00000 1012.00000  830.00000   27.82725
  90.00000  349.00000    0.00000    0.00000  192.00000    0.00000 1047.00000  806.00000   39.48629
  90.00000  393.00000    0.00000    0.00000  192.00000    0.00000  940.60000  785.60000   48.84662
  28.00000  295.71000    0.00000   95.64000  171.54000    8.87000  955.14000  859.20000   39.94134
 100.00000  246.83000    0.00000  125.08000  143.30000   11.99000 1086.80000  800.89000   66.42412
   3.00000  388.60000   97.10000    0.00000  157.90000   12.10000  852.10000  925.70000   28.09615
  14.00000  339.00000    0.00000    0.00000  197.00000    0.00000  968.00000  781.00000   27.04125
  28.00000  425.00000  106.30000    0.00000  153.50000   16.50000  852.10000  887.10000   60.29468
   3.00000  166.09000    0.00000  163.27000  176.46000    4.49000 1058.60000  780.09000   10.76272
  28.00000  136.00000  196.00000   98.00000  199.00000    6.00000  847.00000  783.00000   26.96541
  28.00000  280.00000  129.00000  100.00000  172.00000    9.00000  825.00000  805.00000   52.82076
 270.00000  500.00000    0.00000    0.00000  200.00000    0.00000 1125.00000  613.00000   55.15808
   3.00000  173.54000   50.05000  173.53000  164.77000    6.47000 1006.20000  793.50000   23.07676
  90.00000  525.00000    0.00000    0.00000  189.00000    0.00000 1125.00000  613.00000   58.78472
  28.00000  298.00000    0.00000  107.00000  164.00000   13.00000  953.00000  784.00000   35.85965
  90.00000  116.00000  173.00000    0.00000  192.00000    0.00000  909.80000  891.90000   31.02366
  28.00000  356.00000    0.00000  142.00000  193.00000   11.00000  801.00000  778.00000   40.86524
   7.00000  116.00000  173.00000    0.00000  192.00000    0.00000  909.80000  891.90000   10.08979
  28.00000  192.00000  288.00000    0.00000  192.00000    0.00000  929.80000  716.10000   39.32151
  28.00000  153.10000  145.00000  113.00000  178.50000    8.00000  867.20000  824.00000   26.23318
   3.00000  349.00000    0.00000    0.00000  192.00000    0.00000 1056.00000  809.00000   15.87174
  28.00000  277.00000  117.00000   91.00000  191.00000    7.00000  946.00000  666.00000   43.57488
   7.00000  362.60000  189.00000    0.00000  164.90000   11.60000  944.70000  755.80000   55.89582
   7.00000  203.50000  135.70000    0.00000  185.70000    0.00000 1076.20000  759.30000   11.95758
   3.00000  200.00000  133.00000    0.00000  192.00000    0.00000  965.40000  806.20000   11.41428
  28.00000  162.00000  207.00000  172.00000  216.00000   10.00000  822.00000  638.00000   39.84482
  14.00000  236.00000    0.00000    0.00000  194.00000    0.00000  968.00000  885.00000   12.83804
  28.00000  331.00000  170.00000    0.00000  195.00000    8.00000  811.00000  802.00000   56.61287
  28.00000  237.00000   92.00000   71.00000  247.00000    6.00000  853.00000  695.00000   28.62704
  28.00000  287.00000  121.00000   94.00000  188.00000    9.00000  904.00000  696.00000   41.94083
  28.00000  212.07000    0.00000  121.62000  180.31000    5.69000 1057.60000  779.32000   24.90387
  28.00000  150.00000  236.80000    0.00000  173.80000   11.90000 1069.30000  674.80000   37.43165
   7.00000  228.00000  342.10000    0.00000  185.70000    0.00000  955.80000  674.30000   21.91706
  28.00000  313.00000    0.00000  113.00000  178.00000    8.00000 1002.00000  689.00000   36.80423
  14.00000  297.16000    0.00000  117.54000  174.80000    9.52000 1022.80000  753.45000   36.99039
  28.00000  304.00000   76.00000    0.00000  228.00000    0.00000  932.00000  670.00000   47.81378
  28.00000  355.00000   19.00000   97.00000  145.00000   12.25000  967.00000  871.00000   55.45455
 100.00000  218.23000   54.64000  123.78000  140.75000   11.91000 1075.70000  792.67000   63.52832
  28.00000  362.60000  189.00000    0.00000  164.90000   11.60000  944.70000  755.80000   71.29871
  28.00000  160.20000  188.00000  146.40000  203.20000   11.30000  828.70000  709.70000   35.31427
  28.00000  302.00000    0.00000    0.00000  203.00000    0.00000  974.00000  817.00000   21.75297
  28.00000  374.30000    0.00000    0.00000  190.20000    6.70000 1013.20000  730.40000   39.05606
 180.00000  475.00000    0.00000    0.00000  228.00000    0.00000  932.00000  594.00000   42.62065
  14.00000  181.38000    0.00000  167.01000  169.59000    7.56000 1055.60000  777.80000   21.60128
 180.00000  277.00000    0.00000    0.00000  191.00000    0.00000  968.00000  856.00000   32.32953
 180.00000  322.00000    0.00000    0.00000  203.00000    0.00000  974.00000  800.00000   29.58542
  90.00000  254.00000    0.00000    0.00000  198.00000    0.00000  968.00000  863.00000   26.94472
  28.00000  251.37000    0.00000  118.27000  192.94000    5.75000 1043.60000  754.30000   33.27411
   3.00000  194.68000    0.00000  100.52000  165.62000    7.48000 1006.40000  905.90000   12.45194
   3.00000  168.88000   42.22000  124.25000  158.33000   10.83000 1080.80000  796.15000    7.39808
  28.00000  252.00000   97.00000   76.00000  194.00000    8.00000  835.00000  821.00000   33.39822
  28.00000  234.00000  156.00000    0.00000  189.00000    5.85000  981.00000  760.00000   39.30013
  28.00000  288.00000  192.00000    0.00000  192.00000    0.00000  932.00000  717.80000   38.80440
  28.00000  334.00000   17.60000  158.00000  189.00000   15.30000  967.00000  633.00000   44.32641
  28.00000  148.00000  175.00000    0.00000  171.00000    2.00000 1000.00000  828.00000   26.91714
 360.00000  349.00000    0.00000    0.00000  192.00000    0.00000 1047.00000  806.00000   42.12698
   7.00000  108.30000  162.40000    0.00000  203.50000    0.00000  938.20000  849.00000    7.72351
  28.00000  155.60000  243.50000    0.00000  180.30000   10.70000 1022.00000  697.70000   37.36339
  28.00000  149.00000  153.00000  194.00000  192.00000    8.00000  935.00000  623.00000   24.57982
 270.00000  304.00000   76.00000    0.00000  228.00000    0.00000  932.00000  670.00000   54.37828
  28.00000  108.30000  162.40000    0.00000  203.50000    0.00000  938.20000  849.00000   20.59396
  56.00000  350.00000    0.00000    0.00000  203.00000    0.00000  974.00000  775.00000   29.97842
  56.00000  275.07000    0.00000  121.35000  159.48000    9.90000 1053.60000  777.50000   56.84730
  28.00000  300.00000    0.00000  120.00000  212.00000   10.00000  878.00000  728.00000   23.83519
  28.00000  190.34000    0.00000  125.18000  161.85000    9.88000 1088.10000  802.59000   28.46846
  28.00000  194.68000    0.00000  100.52000  170.17000    7.48000  998.00000  901.80000   37.26618
  91.00000  379.50000  151.20000    0.00000  153.90000   15.90000 1134.30000  605.00000   56.49566
  56.00000  446.00000   24.00000   79.00000  162.00000   11.61000  967.00000  712.00000   61.06689
  14.00000  385.00000    0.00000    0.00000  186.00000    0.00000  966.00000  763.00000   27.92378
 360.00000  310.00000    0.00000    0.00000  192.00000    0.00000  970.00000  850.00000   38.11423
  28.00000  251.37000    0.00000  118.27000  188.45000    6.35000 1028.40000  757.73000   32.66048
   7.00000  183.90000  122.60000    0.00000  203.50000    0.00000  959.20000  800.00000   10.78754
  28.00000  491.00000   26.00000  123.00000  210.00000    3.93000  882.00000  699.00000   55.55108
  28.00000  200.00000  133.00000    0.00000  192.00000    0.00000  965.40000  806.20000   30.43968
  28.00000  143.00000  169.40000  142.70000  190.70000    8.40000  967.40000  643.50000   29.72607
  90.00000  236.00000  157.00000    0.00000  192.00000    0.00000  972.60000  749.10000   47.78207
  14.00000  251.37000    0.00000  118.27000  192.94000    5.75000 1043.60000  754.30000   20.72565
  28.00000  289.00000    0.00000    0.00000  192.00000    0.00000  913.20000  895.30000   25.57335
   7.00000  310.00000    0.00000    0.00000  192.00000    0.00000  970.00000  850.00000   14.98921
  28.00000  149.00000  236.00000    0.00000  176.00000   13.00000  847.00000  893.00000   32.95695
   3.00000  198.60000  132.40000    0.00000  192.00000    0.00000  978.40000  825.50000    9.13142
  56.00000  387.00000   20.00000   94.00000  157.00000   13.93000  938.00000  845.00000   47.96685
 180.00000  342.00000   38.00000    0.00000  228.00000    0.00000  932.00000  670.00000   52.12439
   7.00000  210.70000  316.10000    0.00000  185.70000    0.00000  977.00000  689.30000   21.81985
  28.00000  500.00000    0.00000    0.00000  200.00000    0.00000 1125.00000  613.00000   44.09199
  28.00000  213.50000    0.00000  174.24000  154.61000   11.66000 1052.30000  775.48000   45.93979
   7.00000  401.80000   94.70000    0.00000  147.40000   11.40000  946.80000  852.10000   54.09629
 270.00000  342.00000   38.00000    0.00000  228.00000    0.00000  932.00000  670.00000   55.06431
  28.00000  158.80000  238.20000    0.00000  185.70000    0.00000 1040.60000  734.30000   21.06625
   3.00000  250.00000    0.00000   95.69000  187.42000    5.53000  956.86000  861.17000   13.81710
  56.00000  190.34000    0.00000  125.18000  166.61000    9.88000 1079.00000  798.90000   31.71590
   3.00000  141.30000  212.00000    0.00000  203.50000    0.00000  971.80000  748.50000    4.82771
 180.00000  427.50000   47.50000    0.00000  228.00000    0.00000  932.00000  594.00000   41.83671
   3.00000  379.50000  151.20000    0.00000  153.90000   15.90000 1134.30000  605.00000   28.59946
   3.00000  251.37000    0.00000  118.27000  188.45000    5.75000 1028.40000  757.73000   17.22311
   7.00000  318.80000  212.50000    0.00000  155.70000   14.30000  852.10000  880.40000   33.39822
  28.00000  266.00000  114.00000    0.00000  228.00000    0.00000  932.00000  670.00000   45.85429
  28.00000  157.00000  214.00000  152.00000  200.00000    9.00000  819.00000  704.00000   33.05348
   3.00000  213.50000    0.00000  174.24000  154.61000   11.66000 1052.30000  775.48000   17.36790
  28.00000  203.50000  305.30000    0.00000  203.50000    0.00000  963.40000  630.00000   41.68434
  14.00000  350.00000    0.00000    0.00000  203.00000    0.00000  974.00000  775.00000   22.53208
  56.00000  222.36000    0.00000   96.67000  189.29000    4.46000  967.08000  870.32000   29.44752
  28.00000  183.90000  122.60000    0.00000  203.50000    0.00000  959.20000  800.00000   24.04616
  28.00000  149.00000  118.00000   92.00000  183.00000    7.00000  953.00000  780.00000   23.51803
  28.00000  213.50000    0.00000  174.24000  159.21000   11.66000 1043.60000  771.90000   44.63668
 365.00000  339.00000    0.00000    0.00000  197.00000    0.00000  968.00000  781.00000   38.89334
  90.00000  277.00000    0.00000    0.00000  191.00000    0.00000  968.00000  856.00000   31.25395
 100.00000  238.05000    0.00000   94.11000  186.66000    7.00000  949.91000  847.01000   44.29883
  56.00000  389.90000  189.00000    0.00000  145.90000   22.00000  944.70000  755.80000   79.40006
  91.00000  362.60000  189.00000    0.00000  164.90000   11.60000  944.70000  755.80000   79.29663
  28.00000  229.97000    0.00000  118.31000  195.47000    4.63000 1029.40000  758.59000   24.48329
   7.00000  236.00000  157.00000    0.00000  192.00000    0.00000  972.60000  749.10000   20.41607
  28.00000  266.00000  112.00000   87.00000  178.00000   10.00000  910.00000  745.00000   39.41734
  14.00000  277.00000    0.00000    0.00000  191.00000    0.00000  968.00000  856.00000   21.26344
  28.00000  297.80000  137.20000  106.90000  201.30000    6.00000  878.40000  655.30000   53.52471
 100.00000  277.19000   97.82000   24.46000  160.70000   11.19000 1061.70000  782.46000   66.94812
  28.00000  321.00000    0.00000  128.00000  182.00000   11.00000  870.00000  780.00000   37.25928
   7.00000  350.00000    0.00000    0.00000  203.00000    0.00000  974.00000  775.00000   18.12632
  28.00000  305.00000    0.00000  100.00000  196.00000   10.00000  959.00000  705.00000   30.12321
  28.00000  231.75000    0.00000  121.62000  173.96000    6.72000 1056.40000  778.45000   33.72917
  28.00000  172.38000   13.61000  172.37000  156.76000    4.14000 1006.30000  856.40000   33.68780
  56.00000  323.70000  282.80000    0.00000  183.80000   10.30000  942.70000  659.90000   80.19985
  28.00000  387.00000   20.00000   94.00000  157.00000   14.32000  938.00000  845.00000   50.23522
   3.00000  339.00000    0.00000    0.00000  197.00000    0.00000  968.00000  781.00000   13.22415
  28.00000  159.00000  187.00000    0.00000  176.00000   11.00000  990.00000  789.00000   32.76390
   3.00000  178.03000  129.80000  118.60000  179.94000    3.57000 1007.30000  746.80000   20.72565
  28.00000  333.00000   17.50000  163.00000  167.00000   17.90000  996.00000  652.00000   47.27737
  28.00000  276.40000  116.00000   90.30000  179.60000    8.90000  870.10000  768.30000   44.28435
   7.00000  281.00000    0.00000    0.00000  186.00000    0.00000 1104.00000  774.00000   14.49968
  90.00000  108.30000  162.40000    0.00000  203.50000    0.00000  938.20000  849.00000   29.23171
  56.00000  375.00000   93.80000    0.00000  126.60000   23.40000  852.10000  992.60000   60.19815
 180.00000  236.00000    0.00000    0.00000  193.00000    0.00000  968.00000  885.00000   24.10408
   3.00000  165.00000  128.50000  132.10000  175.06000    8.08000 1005.80000  746.60000   19.41564
   7.00000  220.80000  147.20000    0.00000  185.70000    0.00000 1055.00000  744.30000   13.08901
  28.00000  374.00000    0.00000    0.00000  190.00000    7.00000 1013.00000  730.00000   39.05192
  90.00000  141.30000  212.00000    0.00000  203.50000    0.00000  971.80000  748.50000   39.66211
  28.00000  160.00000  128.00000  122.00000  182.00000    6.40000  824.00000  879.00000   39.39666
  28.00000  281.00000    0.00000    0.00000  186.00000    0.00000 1104.00000  774.00000   22.43555
  56.00000  213.72000   98.05000   24.51000  181.71000    6.86000 1065.80000  785.38000   50.77301
  91.00000  401.80000   94.70000    0.00000  147.40000   11.40000  946.80000  852.10000   75.49762
  28.00000  318.80000  212.50000    0.00000  155.70000   14.30000  852.10000  880.40000   55.49592
   7.00000  238.10000    0.00000    0.00000  185.70000    0.00000 1118.80000  789.30000   10.33593
  14.00000  290.35000    0.00000   96.18000  168.08000    9.41000  961.18000  865.00000   34.67375
  28.00000  397.00000    0.00000    0.00000  186.00000    0.00000 1040.00000  734.00000   36.93523
  28.00000  152.70000  144.70000    0.00000  178.10000    8.00000  999.70000  822.20000   19.00954
  28.00000  485.00000    0.00000    0.00000  146.00000    0.00000 1120.00000  800.00000   71.98819
  28.00000  321.30000  164.20000    0.00000  190.50000    4.60000  870.00000  774.00000   57.21823
   7.00000  491.00000   26.00000  123.00000  210.00000    3.93000  882.00000  699.00000   33.48883
   7.00000  349.00000    0.00000    0.00000  192.00000    0.00000 1047.00000  806.00000   18.12632
  28.00000  330.50000  169.60000    0.00000  194.90000    8.10000  811.00000  802.30000   56.61908
   7.00000  135.70000  203.50000    0.00000  185.70000    0.00000 1076.20000  759.30000    7.50701
  28.00000  218.23000   54.64000  123.78000  140.75000   11.91000 1075.70000  792.67000   55.50971
  56.00000  168.88000   42.22000  124.25000  158.33000   10.83000 1080.80000  796.15000   39.14845
   3.00000  331.00000    0.00000    0.00000  192.00000    0.00000  879.00000  825.00000   13.52062
 100.00000  251.37000    0.00000  118.27000  188.45000    5.75000 1028.40000  757.73000   43.58178
   3.00000  313.30000  262.20000    0.00000  175.50000    8.60000 1046.90000  611.80000   28.79941
  28.00000  314.00000  145.30000  113.20000  178.90000    8.00000  869.10000  690.20000   46.23419
  56.00000  252.31000    0.00000   98.75000  146.25000   14.17000  987.76000  889.01000   55.82687
   3.00000  540.00000    0.00000    0.00000  173.00000    0.00000 1125.00000  613.00000   41.63746
  28.00000  318.00000    0.00000  126.00000  210.00000    6.00000  861.00000  737.00000   40.05856
 360.00000  277.00000    0.00000    0.00000  191.00000    0.00000  968.00000  856.00000   33.70159
 365.00000  380.00000   95.00000    0.00000  228.00000    0.00000  932.00000  594.00000   43.69830
  91.00000  439.00000  177.00000    0.00000  186.00000   11.10000  884.90000  707.90000   73.29819
   7.00000  295.00000    0.00000    0.00000  185.00000    0.00000 1069.00000  769.00000   14.79615
 100.00000  168.88000   42.22000  124.25000  158.33000   10.83000 1080.80000  796.15000   48.15300
   3.00000  286.30000  200.90000    0.00000  144.70000   11.20000 1004.60000  803.70000   24.40056
  28.00000  276.00000  116.00000   90.00000  180.00000    9.00000  870.00000  768.00000   44.27815
 100.00000  297.16000    0.00000  117.54000  174.80000    9.52000 1022.80000  753.45000   56.74387
  56.00000  277.19000   97.82000   24.46000  160.70000   11.19000 1061.70000  782.46000   66.82401
 100.00000  213.74000    0.00000  174.74000  154.79000   10.16000 1053.50000  776.35000   50.07664
 270.00000  540.00000    0.00000    0.00000  173.00000    0.00000 1125.00000  613.00000   74.16693
  14.00000  376.00000    0.00000    0.00000  214.60000    0.00000 1003.50000  762.36000   25.62093
 270.00000  380.00000   95.00000    0.00000  228.00000    0.00000  932.00000  594.00000   41.15138
  28.00000  148.00000    0.00000  182.00000  181.00000   15.00000  839.00000  884.00000   15.52010
  28.00000  366.00000  187.00000    0.00000  191.30000    6.60000  824.30000  756.90000   65.90908
  28.00000  213.76000   98.06000   24.52000  181.74000    6.65000 1066.00000  785.52000   40.23092
  56.00000  165.00000    0.02000  143.57000  163.81000    0.00000 1005.60000  900.90000   36.56291
  28.00000  158.60000  148.90000  116.00000  175.10000   15.00000  953.30000  719.70000   27.68108
   7.00000  382.00000    0.00000    0.00000  186.00000    0.00000 1111.00000  784.00000   11.46599
  28.00000  152.00000    0.00000  112.00000  184.00000    8.00000  992.00000  816.00000   12.17615
  28.00000  200.00000  200.00000    0.00000  190.00000    0.00000 1145.00000  660.00000   49.24927
  91.00000  531.30000    0.00000    0.00000  141.80000   28.20000  852.10000  893.70000   59.19841
  14.00000  252.31000    0.00000   98.75000  146.25000   14.17000  987.76000  889.01000   42.29246
  28.00000  164.20000    0.00000  200.10000  181.20000   12.60000  849.30000  846.00000   15.09125
   7.00000  446.00000   24.00000   79.00000  162.00000   11.61000  967.00000  712.00000   52.00717
   3.00000  480.00000    0.00000    0.00000  192.00000    0.00000  936.00000  721.00000   24.39366
  28.00000  136.00000  162.00000  126.00000  172.00000   10.00000  923.00000  764.00000   29.06831
  56.00000  213.74000    0.00000  174.74000  154.79000   10.16000 1053.50000  776.35000   46.64305
 180.00000  332.50000  142.50000    0.00000  228.00000    0.00000  932.00000  594.00000   39.77932
  28.00000  313.30000  145.00000    0.00000  178.50000    8.00000  867.20000  824.00000   40.92523
 120.00000  310.00000    0.00000    0.00000  192.00000    0.00000 1012.00000  830.00000   38.70029
  28.00000  168.88000   42.22000  124.25000  158.33000   10.83000 1080.80000  796.15000   31.11605
   3.00000  214.90000   53.80000  121.89000  155.63000    9.61000 1014.30000  780.58000   18.01601
   3.00000  212.52000    0.00000  100.37000  159.32000    8.71000 1007.80000  903.59000   13.54131
  56.00000  238.05000    0.00000   94.11000  186.66000    7.00000  949.91000  847.01000   39.58971
   3.00000  425.00000  106.30000    0.00000  153.50000   16.50000  852.10000  887.10000   33.39822
  28.00000  451.00000    0.00000    0.00000  165.00000   11.25000 1030.00000  745.00000   78.80021
  28.00000  181.38000    0.00000  167.01000  169.59000    7.56000 1055.60000  777.80000   27.77209
  28.00000  375.00000   93.80000    0.00000  126.60000   23.40000  852.10000  992.60000   56.69561
  90.00000  331.00000    0.00000    0.00000  192.00000    0.00000  978.00000  825.00000   37.23170
  28.00000  362.60000  189.00000    0.00000  164.90000   11.60000  944.70000  755.80000   71.29871
  28.00000  446.00000   24.00000   79.00000  162.00000   10.30000  967.00000  712.00000   53.38613
  28.00000  255.30000   98.80000   77.00000  188.60000    6.50000  919.00000  749.30000   33.79880
 100.00000  229.68000    0.00000  118.16000  195.23000    6.13000 1028.10000  757.63000   40.85835
  28.00000  144.00000    0.00000  175.00000  158.00000   18.00000  943.00000  844.00000   15.41668
  56.00000  181.38000    0.00000  167.01000  169.59000    7.56000 1055.60000  777.80000   35.57007
   3.00000  359.00000   19.00000  141.00000  154.00000   10.91000  942.00000  801.00000   25.11663
  28.00000  265.00000  111.00000   86.00000  195.00000    6.00000  833.00000  790.00000   41.54093
  56.00000  359.00000   19.00000  141.00000  154.00000   10.91000  942.00000  801.00000   68.75061
  28.00000  143.60000    0.00000  174.90000  158.40000   17.90000  942.70000  844.50000   15.42358
  56.00000  318.80000  212.50000    0.00000  155.70000   14.30000  852.10000  880.40000   66.10006
  90.00000  203.50000  305.30000    0.00000  203.50000    0.00000  963.40000  630.00000   51.86376
   3.00000  424.00000   22.00000  132.00000  178.00000    8.48000  882.00000  750.00000   32.01139
   7.00000  427.50000   47.50000    0.00000  228.00000    0.00000  932.00000  594.00000   35.07640
  90.00000  198.60000  132.40000    0.00000  192.00000    0.00000  978.40000  825.50000   38.07424
  90.00000  349.00000    0.00000    0.00000  192.00000    0.00000 1056.00000  809.00000   40.65840
   7.00000  332.50000  142.50000    0.00000  228.00000    0.00000  932.00000  594.00000   30.27558
   3.00000  172.38000   13.61000  172.37000  156.76000    4.14000 1006.30000  856.40000   21.29102
   3.00000  446.00000   24.00000   79.00000  162.00000   11.64000  967.00000  712.00000   25.02108
  28.00000  214.90000   53.80000  121.89000  155.63000    9.61000 1014.30000  780.58000   52.20023
  28.00000  264.50000  111.00000   86.50000  195.50000    5.90000  832.60000  790.40000   41.54231
  28.00000  210.70000  316.10000    0.00000  185.70000    0.00000  977.00000  689.30000   37.81362
 120.00000  331.00000    0.00000    0.00000  192.00000    0.00000 1025.00000  821.00000   39.38287
  28.00000  164.00000    0.00000  200.00000  181.00000   13.00000  849.00000  846.00000   15.08573
  28.00000  155.00000    0.00000  143.00000  193.00000    9.00000  877.00000  868.00000    9.73540
  28.00000  279.80000  128.90000  100.40000  172.40000    9.50000  825.10000  804.90000   52.82696
  28.00000  198.60000  132.40000    0.00000  192.00000    0.00000  978.40000  825.50000   28.02168
  28.00000  190.68000    0.00000  125.40000  162.14000    7.77000 1090.00000  804.01000   26.40004
  28.00000  298.00000    0.00000  107.00000  210.00000   11.00000  880.00000  744.00000   31.87448
  56.00000  313.30000  262.20000    0.00000  175.50000    8.60000 1046.90000  611.80000   64.90038
  28.00000  250.00000    0.00000   95.69000  191.84000    5.33000  948.90000  857.20000   27.22051
  28.00000  252.10000   97.10000   75.60000  193.80000    8.30000  835.50000  821.40000   33.39960
   7.00000  323.70000  282.80000    0.00000  183.80000   10.30000  942.70000  659.90000   49.80085
  28.00000  310.00000  143.00000  111.00000  168.00000   22.00000  914.00000  651.00000   33.68780
  28.00000  154.80000  183.40000    0.00000  193.30000    9.10000  877.20000  867.70000   23.78692
  28.00000  307.00000    0.00000    0.00000  193.00000    0.00000  968.00000  812.00000   27.53078
  28.00000  382.50000    0.00000    0.00000  185.70000    0.00000 1047.80000  739.30000   37.43786
   7.00000  153.00000  102.00000    0.00000  192.00000    0.00000  888.00000  943.10000    8.37438
 180.00000  331.00000    0.00000    0.00000  192.00000    0.00000  978.00000  825.00000   38.99676
 180.00000  302.00000    0.00000    0.00000  203.00000    0.00000  974.00000  817.00000   26.74477
 270.00000  525.00000    0.00000    0.00000  189.00000    0.00000 1125.00000  613.00000   67.11359
   7.00000  181.90000  272.80000    0.00000  185.70000    0.00000 1012.40000  714.30000   12.37265
  28.00000  144.80000    0.00000  133.60000  180.80000   11.10000  979.50000  811.50000   13.20209
  28.00000  145.40000    0.00000  178.90000  201.70000    7.80000  824.00000  868.70000   10.53588
  28.00000  298.20000    0.00000  107.00000  209.70000   11.10000  879.60000  744.20000   31.87516
  28.00000  326.50000    0.00000  137.90000  199.00000   10.80000  801.10000  792.50000   38.63065
  28.00000  288.00000  121.00000    0.00000  177.00000    7.00000  908.00000  829.00000   42.13388
  28.00000  314.00000  145.00000  113.00000  179.00000    8.00000  869.00000  690.00000   46.22937
  28.00000  531.30000    0.00000    0.00000  141.80000   28.20000  852.10000  893.70000   56.39914
   3.00000  231.75000    0.00000  121.62000  173.96000    6.72000 1056.40000  778.45000   15.43737
   3.00000  337.90000  189.00000    0.00000  174.90000    9.50000  944.70000  755.80000   24.09719
   7.00000  255.00000    0.00000    0.00000  192.00000    0.00000  889.80000  945.00000   10.22217
   3.00000  255.00000    0.00000    0.00000  192.00000    0.00000  889.80000  945.00000    8.20407
  28.00000  350.00000    0.00000    0.00000  186.00000    0.00000 1050.00000  770.00000   34.29454
   7.00000  425.00000  106.30000    0.00000  151.40000   18.60000  936.00000  803.70000   46.80163
   3.00000  393.00000    0.00000    0.00000  192.00000    0.00000  940.60000  785.60000   19.19915
  28.00000  322.00000  149.00000    0.00000  186.00000    8.00000  951.00000  709.00000   52.42086
  28.00000  520.00000    0.00000    0.00000  175.00000    5.20000  870.00000  805.00000   51.02122
  28.00000  382.00000    0.00000    0.00000  185.00000    0.00000 1047.00000  739.00000   37.42476
  28.00000  133.00000  210.00000    0.00000  196.00000    3.00000  949.00000  795.00000   31.02642
  56.00000  190.68000    0.00000  125.40000  162.14000    7.77000 1090.00000  804.01000   35.34254
  90.00000  296.00000    0.00000    0.00000  192.00000    0.00000 1085.00000  765.00000   29.39236
  28.00000  190.34000    0.00000  125.18000  166.61000    9.88000 1079.00000  798.90000   24.84872
  56.00000  194.68000    0.00000  100.52000  170.17000    7.48000  998.00000  901.80000   43.38872
  28.00000  321.40000    0.00000  127.90000  182.50000   11.50000  870.10000  779.70000   37.26549
  28.00000  333.00000    0.00000    0.00000  192.00000    0.00000  931.20000  842.60000   31.96687
  90.00000  480.00000    0.00000    0.00000  192.00000    0.00000  936.20000  712.20000   54.31554
  91.00000  362.60000  189.00000    0.00000  164.90000   11.60000  944.70000  755.80000   79.29663
  14.00000  212.57000    0.00000  100.39000  159.35000   10.37000 1003.80000  903.79000   25.37272
 360.00000  331.00000    0.00000    0.00000  192.00000    0.00000  978.00000  825.00000   41.24445
  28.00000  313.00000    0.00000    0.00000  178.00000    8.00000 1000.00000  822.00000   25.09693
   7.00000  387.00000   20.00000   94.00000  157.00000   11.61000  938.00000  845.00000   41.66503
  28.00000  275.07000    0.00000  121.35000  159.48000    9.90000 1053.60000  777.50000   51.33149
  91.00000  475.00000  118.80000    0.00000  181.10000    8.90000  852.10000  781.50000   74.19451
   7.00000  202.00000   11.00000  141.00000  206.00000    1.72000  942.00000  801.00000   15.06998
 180.00000  350.00000    0.00000    0.00000  203.00000    0.00000  974.00000  775.00000   32.72253
  56.00000  178.03000  129.80000  118.60000  179.94000    3.57000 1007.30000  746.80000   48.58737
  28.00000  148.10000    0.00000  182.10000  181.40000   15.00000  838.90000  884.30000   15.52631
   7.00000  310.00000    0.00000    0.00000  192.00000    0.00000 1012.00000  830.00000   17.24379
 270.00000  380.00000    0.00000    0.00000  228.00000    0.00000  932.00000  670.00000   53.30063
  28.00000  317.90000    0.00000  126.50000  209.70000    5.70000  860.50000  736.60000   40.06200
  14.00000  194.68000    0.00000  100.52000  165.62000    7.48000 1006.40000  905.90000   24.98661
  14.00000  190.68000    0.00000  125.40000  162.14000    7.77000 1090.00000  804.01000   21.06349
  91.00000  425.00000  106.30000    0.00000  151.40000   18.60000  936.00000  803.70000   66.69991
  90.00000  173.00000  116.00000    0.00000  192.00000    0.00000  946.80000  856.80000   32.10269
  90.00000  190.00000  190.00000    0.00000  228.00000    0.00000  932.00000  670.00000   42.32693
  14.00000  540.00000    0.00000    0.00000  173.00000    0.00000 1125.00000  613.00000   59.76378
  28.00000  446.00000   24.00000   79.00000  162.00000   11.64000  967.00000  712.00000   51.02122
  28.00000  151.60000    0.00000  111.90000  184.40000    7.90000  992.00000  815.90000   12.18097
  28.00000  213.74000    0.00000  174.74000  154.79000   10.16000 1053.50000  776.35000   40.14819
  28.00000  375.00000    0.00000    0.00000  186.00000    0.00000 1038.00000  758.00000   38.21076
