  -0.10714   -0.62947    0.11864   -0.76906    0.62694   -0.24378   -0.67663   -0.65947   -0.66507   -0.41646   -0.42857   -0.66216   -0.45545   -0.09353    1.07880
  -0.75000   -0.28421    0.45763   -0.92643    0.50259   -0.64179   -0.51845   -0.73825   -0.91707   -0.82544   -0.95031   -0.86486   -0.63366   -0.45324    1.05990
  -0.10714   -0.47789    0.42373   -0.69957    0.65803   -0.32338   -0.42004   -0.65947   -0.69697   -0.30175   -0.24224   -0.56757   -0.50495    0.13669    1.07050
   0.17857    0.31368   -0.79661   -0.28674    0.63731   -0.26368   -0.07557   -0.09530   -0.31738    0.06733   -0.13043   -0.17568    0.02970    0.39568    1.02870
  -0.32143   -0.87368   -0.55932   -0.72410    0.58549   -0.41294   -0.54657   -0.68234   -0.75120   -0.62594   -0.60248   -0.59459   -0.44554   -0.07914    1.09260
   0.14286   -0.67158   -0.83051   -0.20294    0.92746   -0.17413   -0.14587   -0.45362   -0.27592   -0.05237   -0.22981   -0.08108    0.22772    0.32374    1.08120
  -0.53571   -0.48211   -0.96610   -0.70775    0.58549   -0.49254   -0.51494   -0.59847   -0.69697   -0.41147   -0.46584   -0.62162   -0.28713   -0.07914    1.07080
  -0.14286   -0.25053   -0.18644   -0.68935    0.60622   -0.52239   -0.44464   -0.52224   -0.75120   -0.62594   -0.46584   -0.62162   -0.32673   -0.06475    1.05820
  -0.46429    0.22105   -0.59322   -0.36849    0.72021   -0.22388   -0.20562   -0.31385   -0.35566   -0.12219   -0.03106   -0.45946    0.12871    0.41007    1.03330
   0.00000   -0.10737   -0.08475   -0.34600    0.82383   -0.10448   -0.04394   -0.34943   -0.46731   -0.41147   -0.20497   -0.56757   -0.26733    0.43885    1.05060
  -0.60714   -0.66316   -0.01695   -0.84672    0.58549   -0.46269   -0.63445   -0.67980   -0.86922   -0.89526   -0.91304   -0.68919   -0.52475   -0.28058    1.08070
  -0.39286    0.12421   -0.11864   -0.53607    0.75129   -0.31343   -0.24780   -0.41550   -0.60128   -0.39651   -0.36646   -0.63514   -0.30693   -0.09353    1.03840
  -0.42857    0.17895   -0.28814   -0.47067    0.67876   -0.40298    0.00879   -0.09530   -0.42584   -0.17706   -0.13043   -0.39189   -0.13861   -0.02158    1.03550
  -0.57143   -0.03579   -0.69491   -0.75884    0.57513   -0.23383   -0.36380   -0.50953   -0.69059   -0.48628   -0.62733   -0.74324   -0.56436   -0.19425    1.04680
   0.03571   -0.41895    0.11864   -0.70366    0.74093   -0.42289   -0.43410   -0.56290   -0.78309   -0.64589   -0.70186   -0.67568   -0.20792   -0.07914    1.06730
  -0.32143   -0.84421   -0.83051   -0.66687    0.74093   -0.54229   -0.63796   -0.73825   -0.63317   -0.61097   -0.54037   -0.54054   -0.49505    0.03597    1.09110
  -0.64286   -0.50316    0.32203   -0.79971    0.50259   -0.46269   -0.50439   -0.64676   -0.74482   -0.58604   -0.72671   -0.75676   -0.54455   -0.13669    1.07200
  -0.67857   -0.44842   -0.49152   -0.73431    0.55440   -0.58209   -0.53251   -0.64930   -0.63636   -0.36160   -0.36646   -0.60811   -0.33663   -0.19425    1.06890
  -0.42857   -0.06947   -0.28814   -0.74249    0.64767   -0.59204   -0.58524   -0.58577   -0.62041   -0.58604   -0.66460   -0.60811   -0.54455   -0.19425    1.04840
  -0.03571   -0.73474   -0.08475   -0.72001    0.82383   -0.60199   -0.50791   -0.74079   -0.78947   -0.73067   -0.42857   -0.52703    0.35644   -0.07914    1.08480
   1.00000    0.48211   -0.18644    1.00000    0.77202    1.00000    1.00000    1.00000    1.00000    1.00000    1.00000    0.41892    1.00000    0.15108    1.02020
  -0.17857   -0.05263   -0.45763   -0.43797    0.64767   -0.31343   -0.17750   -0.40788   -0.46092   -0.12718   -0.19255   -0.24324   -0.00990    0.33813    1.04770
  -0.32143    0.23789   -0.28814   -0.43389    0.84456   -0.34328   -0.34974   -0.25794   -0.50239   -0.18205   -0.22981   -0.36486   -0.05941    0.06475    1.03250
   0.14286   -0.20842    0.49152   -0.56877    0.64767   -0.37313   -0.17750   -0.25794   -0.51515   -0.53616   -0.21739   -0.51351   -0.45545    0.10791    1.05600
  -0.03571   -0.36000    0.55932   -0.69753    0.64767   -0.48259   -0.36380   -0.62135   -0.70016   -0.64589   -0.44099   -0.52703   -0.56436   -0.09353    1.06410
  -0.60714   -0.12000   -0.55932   -0.63826    0.51295   -0.47264   -0.30404   -0.40534   -0.54705   -0.20698   -0.29192   -0.64865   -0.37624   -0.22302    1.05120
  -0.50000    0.14526   -0.32203   -0.51768    0.62694   -0.22388   -0.31810   -0.42313   -0.56938   -0.32668   -0.52795   -0.58108   -0.10891    0.33813    1.03730
  -0.07143    0.06105    0.11864   -0.34600    0.85492   -0.28358   -0.08612   -0.30623   -0.31101   -0.16210    0.19255   -0.41892   -0.16832    0.29496    1.04180
  -0.28571   -0.42737   -0.01695   -0.74862    0.66839   -0.63184   -0.52548   -0.70267   -0.63955   -0.67082   -0.56522   -0.67568   -0.35644   -0.23741    1.06780
  -0.42857    0.46526   -0.25424   -0.14572    0.66839   -0.02488    0.48682    0.13088   -0.29506   -0.18703   -0.09317   -0.63514   -0.00990    0.39568    1.02090
   0.42857    0.09474    0.69491   -0.40936    0.69948   -0.22388    0.01933   -0.18933   -0.59171   -0.56110    0.06832   -0.51351   -0.43564    0.20863    1.03990
   0.50000   -0.00632   -0.35593   -0.06601    0.85492    0.07463    0.34271    0.01398   -0.24083    0.02244    0.03106   -0.24324    0.22772    0.55396    1.04530
  -0.07143    0.33053   -0.11864   -0.19477    0.67876   -0.38309    0.19508    0.06226   -0.07177    0.02244   -0.01863   -0.20270    0.17822    0.26619    1.02790
   0.00000   -0.17895   -0.08475   -0.59330    0.75129   -0.28358   -0.33216   -0.48412   -0.55024   -0.54614   -0.27950   -0.47297   -0.53465   -0.00719    1.05430
  -0.32143   -0.37263   -0.32203   -0.61782    0.66839   -0.28358   -0.40597   -0.55273   -0.59171   -0.49127   -0.51553   -0.58108   -0.32673   -0.02158    1.06480
   0.07143    0.27158    0.59322   -0.20703    0.69948   -0.03483    0.20914   -0.02922   -0.20255   -0.19701    0.36646   -0.52703    0.25743    0.66906    1.03080
   0.07143   -0.24211   -0.28814   -0.61578    0.61658   -1.00000   -0.51494   -0.54511   -0.62998   -0.62594   -0.25466   -0.22973   -0.38614    0.20863    1.05780
   0.07143   -0.10737   -0.72881   -0.29082    0.73057   -0.17413   -0.12829   -0.17662   -0.24721   -0.06234    0.05590   -0.37838    0.19802    0.52518    1.05050
  -0.28571   -0.60421   -0.86441   -0.72410    0.63731   -0.57214   -0.52197   -0.79161   -0.72887   -0.51621   -0.63975   -0.82432   -0.32673    0.15108    1.07760
  -0.28571   -0.28842   -0.52542   -0.52790    0.74093   -0.24378   -0.33568   -0.46887   -0.52472   -0.40150   -0.41615   -0.67568   -0.24752    0.06475    1.06030
  -0.32143   -0.08211   -0.55932   -0.60965    0.59586   -0.26368   -0.30404   -0.46633   -0.66188   -0.58604   -0.85093   -0.62162   -0.46535    0.10791    1.04920
   0.14286    0.04421    0.35593   -0.40323    0.77202   -0.05473   -0.13181   -0.26811   -0.48644   -0.39651   -0.09317   -0.47297   -0.22772    0.07914    1.04240
   0.35714   -0.17474   -0.86441    0.00756    0.86529    0.06468    0.01933   -0.14867   -0.06220    0.28180    0.30435   -0.18919    0.35644    0.84173    1.05420
  -0.57143    0.68842   -0.08475   -0.40119    0.47150   -0.27363    0.37786    0.11055   -0.08134   -0.26683   -0.34162   -0.62162   -0.28713    0.26619    1.01010
   0.21429    0.13684    0.62712   -0.57286    0.67876   -0.24378   -0.20914   -0.35197   -0.68102   -0.56110   -0.56522   -0.32432   -0.36634   -0.09353    1.03770
  -0.07143    0.36000    0.18644   -0.28878    0.67876   -0.10448   -0.08612   -0.08259   -0.25678   -0.11222    0.01863   -0.24324    0.03960    0.45324    1.02640
  -0.32143    0.20842   -0.93220   -0.46250    0.73057   -0.67164   -0.36731   -0.22236   -0.46092   -0.20200    0.14286   -0.33784   -0.26733   -0.03597    1.03400
  -0.46429   -0.29684   -0.38983   -0.67709    0.64767   -0.48259   -0.37786   -0.56290   -0.75758   -0.56609   -0.59006   -0.59459   -0.50495   -0.23741    1.06070
   0.28571    0.19579   -0.05085   -0.36031    0.60622    0.09453   -0.07557   -0.25286   -0.36842   -0.06234    0.05590   -0.24324   -0.16832    0.36691    1.03460
  -0.35714   -0.41053   -0.79661   -0.73227    0.58549   -0.66169   -0.61687   -0.82465   -0.65550   -0.44140   -0.68944   -0.48649   -0.37624    0.00719    1.06680
   0.21429    0.17895    0.35593   -0.32352    0.65803   -0.06468    0.13181   -0.11563   -0.33652   -0.27182   -0.15528   -0.51351    0.27723    0.42446    1.03560
  -0.60714   -0.97053   -0.55932   -0.94073    0.49223   -0.71144   -0.59578   -0.85769   -0.86603   -0.86035   -0.77640   -0.60811   -1.00000   -0.29496    1.09830
  -0.42857   -0.57474   -0.83051   -0.77519    0.77202   -0.70149   -0.67663   -0.91360   -0.80542   -0.68080   -0.52795   -0.36486   -0.70297   -0.23741    1.07580
   0.03571    0.20842   -0.28814   -0.32966    0.74093   -0.32338   -0.01933   -0.14358   -0.34609    0.07731   -0.34162   -0.37838   -0.27723    0.13669    1.03400
  -0.75000   -1.00000   -0.38983   -1.00000    0.59586   -0.73134   -1.00000   -1.00000   -1.00000   -1.00000   -0.93789   -0.85135   -0.71287   -0.48201    1.10890
  -0.21429   -0.35158    0.22034   -0.53403    0.74093   -0.31343   -0.26538   -0.52478   -0.59171   -0.50623   -0.26708   -0.39189   -0.39604    0.23741    1.06360
  -0.17857   -0.18737   -0.28814   -0.33170    0.82383   -0.25373   -0.08963   -0.15121   -0.40670   -0.30175   -0.21739   -0.40541   -0.43564    0.07914    1.05470
  -0.42857   -0.09474    0.08475   -0.73023    0.70984   -0.55224   -0.62390   -0.63151   -0.71611   -0.61097   -0.61491   -0.64865   -0.52475   -0.07914    1.04990
   0.14286   -0.32211    0.18644   -0.47885    0.75129   -0.17413   -0.15290   -0.30623   -0.49920   -0.39651   -0.30435   -0.50000   -0.30693    0.16547    1.06200
  -0.25000   -0.52000   -0.35593   -0.71796    0.64767   -0.47264   -0.57469   -0.71537   -0.76714   -0.64589   -0.59006   -0.63514   -0.52475   -0.09353    1.07280
   0.17857   -0.38526   -0.62712   -0.36644    0.80311   -0.26368   -0.13884   -0.33418   -0.35885   -0.29177   -0.05590   -0.20270   -0.35644    0.17986    1.06530
  -0.60714   -0.47368   -0.72881   -0.85285    0.62694   -0.52239   -0.66960   -0.81703   -0.84689   -0.85536   -0.77640   -0.63514   -0.78218    1.00000    1.07040
   0.03571   -0.10316   -0.35593   -0.18251    0.72021   -0.13433    0.13884   -0.20966   -0.25678   -0.00748    0.39130   -0.17568    0.25743    0.51079    1.05020
   0.03571   -0.40632   -0.11864   -0.52994    0.80311   -0.44279   -0.38840   -0.56544   -0.57576   -0.34165   -0.14286   -0.28378   -0.60396    0.23741    1.06660
  -0.10714   -0.21684    0.35593   -0.58921    0.57513   -0.28358   -0.10721   -0.33418   -0.72249   -0.64090   -0.49068   -0.51351   -0.45545   -0.23741    1.05630
   0.14286   -0.22526    0.42373   -0.41345    0.79275   -0.18408   -0.16345   -0.27827   -0.53429   -0.41646   -0.25466   -0.47297   -0.05941    0.23741    1.05680
  -0.07143    0.24632   -0.89830   -0.28060    0.66839   -0.02488    0.11072   -0.20966   -0.32376    0.05736   -0.03106   -0.25676   -0.15842    0.25180    1.03220
  -0.25000   -0.76000   -0.76271   -0.65870    0.73057   -0.38309   -0.50088   -0.61626   -0.50239   -0.43641   -0.27950   -0.67568   -0.47525   -0.22302    1.08620
  -0.03571   -0.14105    0.22034   -0.48498    0.59586   -0.20398   -0.27241   -0.22745   -0.44179   -0.25686   -0.18012   -0.54054   -0.17822    0.05036    1.05240
   0.32143   -0.41474   -0.01695   -0.50542    0.76166   -0.01493   -0.30053   -0.47649   -0.63636   -0.52120   -0.27950   -0.43243   -0.14852    0.26619    1.06710
  -0.03571   -0.53684    0.62712   -0.87125    0.55440   -0.62189   -0.65202   -0.63914   -0.87879   -0.88030   -0.77640   -0.67568   -0.92079   -0.32374    1.07360
   0.07143   -0.06526    0.59322   -0.51564    0.61658   -0.24378   -0.20211   -0.34943   -0.57576   -0.61097   -0.34162   -0.63514   -0.40594   -0.32374    1.04830
   0.07143   -0.65053   -0.18644   -0.52381    0.78238   -0.31343   -0.36731   -0.57815   -0.54386   -0.31172   -0.32919   -0.36486   -0.46535    0.19425    1.08000
  -0.21429   -0.17895   -0.05085   -0.55651    0.80311   -0.37313   -0.31810   -0.53748   -0.64593   -0.50623   -0.36646   -0.63514   -0.62376   -0.17986    1.05430
  -0.10714    0.37263   -0.05085   -0.30922    0.55440   -0.09453    0.24780   -0.01652   -0.44179   -0.29676    0.00621   -0.24324   -0.07921    0.43885    1.02580
  -0.21429    0.23368    0.69491   -0.44206    0.51295   -0.22388    0.11775    0.06989   -0.46731   -0.34663   -0.46584   -0.67568   -0.35644   -0.10791    1.03280
  -0.03571   -0.32632   -0.79661   -0.46659    0.58549   -0.31343   -0.03339   -0.48666   -0.44498   -0.15212   -0.29192   -0.48649    0.22772    0.36691    1.06220
  -0.60714   -0.55368    0.18644   -0.76088    0.50259   -0.59204   -0.28647   -0.56798   -0.83732   -0.71072   -0.75155   -0.70270   -0.31683   -0.09353    1.07450
   0.46429   -0.28842   -0.42373   -0.04966    0.86529    0.16418    0.06151   -0.10800   -0.20574    0.11222    0.25466   -0.09459    0.41584    0.65468    1.06030
  -0.42857    0.38526   -0.25424   -0.29287   -1.00000   -0.45274   -0.06151   -0.11309   -0.02711    0.16708    0.18012   -0.37838   -0.12871    0.10791    1.02500
  -0.32143   -0.27158   -0.79661   -0.56673    0.89637   -0.55224   -0.55009   -0.64168   -0.57576   -0.49626   -0.40373   -0.64865   -0.26733   -0.03597    1.05940
   0.14286    0.01895   -0.38983   -0.31535    0.67876   -0.26368   -0.04394   -0.19949   -0.32376   -0.18703   -0.14286   -0.52703    0.01980    0.38129    1.04380
  -0.35714   -0.05684   -0.38983   -0.59330    0.73057   -0.68159   -0.33216   -0.51461   -0.57576   -0.45636   -0.32919   -0.54054   -0.31683   -0.07914    1.04810
  -0.53571   -0.36842    0.05085   -0.70570    0.64767   -0.35323   -0.48682   -0.50953   -0.69697   -0.67581   -0.60248   -0.60811   -0.63366   -0.32374    1.06460
  -0.42857   -0.70105   -0.08475   -0.82015    0.59586   -0.53234   -0.58172   -0.74587   -0.87241   -0.80549   -0.75155   -0.64865   -0.39604    0.12230    1.08290
   0.21429   -0.50737   -0.96610   -0.34805    0.82383    0.09453   -0.28647   -0.51207   -0.39075   -0.20698    0.08075   -0.20270    0.06931    0.29496    1.07220
   0.00000   -0.57895   -0.79661   -0.47680    0.77202   -0.41294   -0.32513   -0.45616   -0.44179   -0.32170   -0.31677   -0.20270   -0.32673    0.00719    1.07610
   0.00000    0.02316    0.35593   -0.59943    0.74093   -0.56219   -0.35677   -0.43837   -0.56938   -0.53117   -0.30435   -0.55405   -0.33663   -0.09353    1.04390
   0.07143    0.44421   -0.55932   -0.10280    0.65803   -0.07463    0.25132    0.18170   -0.14195    0.35661   -0.05590   -0.33784    0.11881    0.55396    1.01800
  -0.71429    0.04842   -0.38983   -0.52381    0.72021   -0.37313   -0.32162   -0.39771   -0.47049   -0.40648   -0.18012   -0.66216   -0.40594   -0.00719    1.04220
  -0.07143   -0.15368   -0.35593   -0.55651    0.73057   -0.48259   -0.38840   -0.49682   -0.57576   -0.36160   -0.32919   -0.44595   -0.38614    0.17986    1.05300
  -0.14286   -0.63789   -0.38983   -0.59943    0.74093   -0.17413   -0.64148   -0.63660   -0.58214   -0.49626   -0.16770   -0.52703   -0.19802    0.19425    1.07940
   0.07143   -0.37263    0.15254   -0.54220    0.65803   -0.30348   -0.13181   -0.49174   -0.57257   -0.44140   -0.45342   -0.54054   -0.02970    0.30935    1.06470
   0.03571   -0.19158   -0.93220   -0.26426    0.79275   -0.19403   -0.20211   -0.24523   -0.19936    0.19701    0.30435   -0.17568    0.11881    0.33813    1.05500
   0.07143    0.34737   -0.35593   -0.23564    0.74093    0.03483   -0.04042   -0.11309   -0.33014   -0.11222   -0.10559   -0.47297    0.08911    0.51079    1.02690
  -0.46429    0.09895   -0.05085   -0.68527    0.54404   -0.33333   -0.25835   -0.49174   -0.76714   -0.55611   -0.67702   -0.81081   -0.12871    0.19425    1.03980
   0.07143    0.07368   -0.32203   -0.49724    0.60622   -0.26368   -0.21617   -0.30877   -0.50239   -0.30673   -0.32919   -0.32432   -0.19802    0.26619    1.04110
   0.17857   -0.14105   -0.35593   -0.24791    0.76166   -0.26368   -0.01230   -0.25032   -0.39075   -0.18703   -0.15528   -0.40541    0.14852    0.35252    1.05240
   0.28571   -0.11579   -0.83051   -0.33170    0.82383   -0.29353   -0.23374   -0.21982   -0.36204   -0.25686   -0.13043   -0.21622   -0.11881    0.17986    1.05100
  -0.32143    0.12842    0.42373   -0.74045    0.56477   -0.30348   -0.37434   -0.50191   -0.62041   -0.62095   -0.37888   -0.60811   -0.49505   -0.39568    1.03820
   0.42857   -0.06947   -0.15254   -0.51155    0.67876   -0.09453   -0.28295   -0.34943   -0.56619   -0.24688   -0.36646   -0.35135    0.03960    0.45324    1.04860
  -0.32143    0.06947   -0.28814   -0.52177    0.64767   -0.15423   -0.13181   -0.25794   -0.53748   -0.38653   -0.61491   -0.60811   -0.47525   -0.10791    1.04120
  -0.03571    0.22105    0.52542   -0.33783    0.61658   -0.04478    0.37083   -0.06734   -0.47049   -0.45137   -0.27950   -0.32432   -0.27723    0.19425    1.03340
  -0.25000   -0.76421   -0.42373   -0.75475    0.73057   -0.65174   -0.63093   -0.74333   -0.75439   -0.72569   -0.44099   -0.62162   -0.60396   -0.16547    1.06650
  -0.03571    0.02737   -0.35593   -0.45637    0.60622   -0.31343   -0.15290   -0.19187   -0.42265   -0.28678   -0.08075   -0.48649   -0.14852    0.17986    1.04340
  -0.07143    1.00000   -0.01695   -0.17842    0.43005    0.00498    0.42355    0.33926   -0.11324   -0.23691   -0.51553   -0.39189   -0.01980    0.16547    0.99500
   0.53571    0.41474    0.69491   -0.32557    0.66839   -0.02488    0.02636   -0.09530   -0.37799   -0.38155   -0.03106   -0.44595    0.02970    0.09353    1.02360
  -0.60714   -0.77684   -0.89830   -0.79358    0.78238   -0.59204   -0.54306   -0.81957   -0.77353   -0.76559   -0.66460   -0.60811   -0.90099   -0.39568    1.08730
  -0.07143    0.06526   -0.25424   -0.45432    0.74093   -0.16418   -0.30053   -0.27065   -0.47687   -0.50623   -0.06832   -0.44595   -0.18812    0.23741    1.04140
  -0.32143   -0.13684   -0.55932   -0.51972    0.72021   -0.27363   -0.25483   -0.46887   -0.56300   -0.47132   -0.46584   -0.55405   -0.38614    0.10791    1.05210
   0.07143   -0.23368   -0.25424   -0.49929    0.65803   -0.19403   -0.20562   -0.39517   -0.50239   -0.41646   -0.16770   -0.45946   -0.34653    0.06475    1.05730
  -0.17857   -0.15368   -0.11864   -0.51972    0.79275   -0.43284   -0.41301   -0.47649   -0.53110   -0.42145   -0.32919   -0.50000   -0.49505    0.00719    1.05290
   0.00000   -0.48632   -0.28814   -0.51155    0.68912   -0.33333   -0.17750   -0.49682   -0.54705   -0.35162   -0.22981   -0.36486   -0.31683    0.06475    1.07090
  -0.32143   -0.12421   -0.66102   -0.49315    0.65803   -0.27363   -0.20211   -0.43583   -0.39713   -0.19202   -0.34162   -0.67568   -0.23762    0.09353    1.05130
  -0.07143   -0.64211   -0.15254   -0.61782    0.69948   -0.36318   -0.37083   -0.65184   -0.66826   -0.51621   -0.34162   -0.59459   -0.47525    0.03597    1.07950
  -0.28571   -0.62105   -0.15254   -0.46250    0.86529   -0.38309   -0.28647   -0.50699   -0.47687   -0.49127   -0.18012   -0.25676   -0.45545   -0.00719    1.07850
  -0.14286   -0.56210   -0.86441   -0.45841    0.77202   -0.37313   -0.20914   -0.56798   -0.48325   -0.35661   -0.46584   -0.50000   -0.24752    0.20863    1.07510
   0.07143   -0.37684    0.11864   -0.58308    0.60622   -0.39303   -0.21265   -0.44854   -0.61403   -0.53117   -0.31677   -0.52703   -0.14852    0.19425    1.06500
  -0.21429    0.13684    0.69491   -0.59534    0.64767   -0.26368   -0.22320   -0.22745   -0.64274   -0.54614   -0.55280   -0.60811   -0.51485   -0.23741    1.03780
  -0.57143   -0.14105   -0.11864   -0.54833    0.76166   -0.41294   -0.30404   -0.42567   -0.57576   -0.39651   -0.32919   -0.55405   -0.69307   -0.25180    1.05240
   0.42857   -0.14526   -0.55932   -0.13141    0.77202    0.27363    0.01582   -0.21220   -0.30462   -0.19701    0.08075   -0.25676    0.22772    0.74101    1.05250
  -0.03571   -0.70105   -0.86441   -0.44615    0.86529   -0.26368   -0.21968   -0.63914   -0.57895   -0.37656   -0.16770   -0.17568   -0.20792    0.20863    1.08300
  -0.17857   -0.02737    0.42373   -0.66074    0.50259   -0.46269   -0.12127   -0.45362   -0.71930   -0.47132   -0.19255   -0.43243   -0.56436    0.06475    1.04620
