   1.00000   39.44000   45.65200    0.00000    4.33200    4.12100    1.12000    0.00000    8.16400
   1.00000   35.53000   47.14500    0.00000    4.57900    3.87500    0.92700    0.00000    8.06700
   2.00000   47.58000   62.11900    0.00000    3.13300    2.32400    0.46700    2.00000    6.21000
   0.00000    7.76000    0.00000    0.00000    2.12200    2.70000    1.05300    2.00000    5.01000
   1.00000   43.09000   58.04200    2.00000   -0.38000    1.40100    1.15100    1.00000    2.64900
   4.00000  215.34000  327.62900    3.00000    0.18900    4.67700    1.33300    0.00000    6.06400
   0.00000   20.23000   42.68300    1.00000    3.31400    2.02700    0.40900    0.00000    4.49500
   0.00000   40.46000   85.36700    2.00000    3.30600    2.83200    0.91700    0.00000    4.30100
   0.00000   20.23000   42.68300    1.00000    3.61700    2.07400    0.34000    0.00000    5.76000
   0.00000   88.03000   86.37800    2.00000    3.18500    2.93000    1.13000    5.00000    4.48500
   1.00000  122.91000  210.53700    3.00000    0.86800    3.59000    1.46200    3.00000    2.62600
   0.00000   20.23000   42.68300    1.00000    3.90900    2.12000    0.28100    0.00000    5.56000
   1.00000   20.31000   28.26900    0.00000    2.82100    2.50200    1.28300    1.00000    3.07800
   0.00000   63.87000    6.24900    0.00000    0.19800    1.97500    0.85800    2.00000    5.47000
   0.00000   38.69000   64.68300    1.00000   -0.12900    2.15000    1.97100    0.00000    1.53000
   0.00000   47.56000   65.15500    1.00000    1.19100    2.89900    1.26500    1.00000    3.47000
   0.00000   70.14000   50.90800    3.00000   -0.27300    1.57700    0.75600    2.00000    3.93600
   0.00000    0.00000    0.00000    0.00000    3.12400    1.80000    1.41700    0.00000    4.34000
   0.00000   91.49000  117.37600    5.00000   -0.32900    1.86800    1.62100    5.00000    1.98300
   2.00000   59.32000   93.16400    0.00000    4.27900    3.96200    0.90700    1.00000    9.13300
   0.00000   54.57000   41.02800    0.00000    5.20800    3.69100    1.58500    0.00000    6.38300
   0.00000   17.07000   25.14500    0.00000    0.09400    1.33400    1.32800    0.00000    5.99300
   0.00000  115.41000   71.51200    0.00000    2.22300    2.90300    1.29500    1.00000    8.15000
   1.00000   67.51000  103.97300    1.00000    3.20400    3.34400    0.93800    0.00000    2.95500
   0.00000   86.81000  121.41200    3.00000    0.70900    2.93800    1.41600    2.00000    2.95800
   0.00000    0.00000    0.00000    0.00000    4.92600    2.07400    0.47800    0.00000    4.67400
   1.00000  182.83000  315.56100    5.00000    1.66200    5.83100    1.35100    0.00000    3.88400
   0.00000   26.02000   32.89700    2.00000    2.72900    1.97500    0.46200    1.00000    4.74200
   0.00000    0.00000    0.00000    0.00000    3.25900    2.04800    1.11100    0.00000    3.77200
   0.00000   20.23000   42.68300    1.00000    2.19300    1.96000    1.02000    0.00000    4.03800
   0.00000   38.80000    0.00000    1.00000    1.36400    1.33400    1.21200    0.00000    6.10200
   0.00000   29.46000   53.68300    1.00000    1.24600    2.04600    1.11400    0.00000    3.48000
   1.00000   52.33000   62.43800    0.00000    0.56700    2.23900    1.54200    1.00000    2.66800
   1.00000   86.52000  117.43700    2.00000    2.03100    2.67900    1.19800    6.00000    6.44700
   1.00000   65.72000  101.27100    2.00000   -0.23400    1.97500    1.09100    2.00000    3.71600
   0.00000   28.24000    0.00000    0.00000    2.85100    2.17600    0.65600    0.00000    3.35700
   0.00000   75.13000  100.77400    3.00000    4.51200    3.66200    0.70200    5.00000    6.65000
   0.00000   55.05000   61.74700    0.00000    4.29600    3.05500    0.60300    1.00000    5.87800
   2.00000  103.56000  133.77500    0.00000    3.16800    4.05500    1.15300    3.00000    6.38900
   0.00000    0.00000    0.00000    0.00000    3.87600    2.53900    0.83700    0.00000    4.90900
   0.00000   17.07000   25.14500    0.00000   -0.31700    1.15500    1.74000    0.00000    0.55000
   0.00000    0.00000    0.00000    0.00000    2.74600    1.66700    1.40000    0.00000    3.80900
   1.00000   44.45000   16.78600    0.00000    3.64800    2.42700    0.75700    1.00000    6.09900
   1.00000   76.21000  117.51100    3.00000    1.11900    2.25000    0.37500    2.00000    3.64400
   0.00000   45.34000   34.10600    0.00000    1.29700    2.04200    1.93300    0.00000    2.82900
   0.00000   35.25000   43.89700    2.00000    1.24600    2.04600    1.08100    1.00000    5.64200
   0.00000  100.39000   91.77500    0.00000    2.68200    2.90300    1.82300    1.00000    9.14100
   2.00000   64.63000   90.30000    1.00000    1.65100    2.78500    1.34600    1.00000    3.07200
   2.00000   52.60000   72.29000    0.00000    4.09100    3.56800    1.15000    0.00000    5.19000
   0.00000   98.61000   57.46000    0.00000    2.05400    2.89100    1.44200    3.00000    9.14000
   0.00000    0.00000    0.00000    0.00000    3.47800    1.91800    0.57500    0.00000    4.30400
   0.00000   20.23000   42.68300    1.00000    2.46100    1.97500    0.73700    0.00000    5.69100
   0.00000   38.33000   54.15600    1.00000    2.37800    2.58700    1.05500    1.00000    4.76200
   1.00000   74.57000  147.15300    2.00000    1.78900    3.37300    1.17500    3.00000    3.43200
   0.00000   93.06000  157.65600    2.00000    2.01400    3.76700    1.18900    0.00000    4.33300
   0.00000   70.14000   50.90800    3.00000    1.29400    2.20300    0.59100    2.00000    3.47600
   0.00000   56.15000   36.02200    2.00000    1.97100    2.47200    1.14400    2.00000    3.52000
   0.00000   34.14000   50.29000    0.00000    2.23300    2.41500    0.86600    0.00000    5.54500
   0.00000    0.00000    0.00000    0.00000    6.23200    2.72800    0.49300    0.00000    7.61000
   0.00000    0.00000    0.00000    0.00000    4.09200    2.12000    0.53000    0.00000    5.38900
   0.00000   20.23000   42.68300    1.00000    1.50600    1.85700    0.85300    0.00000    3.85000
   0.00000   56.15000   36.02200    2.00000    0.59000    1.87900    1.00100    2.00000    2.83800
   0.00000  102.02000  101.26500    3.00000    2.27300    2.45900    1.08600    5.00000    4.28800
   0.00000   45.82000   50.74700    0.00000    2.57400    2.16800    1.01400    1.00000    3.97800
   0.00000   84.13000   65.79400    4.00000   -1.43400    1.22500    0.33500    2.00000    3.88400
   0.00000    0.00000   14.96000    0.00000    2.02600    1.26500    0.72200    0.00000    3.57700
   0.00000   56.15000   36.02200    2.00000   -0.66500    1.72600    0.67600    2.00000    3.58900
   0.00000   45.82000   50.74700    0.00000    3.11000    2.16000    0.47800    1.00000    4.66000
   0.00000  102.78000   20.26300    0.00000    3.32200    2.90100    0.87400    0.00000    7.67600
   0.00000    0.00000    0.00000    0.00000    1.81700    1.22500    0.50200    0.00000    3.25400
   0.00000   39.94000  104.28900    0.00000    4.28100    3.35700    1.00200    3.00000    4.71300
   0.00000    0.00000    0.00000    0.00000    4.63400    2.02700    0.46100    0.00000    4.87400
   2.00000  138.26000   86.13300    0.00000    0.49100    2.85400    1.14600    0.00000    8.34900
   2.00000   69.67000   97.43500    0.00000    3.12200    3.72300    1.26000    0.00000    7.37100
   0.00000   52.49000  103.37700    3.00000   -0.91700    1.84000    1.75000    1.00000    2.95700
   0.00000    0.00000    0.00000    0.00000    2.60400    1.43000    0.50500    0.00000    3.84200
   0.00000   17.07000   25.14500    0.00000    1.76900    1.98900    0.92700    0.00000    3.97600
   0.00000   38.57000    6.24900    0.00000    0.59000    1.70000    1.19000    2.00000    2.23200
   1.00000   75.99000   73.77400    1.00000    0.05700    2.09300    1.12300    2.00000    6.96400
   0.00000   45.61000   28.26900    0.00000    2.27500    2.44500    1.29000    1.00000    4.47400
   0.00000   75.74000   93.69400    3.00000    2.19500    4.36500    1.08600    2.00000    5.13200
   0.00000   29.46000   53.68300    1.00000    2.73600    2.18700    0.62000    0.00000    5.37200
   0.00000   28.24000    0.00000    0.00000    3.87600    2.61400    0.65200    0.00000    5.59700
   0.00000   12.53000   11.00000    0.00000    4.45200    2.71600    0.49000    0.00000    5.51300
   0.00000  347.32000  571.95200   18.00000   -6.44600    4.62400    1.39000    5.00000    3.08800
   0.00000   28.24000    0.00000    0.00000    4.76000    2.99500    0.65000    0.00000    6.02700
   0.00000   54.57000   41.02800    0.00000    3.74200    3.13600    1.77300    0.00000    6.04200
   0.00000    0.00000    0.00000    0.00000    3.26700    2.31800    0.96300    0.00000    4.10000
   0.00000   94.89000   20.76500    0.00000    2.49200    2.65900    1.19400    0.00000    6.79000
   0.00000   41.57000   57.28000    1.00000    3.18000    3.29200    1.01400    2.00000    4.99200
   1.00000   43.37000   61.29000    0.00000    3.62600    3.37300    1.11100    0.00000    5.54100
   0.00000   45.61000   28.26900    0.00000    1.97100    2.29400    1.27500    1.00000    4.60800
   0.00000   26.02000   32.89700    2.00000    2.12700    1.92400    0.59700    1.00000    6.40900
   0.00000    0.00000    0.00000    0.00000    5.47200    2.65700    0.57700    0.00000    6.67000
   0.00000   26.02000   32.89700    2.00000    3.31400    2.01800    0.36600    1.00000    5.43000
   1.00000   37.30000   67.82800    1.00000    4.54800    3.10100    1.13700    0.00000    4.56000
   0.00000   87.43000   55.41100    2.00000   -1.22200    1.57500    1.36200    1.00000    6.61800
   1.00000  114.19000  100.65200    3.00000    0.82100    3.06000    1.08200    6.00000    2.53300
   0.00000   65.82000   80.76500    0.00000    3.69200    3.88300    1.08700    3.00000    6.75600
   0.00000    0.00000    0.00000    0.00000    3.47800    1.92400    0.57500    0.00000    4.13800
   0.00000   20.23000   42.68300    1.00000    2.12700    1.92400    0.63300    0.00000    4.42600
   0.00000   12.89000   16.78600    0.00000    2.06600    2.28400    0.86700    1.00000    3.53000
   1.00000   58.20000  116.23200    2.00000    3.50800    3.28100    0.80300    2.00000    7.80200
   2.00000   59.32000   78.20400    0.00000    4.83200    4.07400    0.96200    1.00000    8.58200
   0.00000    0.00000    0.00000    0.00000    5.16500    3.11100    0.73200    0.00000    6.21900
   0.00000   56.15000   36.02200    2.00000    1.94500    2.46100    0.80500    2.00000    3.35100
   0.00000   75.99000   73.77400    1.00000    0.78700    2.26600    1.18500    2.00000    5.55100
   1.00000   57.53000  110.51200    2.00000    1.64300    2.09000    0.81400    0.00000    3.06800
   0.00000   40.46000   85.36700    2.00000    0.70600    1.76800    1.59400    0.00000    1.22000
   0.00000    0.00000    0.00000    0.00000    3.25900    1.97900    1.11100    0.00000    4.30000
   0.00000    9.23000   11.00000    0.00000    5.79900    2.93000    0.48600    0.00000    7.01900
   1.00000   46.53000   78.82800    1.00000    2.75800    2.85600    1.02200    0.00000    3.79400
   0.00000   94.88000  104.61800    0.00000    4.06600    3.01600    1.31400    3.00000    7.01200
   1.00000  182.91000  301.14700    4.00000    0.03600    4.75800    1.58400    1.00000    4.60200
   0.00000   26.02000   32.89700    2.00000    2.12700    1.91800    0.59700    1.00000    6.10800
   0.00000    3.24000    3.12400    0.00000    2.19300    2.04800    1.24100    1.00000    4.38500
   0.00000    0.00000    0.00000    0.00000    1.81700    1.33400    0.71800    0.00000    2.49000
   0.00000    0.00000    0.00000    0.00000    3.56200    2.28100    1.15000    0.00000    5.54800
   0.00000    0.00000    0.00000    0.00000    6.47000    2.82100    0.46900    0.00000    8.44000
   0.00000   56.79000   76.15500    1.00000    1.06400    2.72000    1.34600    1.00000    6.88300
   0.00000    0.00000    0.00000    0.00000    6.47000    2.80500    0.46900    0.00000    8.78000
   0.00000   18.46000   22.00000    0.00000    1.26200    2.14700    1.57600    0.00000    2.27200
   0.00000   12.03000   18.01100    1.00000    0.81700    1.80000    1.48800    1.00000    3.93000
   0.00000   40.46000   85.36700    2.00000    5.25500    3.00100    0.48500    0.00000    4.83800
   0.00000    0.00000    0.00000    0.00000    2.25500    1.80000    0.91700    0.00000    2.48000
   0.00000   12.47000   14.12400    0.00000    3.82700    3.36200    1.37300    1.00000    5.10200
   2.00000  104.06000  189.34000    3.00000    1.92900    3.19700    1.02100    0.00000    4.18700
   0.00000   17.07000   25.14500    0.00000    0.20200    1.33400    1.66000    0.00000    2.81500
   1.00000   92.35000  174.45500    1.00000    3.84000    3.37300    0.80200    1.00000    4.25700
   0.00000   82.67000   47.44700    1.00000    3.74700    2.93500    1.51300    1.00000    8.11300
   0.00000   20.23000   42.68300    1.00000    2.63700    2.34400    0.75800    0.00000    4.61000
   1.00000   49.33000   85.83900    2.00000    3.98800    3.04700    0.69400    1.00000    4.12100
   0.00000   45.61000   28.26900    0.00000    3.09200    2.81400    0.94800    1.00000    5.54800
   0.00000   49.17000   55.44800    0.00000    4.16800    3.32900    1.04200    3.00000    4.72000
   0.00000  111.87000  144.17700    1.00000    2.70200    2.62600    1.04700    2.00000    6.00000
   0.00000   26.02000   32.89700    2.00000    2.19300    2.03100    0.99200    1.00000    4.17900
   0.00000   47.36000   21.13500    1.00000    0.18000    1.62700    1.05100    2.00000    2.18800
   0.00000   45.82000   50.74700    0.00000    2.24100    2.11900    0.94200    1.00000    4.01000
   0.00000   26.02000   32.89700    2.00000    3.31400    2.03100    0.36600    1.00000    4.76100
   0.00000   54.57000   41.02800    0.00000    1.24600    2.08600    1.87500    0.00000    9.09900
   0.00000   54.74000   39.24700    0.00000    3.11500    2.70600    0.94600    0.00000    6.07500
   0.00000   28.24000    0.00000    0.00000    1.17300    1.66700    0.66700    0.00000    2.42100
   0.00000    0.00000    0.00000    0.00000    5.98900    2.75800    0.52900    0.00000    8.16000
   0.00000  103.35000  161.25900    2.00000    2.40100    3.05300    0.79800    1.00000    4.14000
   0.00000    0.00000    0.00000    0.00000    4.41600    2.59100    0.72300    0.00000    5.64100
   2.00000   61.52000   41.93000    0.00000    3.44700    2.30700    0.66200    1.00000    4.93200
   0.00000   91.64000  101.49400    0.00000    2.23900    2.29600    0.88400    2.00000    5.44100
   0.00000   18.46000   22.00000    0.00000    4.26800    3.16400    0.85700    0.00000    7.08700
   0.00000   58.56000   75.96500    0.00000    1.64800    2.68900    1.67500    4.00000    7.03700
   0.00000   38.33000   54.15600    1.00000    1.73700    2.47200    0.63800    1.00000    6.84800
   0.00000   50.94000   76.13200    1.00000    4.01300    3.21800    1.10400    3.00000    5.02000
   1.00000   32.67000   45.05500    0.00000    3.35500    3.09700    0.88900    2.00000    4.82100
   0.00000   20.23000   42.68300    1.00000    3.61700    2.07400    0.34000    0.00000    5.61000
   1.00000   26.30000   36.14500    0.00000    0.99600    1.72300    1.80500    0.00000    2.82700
   0.00000   42.52000   44.31300    0.00000    4.74600    2.90500    0.91600    0.00000    4.71100
   0.00000   42.52000   44.31300    0.00000    2.77700    2.64300    1.05500    0.00000    4.57000
   0.00000  111.87000  144.17700    1.00000    1.74800    2.37700    0.83900    2.00000    4.79000
   1.00000   90.37000  131.63500    3.00000    0.33200    2.70600    1.31300    3.00000    2.07200
   0.00000    9.23000   11.00000    0.00000    0.80000    1.50900    2.00300    0.00000    1.73000
   0.00000   92.31000   70.94100    2.00000    2.19500    3.08200    0.99900    3.00000    7.04400
   0.00000    0.00000    0.00000    0.00000    3.38600    2.28400    0.80500    0.00000    4.14700
   0.00000   29.46000   53.68300    1.00000   -0.08100    1.57700    1.95200    0.00000    0.59000
   0.00000   94.88000  149.49800    0.00000    4.20700    3.04700    1.28300    3.00000    6.24000
   0.00000    0.00000    0.00000    0.00000    3.56200    2.11900    1.15000    0.00000    4.31700
   0.00000    0.00000    0.00000    0.00000    5.47200    2.70300    0.57700    0.00000    6.20900
   1.00000   37.30000   67.82800    1.00000    3.23000    2.63000    1.16600    0.00000    4.35500
   0.00000   88.03000   86.37800    2.00000    2.27300    2.57500    1.15900    5.00000    3.63000
   1.00000   37.30000   67.82800    1.00000    0.99600    1.74600    1.54700    0.00000    3.35800
   0.00000    0.00000    0.00000    0.00000    4.82300    2.29900    1.60000    0.00000    5.29900
   1.00000   90.51000   65.67000    1.00000   -0.75900    1.92900    1.40200    1.00000    4.10700
   0.00000   38.33000   54.15600    1.00000    2.22200    2.72500    1.01200    1.00000    5.94200
   0.00000   76.66000  108.31100    2.00000    2.08700    3.46800    1.13700    2.00000    4.65200
   0.00000   20.23000   42.68300    1.00000    3.04600    2.02700    0.60200    0.00000    5.63200
   0.00000   40.46000   85.36700    2.00000    3.95600    3.12300    0.95900    0.00000    5.37000
   0.00000   57.28000   71.69400    3.00000    2.12400    3.45500    1.06900    2.00000    4.30500
   1.00000   26.30000   81.02500    0.00000    5.40000    3.93600    0.99100    0.00000    8.11200
   0.00000  129.62000  165.83400    6.00000    2.70300    3.07800    0.77500    7.00000    4.40400
   0.00000    9.23000   11.00000    0.00000    3.27500    2.72700    0.87400    0.00000    3.95300
   0.00000   17.07000   25.14500    0.00000    1.44200    1.84000    1.58000    0.00000    4.03900
   0.00000  105.86000   19.91000    0.00000    0.62300    2.11600    0.50800    2.00000    5.92200
   0.00000   20.23000   42.68300    1.00000    4.83300    2.91300    1.22900    0.00000    6.36000
   0.00000    0.00000    0.00000    0.00000    3.26700    2.11900    1.25000    0.00000    4.86700
   0.00000   41.13000   61.16600    2.00000    3.98800    3.16900    0.62700    2.00000    7.47800
   0.00000   12.53000   11.00000    0.00000   -0.56400    1.50000    1.73300    0.00000    2.33200
   0.00000   62.73000   86.37800    2.00000    2.27300    2.47800    1.25400    5.00000    3.33100
   0.00000    0.00000    0.00000    0.00000    1.67200    1.33400    0.56200    0.00000    2.64200
   0.00000   52.04000   65.79400    4.00000   -1.05300    1.33400    1.61000    2.00000    3.35800
   0.00000    0.00000    0.00000    0.00000    2.94200    1.90800    1.06300    0.00000    3.79100
   0.00000    0.00000    0.00000    0.00000    4.76000    2.85900    0.70000    0.00000    6.17300
   2.00000  110.45000  141.04700    1.00000    2.76700    3.48800    1.21600    2.00000    4.07100
   0.00000   22.00000   73.15000    0.00000    3.98300    3.43100    0.95100    1.00000    4.90000
   2.00000   52.60000   72.29000    0.00000    2.57700    2.70700    1.31300    0.00000    3.60300
   0.00000   87.08000  111.60800    1.00000    1.74900    3.66600    1.08500    3.00000    4.22500
   0.00000    0.00000    0.00000    0.00000    3.94500    2.32400    0.67800    0.00000    5.00900
   0.00000   34.14000   50.29000    0.00000    0.07600    1.84000    1.49300    0.00000    3.78800
   0.00000  138.45000  281.24500    6.00000    1.44200    3.87800    1.20500    0.00000    5.29100
   0.00000    9.23000   11.00000    0.00000    1.58700    1.84000    1.05000    0.00000    2.77800
   0.00000   40.46000   85.36700    2.00000    3.63500    3.12000    1.03000    0.00000    4.96200
   0.00000   63.22000   80.14400    0.00000    1.93600    3.85200    1.15100    0.00000    8.02800
   0.00000   57.53000  110.51200    2.00000    3.31000    3.26700    1.16900    0.00000    4.53500
   0.00000   20.23000   42.68300    1.00000   -0.17200    1.15500    1.91100    0.00000    0.59000
   0.00000   34.14000   50.29000    0.00000    1.41500    2.07400    1.10800    0.00000    5.00100
   1.00000  181.62000  324.87300    7.00000   -0.87500    3.59500    0.94500    2.00000    6.43000
   0.00000    0.00000    0.00000    0.00000    2.60400    1.47500    0.50500    0.00000    3.46000
   0.00000   36.28000   22.15600    0.00000   -0.31700    1.22500    1.33300    0.00000    0.49500
   1.00000   36.26000   60.14400    0.00000    3.30000    3.46900    1.10200    2.00000    4.92000
   0.00000    0.00000    0.00000    0.00000    2.60400    1.55900    0.66400    0.00000    3.65500
   0.00000   70.14000   50.90800    3.00000    0.59000    1.90900    0.90700    2.00000    3.85000
   0.00000    0.00000    0.00000    0.00000    3.95800    2.48800    0.80200    0.00000    3.57500
   0.00000   71.84000   83.64400    2.00000    1.96900    2.16800    0.53100    2.00000    4.48900
   0.00000    9.23000   11.00000    0.00000    4.06800    2.75800    0.69500    0.00000    5.97900
   0.00000    0.00000    0.00000    0.00000    3.25900    1.97500    1.11100    0.00000    4.53000
   0.00000   41.57000   57.28000    1.00000    0.73400    2.54800    1.85300    2.00000    3.25000
   0.00000    0.00000    0.00000    0.00000    2.63800    1.40100    0.63200    0.00000    4.33000
   0.00000   12.53000   11.00000    0.00000    4.21400    2.68700    0.50400    0.00000    6.21000
   2.00000   52.60000   72.29000    0.00000    2.00500    2.46800    1.28100    0.00000    3.77000
   0.00000   45.82000   50.74700    0.00000    2.50900    2.09000    0.61700    1.00000    3.64000
   0.00000  132.42000  196.33200    2.00000    4.47800    4.98400    1.08700    4.00000    5.44000
   0.00000    0.00000    0.00000    0.00000    5.47200    2.67600    0.57700    0.00000    5.64000
   0.00000   12.03000   18.01100    1.00000    1.85900    1.98900    1.06200    1.00000    5.79000
   0.00000   26.02000   32.89700    2.00000    1.85900    1.91800    0.91700    1.00000    5.16800
   0.00000   12.89000   16.78600    0.00000    2.06600    2.28400    0.86700    1.00000    3.71100
   1.00000   87.28000  110.68800    1.00000    2.84300    3.24400    0.74500    3.00000    4.02200
   0.00000   15.79000    0.00000    1.00000    2.85900    2.61400    0.75200    1.00000    4.70000
   0.00000    0.00000    0.00000    0.00000    4.63400    2.01800    0.46100    0.00000    5.60000
   0.00000   71.06000   94.28900    0.00000    0.97700    3.19100    1.14600    0.00000    2.50600
   0.00000   45.82000   50.74700    0.00000    3.11000    2.16500    0.47800    1.00000    4.43400
   0.00000    0.00000    0.00000    0.00000    1.36400    1.15500    0.57600    0.00000    2.65900
   1.00000  115.47000   84.47900    4.00000    0.03800    2.27800    0.54400    5.00000    4.00600
   0.00000   45.61000   28.26900    0.00000    3.01200    2.55700    0.90100    1.00000    6.45800
   0.00000   12.89000   16.78600    0.00000    0.46800    1.80000    1.03800    1.00000    1.81500
   0.00000  121.26000    6.24900    0.00000    0.45400    2.22700    0.67700    2.00000    6.05900
   0.00000   20.23000   42.68300    1.00000    2.19300    1.97500    1.02000    0.00000    4.76500
   0.00000    3.24000    3.12400    0.00000    4.76100    3.27300    1.05200    1.00000    5.55100
   0.00000   36.60000   20.26300    0.00000    1.35400    1.89000    2.07300    3.00000    1.43000
   0.00000   12.03000   18.01100    1.00000    0.80000    1.50900    1.84600    1.00000    3.11800
   0.00000   45.82000   50.74700    0.00000    2.57400    2.14100    1.01400    1.00000    4.55800
   0.00000   47.36000   56.05500    0.00000    3.37300    3.47100    0.99200    3.00000    4.94300
   0.00000   67.01000   70.94100    2.00000    1.05200    2.67600    1.13700    3.00000    6.11900
   1.00000   20.31000   28.26900    0.00000   -0.27300    1.40100    2.07300    1.00000    0.70400
   1.00000   44.45000   16.78600    0.00000    2.53900    1.84000    0.92000    1.00000    5.42900
   0.00000    0.00000    0.00000    0.00000    2.94200    1.98900    1.06300    0.00000    4.50200
   1.00000   17.07000   25.14500    0.00000    1.44200    1.50900    1.15700    0.00000    2.57600
   0.00000   20.23000   42.68300    1.00000    3.92100    2.49400    1.22900    0.00000    6.36000
   0.00000   95.37000   54.33600    0.00000    2.43300    2.91500    1.39400    2.00000    8.56400
   0.00000  132.86000   33.57100    0.00000    2.89200    3.48700    0.57200    2.00000    3.61900
   0.00000   20.23000   42.68300    1.00000    5.08900    3.04900    1.24700    0.00000    6.06400
   0.00000   28.24000    0.00000    0.00000    3.16900    2.22400    0.71100    0.00000    4.75600
   0.00000  126.44000  152.84800    3.00000   -0.17200    2.62900    1.02500    4.00000    3.83900
   1.00000  116.67000  180.36600    4.00000   -1.96000    2.02100    1.83000    1.00000    3.90800
   0.00000   54.57000   41.02800    0.00000    5.65000    4.02600    1.57500    0.00000    7.10000
   1.00000   37.30000   67.82800    1.00000    0.13300    1.40100    1.58200    0.00000    3.17000
   0.00000   96.31000   77.72700    1.00000    1.12600    3.53600    1.15700    3.00000    3.59400
   1.00000   43.09000   58.04200    2.00000    2.48100    2.13300    0.50600    1.00000    2.34800
   0.00000    9.23000   11.00000    0.00000    3.39500    2.69200    0.94100    0.00000    5.43300
   0.00000   26.02000   32.89700    2.00000    1.85900    1.90800    0.91700    1.00000    5.31200
   0.00000    0.00000    0.00000    0.00000    4.33200    2.70000    0.75800    0.00000    5.40600
   2.00000  107.65000  178.91700    0.00000    4.21900    3.94500    1.07800    1.00000    5.03000
   4.00000  166.75000  250.10200    6.00000    1.63200    5.36900    1.14500    6.00000    4.27000
   0.00000   41.13000   61.16600    2.00000   -1.09500    1.72600    1.46300    2.00000    1.18800
   0.00000   26.02000   32.89700    2.00000    2.72900    1.97900    0.46200    1.00000    5.16000
   0.00000   77.76000  153.19500    3.00000    0.55900    2.13700    0.76700    0.00000    3.66900
   2.00000   74.60000  135.65700    2.00000   -0.45000    1.82300    1.07500    0.00000    2.76400
   0.00000   52.04000   65.79400    4.00000    0.89300    1.91800    0.73200    2.00000    4.26300
   0.00000   20.23000   42.68300    1.00000    0.34700    1.33400    0.96100    0.00000    2.57900
   0.00000    0.00000    0.00000    0.00000    2.08100    1.40100    0.50100    0.00000    3.48500
   0.00000    3.24000    3.12400    0.00000    4.48000    3.25800    1.31000    1.00000    5.72100
