  -0.32143   -0.08211   -0.55932   -0.60965    0.59586   -0.26368   -0.30404   -0.46633   -0.66188   -0.58604   -0.85093   -0.62162   -0.46535    0.10791    1.04920
  -0.60714   -0.55368    0.18644   -0.76088    0.50259   -0.59204   -0.28647   -0.56798   -0.83732   -0.71072   -0.75155   -0.70270   -0.31683   -0.09353    1.07450
   0.28571    0.47368    0.45763   -0.13346    0.60622   -0.23383    0.41652    0.23507   -0.06539   -0.29676    0.13043   -0.41892   -0.00000    0.30935    1.02070
  -0.14286    0.12000    0.52542   -0.60351    0.57513   -0.46269   -0.31107   -0.48412   -0.64274   -0.62594   -0.40373    0.97297   -0.24752   -0.03597    1.03860
  -0.42857   -0.06947   -0.28814   -0.74249    0.64767   -0.59204   -0.58524   -0.58577   -0.62041   -0.58604   -0.66460   -0.60811   -0.54455   -0.19425    1.04840
  -0.10714   -0.56632   -0.96610   -0.43061    0.98964   -0.31343   -0.39192   -0.59593   -0.44179   -0.40648   -0.42857   -0.44595   -0.30693    0.25180    1.07540
   0.39286   -0.45263   -0.62712   -0.46250    0.62694   -0.04478   -0.31107   -0.42313   -0.40989   -0.16210   -0.46584   -0.40541   -0.13861    0.38129    1.06900
   0.21429   -0.50737   -0.96610   -0.34805    0.82383    0.09453   -0.28647   -0.51207   -0.39075   -0.20698    0.08075   -0.20270    0.06931    0.29496    1.07220
  -0.17857   -0.17053   -0.28814   -0.57286    0.61658   -0.39303   -0.40246   -0.46124   -0.54386   -0.26683   -0.37888   -0.56757   -0.15842    0.03597    1.05380
  -0.14286   -0.30526   -0.62712   -0.23769    0.82383   -0.11443   -0.05448   -0.20966   -0.23445   -0.07232   -0.05590   -0.33784    0.21782    0.30935    1.06100
   0.57143    0.09895    0.35593   -0.20294    0.81347    0.02488    0.15993   -0.10038   -0.42265   -0.28180   -0.01863   -0.45946    0.12871    0.55396    1.03960
  -0.50000   -0.72210   -0.38983   -0.83037    0.63731   -0.68159   -0.65202   -0.78399   -0.80861   -0.79052   -0.76397   -0.74324   -0.81188   -0.26619    1.08400
   0.21429   -0.27158   -0.28814   -0.38279    0.90674   -0.26368    0.08260   -0.50953   -0.45454   -0.48628   -0.13043   -0.22973    0.01980    0.39568    1.05930
   0.17857    0.29263    0.08475   -0.38892    0.68912   -0.31343   -0.00527   -0.16137   -0.54067   -0.31172   -0.20497   -0.39189   -0.21782    0.28058    1.02980
  -0.89286   -0.67579   -0.42373   -0.94482    0.59586   -0.96020   -0.79613   -0.83227   -0.89793   -0.86035   -0.78882   -0.74324   -0.87129   -0.69784    1.08140
  -0.03571   -0.53684    0.62712   -0.87125    0.55440   -0.62189   -0.65202   -0.63914   -0.87879   -0.88030   -0.77640   -0.67568   -0.92079   -0.32374    1.07360
  -0.32143    0.20842   -0.93220   -0.46250    0.73057   -0.67164   -0.36731   -0.22236   -0.46092   -0.20200    0.14286   -0.33784   -0.26733   -0.03597    1.03400
   0.03571    0.26316    0.11864   -0.46863    0.57513   -0.02488   -0.16696   -0.21474   -0.38756   -0.12219   -0.10559   -0.51351   -0.00990    0.30935    1.03130
  -0.35714   -0.23789   -0.08475   -0.56468    0.74093   -0.56219   -0.34974   -0.47395   -0.65550   -0.51122   -0.29192   -0.44595   -0.73267   -0.20863    1.05750
   0.07143   -0.13684   -0.35593   -0.31535    0.78238   -0.03483    0.05097   -0.27319   -0.46411   -0.22194    0.03106   -0.22973    0.16832    0.64029    1.05200
  -0.03571   -0.36000    0.55932   -0.69753    0.64767   -0.48259   -0.36380   -0.62135   -0.70016   -0.64589   -0.44099   -0.52703   -0.56436   -0.09353    1.06410
  -0.10714    0.25474    0.15254   -0.50746    0.61658   -0.55224   -0.17047   -0.35705   -0.49601   -0.31671   -0.37888   -0.59459   -0.23762    0.26619    1.03170
   0.28571   -0.11579   -0.83051   -0.33170    0.82383   -0.29353   -0.23374   -0.21982   -0.36204   -0.25686   -0.13043   -0.21622   -0.11881    0.17986    1.05100
  -0.28571   -0.51579    0.08475   -0.64643    0.57513   -0.37313   -0.47627   -0.53748   -0.66188   -0.37656   -0.10559   -0.41892   -0.69307   -0.13669    1.07260
  -0.07143    0.06105    0.11864   -0.34600    0.85492   -0.28358   -0.08612   -0.30623   -0.31101   -0.16210    0.19255   -0.41892   -0.16832    0.29496    1.04180
  -0.21429    0.23368    0.69491   -0.44206    0.51295   -0.22388    0.11775    0.06989   -0.46731   -0.34663   -0.46584   -0.67568   -0.35644   -0.10791    1.03280
   0.00000   -0.10737   -0.08475   -0.34600    0.82383   -0.10448   -0.04394   -0.34943   -0.46731   -0.41147   -0.20497   -0.56757   -0.26733    0.43885    1.05060
   0.07143   -0.00632   -0.28814   -0.57286    0.57513   -0.37313   -0.14236   -0.48412   -0.70654   -0.43641   -0.25466   -0.32432   -0.10891    0.12230    1.04620
  -0.60714   -0.43158    0.11864   -0.94686    0.43005   -0.79104   -0.70474   -0.83227   -0.88517   -0.81546   -0.70186   -1.00000   -0.55446   -0.32374    1.06800
  -0.17857   -0.12421   -0.38983   -0.39710    0.81347   -0.13433   -0.13533   -0.38755   -0.53748   -0.27681   -0.25466   -0.63514   -0.15842    0.23741    1.05150
  -0.21429   -0.23789   -0.25424   -0.43593    0.77202   -0.31343   -0.20914   -0.54002   -0.48963   -0.43641   -0.22981   -0.27027   -0.27723    0.09353    1.05750
  -0.03571    0.22105    0.52542   -0.33783    0.61658   -0.04478    0.37083   -0.06734   -0.47049   -0.45137   -0.27950   -0.32432   -0.27723    0.19425    1.03340
  -0.03571   -0.73474   -0.08475   -0.72001    0.82383   -0.60199   -0.50791   -0.74079   -0.78947   -0.73067   -0.42857   -0.52703    0.35644   -0.07914    1.08480
  -0.03571    0.02737   -0.35593   -0.45637    0.60622   -0.31343   -0.15290   -0.19187   -0.42265   -0.28678   -0.08075   -0.48649   -0.14852    0.17986    1.04340
  -0.07143   -0.19579   -0.79661   -0.50542    0.59586   -0.20398   -0.15641   -0.32656   -0.36523   -0.18703   -0.37888   -0.59459   -0.23762    0.33813    1.05510
  -0.60714   -0.47368   -0.72881   -0.85285    0.62694   -0.52239   -0.66960   -0.81703   -0.84689   -0.85536   -0.77640   -0.63514   -0.78218    1.00000    1.07040
   0.35714   -0.17474   -0.86441    0.00756    0.86529    0.06468    0.01933   -0.14867   -0.06220    0.28180    0.30435   -0.18919    0.35644    0.84173    1.05420
  -0.75000   -0.28421    0.45763   -0.92643    0.50259   -0.64179   -0.51845   -0.73825   -0.91707   -0.82544   -0.95031   -0.86486   -0.63366   -0.45324    1.05990
   0.17857    0.04842   -0.18644   -0.39505    0.75129   -0.31343   -0.04042   -0.28590   -0.50239   -0.41646   -0.06832   -0.27027   -0.15842    0.23741    1.04240
  -0.75000   -0.36421   -0.59322   -0.82424    0.69948   -0.51244   -0.65202   -0.64422   -0.85327   -0.74065   -0.67702   -0.82432   -0.65346   -0.25180    1.06440
   0.14286   -0.32211    0.18644   -0.47885    0.75129   -0.17413   -0.15290   -0.30623   -0.49920   -0.39651   -0.30435   -0.50000   -0.30693    0.16547    1.06200
  -0.14286    0.32632    0.08475   -0.31331    0.70984   -0.06468    0.26889   -0.08767   -0.61723   -0.40648   -0.37888   -0.54054   -0.32673    0.12230    1.02800
  -0.46429   -0.45684    0.11864   -0.68731    0.74093   -0.48259   -0.46924   -0.61372   -0.70335   -0.80050   -0.45342   -0.66216   -0.75248   -0.12230    1.06930
   0.39286    0.36000   -0.35593    0.05252    0.82383    0.09453    0.32513    0.17408   -0.00797    0.19701    0.27950   -0.02703    0.23762    0.53957    1.02630
  -0.50000    0.14526   -0.32203   -0.51768    0.62694   -0.22388   -0.31810   -0.42313   -0.56938   -0.32668   -0.52795   -0.58108   -0.10891    0.33813    1.03730
  -0.35714   -0.32632   -0.15254   -0.73023    0.54404   -0.42289   -0.48330   -0.57560   -0.67464   -0.45636   -0.56522   -0.59459   -0.42574   -0.06475    1.06230
   0.32143    0.28000    0.49152   -0.05375    0.76166    0.02488    0.42004    0.00635   -0.23126   -0.17706    0.16770   -0.25676    0.06931    0.39568    1.03040
   0.39286   -0.06105   -0.08475   -0.36031    0.83420   -0.04478   -0.14938   -0.33672   -0.47049   -0.40648   -0.15528   -0.14865   -0.38614    0.33813    1.04800
  -0.42857   -0.10316   -0.32203   -0.63621    0.68912   -0.58209   -0.50088   -0.48666   -0.52791   -0.28678   -0.40373   -0.62162   -0.41584   -0.05036    1.05030
  -0.32143   -0.59579   -0.15254   -0.65665    0.68912   -0.51244   -0.27944   -0.63151   -0.78309   -0.71072   -0.60248   -0.54054   -0.34653   -0.06475    1.07710
   0.07143   -0.50316   -0.83051   -0.59534    0.73057   -0.30348   -0.51845   -0.75349   -0.69697   -0.49626   -0.60248   -0.27027   -0.58416    0.29496    1.07190
  -0.10714   -0.47789    0.42373   -0.69957    0.65803   -0.32338   -0.42004   -0.65947   -0.69697   -0.30175   -0.24224   -0.56757   -0.50495    0.13669    1.07050
  -0.35714    0.12421    0.22034   -0.64643    0.56477   -0.60199   -0.45167   -0.35197   -0.51515   -0.52120   -0.63975   -0.74324   -0.70297   -0.26619    1.03840
   0.17857   -0.22947    0.01695   -0.30717    0.85492    0.08458    0.07909   -0.18170   -0.49920   -0.57107   -0.29192   -0.41892    0.01980    0.23741    1.05690
  -0.53571   -0.36842    0.05085   -0.70570    0.64767   -0.35323   -0.48682   -0.50953   -0.69697   -0.67581   -0.60248   -0.60811   -0.63366   -0.32374    1.06460
  -0.35714   -0.54526   -0.15254   -0.66278    0.70984   -0.66169   -0.52197   -0.61881   -0.71292   -0.56110   -0.35404   -0.52703   -0.58416   -0.25180    1.07420
   0.14286    0.01895   -0.38983   -0.31535    0.67876   -0.26368   -0.04394   -0.19949   -0.32376   -0.18703   -0.14286   -0.52703    0.01980    0.38129    1.04380
  -0.35714   -0.41053   -0.79661   -0.73227    0.58549   -0.66169   -0.61687   -0.82465   -0.65550   -0.44140   -0.68944   -0.48649   -0.37624    0.00719    1.06680
   0.14286    0.32211    0.52542   -0.63008    0.58549   -0.27363   -0.35325   -0.32910   -0.61403   -0.62095   -0.35404   -0.37838   -0.54455   -0.10791    1.02830
   0.82143    0.34316    0.76271   -0.27243    0.67876   -0.03483    0.16345   -0.00635   -0.29506   -0.39651    0.14286   -0.25676   -0.11881    0.29496    1.02710
  -0.28571   -0.42737   -0.01695   -0.74862    0.66839   -0.63184   -0.52548   -0.70267   -0.63955   -0.67082   -0.56522   -0.67568   -0.35644   -0.23741    1.06780
  -0.25000   -0.76000   -0.76271   -0.65870    0.73057   -0.38309   -0.50088   -0.61626   -0.50239   -0.43641   -0.27950   -0.67568   -0.47525   -0.22302    1.08620
  -0.60714   -0.77684   -0.89830   -0.79358    0.78238   -0.59204   -0.54306   -0.81957   -0.77353   -0.76559   -0.66460   -0.60811   -0.90099   -0.39568    1.08730
  -0.25000   -0.00632   -0.15254   -0.35827    0.81347   -0.33333   -0.14587   -0.22745   -0.41946   -0.30175   -0.36646   -0.52703   -0.13861    0.09353    1.04520
   0.21429    0.03158    0.01695   -0.33987    0.75129   -0.17413   -0.03339   -0.22236   -0.36204   -0.16708   -0.22981   -0.48649    0.07921    0.35252    1.04330
   0.42857    0.09474    0.69491   -0.40936    0.69948   -0.22388    0.01933   -0.18933   -0.59171   -0.56110    0.06832   -0.51351   -0.43564    0.20863    1.03990
  -0.50000   -0.51579   -0.38983   -0.77723    0.56477   -0.56219   -0.43058   -0.63914   -0.78947   -0.65586   -0.60248   -0.63514   -0.34653    0.05036    1.07250
   0.07143   -0.23368   -0.25424   -0.49929    0.65803   -0.19403   -0.20562   -0.39517   -0.50239   -0.41646   -0.16770   -0.45946   -0.34653    0.06475    1.05730
  -0.57143    0.68842   -0.08475   -0.40119    0.47150   -0.27363    0.37786    0.11055   -0.08134   -0.26683   -0.34162   -0.62162   -0.28713    0.26619    1.01010
   0.07143   -0.24211   -0.28814   -0.61578    0.61658   -1.00000   -0.51494   -0.54511   -0.62998   -0.62594   -0.25466   -0.22973   -0.38614    0.20863    1.05780
   0.14286   -0.28421    0.15254   -0.59738    0.61658   -0.37313   -0.32162   -0.40025   -0.61723   -0.59102   -0.27950   -0.44595   -0.24752    0.25180    1.06010
  -0.25000   -0.01895    0.01695   -0.60351    0.58549   -0.36318   -0.17750   -0.45108   -0.55662   -0.50623   -0.54037   -0.56757   -0.32673   -0.06475    1.04590
  -0.57143   -0.14105   -0.11864   -0.54833    0.76166   -0.41294   -0.30404   -0.42567   -0.57576   -0.39651   -0.32919   -0.55405   -0.69307   -0.25180    1.05240
   1.00000    0.45263   -0.22034    0.17924    0.62694    0.20398    0.72232    0.44346    0.29506    0.26184   -0.18012    0.01351    0.14852    0.68345    1.02170
  -0.28571   -0.60421   -0.86441   -0.72410    0.63731   -0.57214   -0.52197   -0.79161   -0.72887   -0.51621   -0.63975   -0.82432   -0.32673    0.15108    1.07760
   0.10714   -0.04842    0.08475   -0.35009    0.76166   -0.12438   -0.00527   -0.22236   -0.53429   -0.50125   -0.37888   -0.60811    0.09901    0.32374    1.04730
   0.32143   -0.41474   -0.01695   -0.50542    0.76166   -0.01493   -0.30053   -0.47649   -0.63636   -0.52120   -0.27950   -0.43243   -0.14852    0.26619    1.06710
  -0.75000   -0.60421   -0.69491   -0.73227    0.77202   -0.61194   -0.48330   -0.70013   -0.79266   -0.73566   -0.55280   -0.74324   -0.78218   -0.23741    1.07750
   0.50000   -0.00632   -0.35593   -0.06601    0.85492    0.07463    0.34271    0.01398   -0.24083    0.02244    0.03106   -0.24324    0.22772    0.55396    1.04530
   0.03571   -0.41895    0.11864   -0.70366    0.74093   -0.42289   -0.43410   -0.56290   -0.78309   -0.64589   -0.70186   -0.67568   -0.20792   -0.07914    1.06730
  -0.25000   -0.52000   -0.35593   -0.71796    0.64767   -0.47264   -0.57469   -0.71537   -0.76714   -0.64589   -0.59006   -0.63514   -0.52475   -0.09353    1.07280
  -0.14286   -0.74316   -1.00000   -0.55242    0.77202   -0.26368   -0.49736   -0.65438   -0.56300   -0.42643   -0.46584   -0.41892   -0.43564    0.13669    1.08530
   0.46429   -0.28842   -0.42373   -0.04966    0.86529    0.16418    0.06151   -0.10800   -0.20574    0.11222    0.25466   -0.09459    0.41584    0.65468    1.06030
   0.14286   -0.21263   -0.05085   -0.37666    0.70984   -0.21393   -0.14236   -0.28336   -0.38756   -0.36160   -0.01863   -0.13513   -0.21782    0.29496    1.05610
  -0.14286   -0.25053   -0.18644   -0.68935    0.60622   -0.52239   -0.44464   -0.52224   -0.75120   -0.62594   -0.46584   -0.62162   -0.32673   -0.06475    1.05820
  -0.82143   -0.42737   -0.22034   -0.85898    0.61658   -0.83085   -0.54306   -0.64422   -0.82775   -0.76060   -0.65217   -0.79730   -0.60396   -0.35252    1.06780
  -0.21429   -0.35158    0.22034   -0.53403    0.74093   -0.31343   -0.26538   -0.52478   -0.59171   -0.50623   -0.26708   -0.39189   -0.39604    0.23741    1.06360
   0.21429    0.17895    0.35593   -0.32352    0.65803   -0.06468    0.13181   -0.11563   -0.33652   -0.27182   -0.15528   -0.51351    0.27723    0.42446    1.03560
  -0.17857   -0.62947    0.18644   -0.64030    0.65803   -0.24378   -0.56766   -0.76112   -0.70335   -0.52619   -0.16770   -0.31081   -0.46535    0.17986    1.07900
   0.03571   -0.14105   -0.08475   -0.22951    0.88601   -0.03483   -0.10721   -0.05464   -0.27592   -0.03741    0.18012   -0.27027    0.05941    0.26619    1.05220
  -0.10714    0.08632    0.28814   -0.67913    0.57513   -0.07463   -0.37083   -0.39263   -0.71292   -0.64589   -0.66460   -0.74324   -0.35644    0.10791    1.04030
  -0.28571   -0.28842   -0.52542   -0.52790    0.74093   -0.24378   -0.33568   -0.46887   -0.52472   -0.40150   -0.41615   -0.67568   -0.24752    0.06475    1.06030
  -0.53571   -0.08211   -0.42373   -0.60556    0.70984   -0.41294   -0.52197   -0.57560   -0.66188   -0.42145   -0.61491   -0.55405   -0.21782    0.05036    1.04910
  -0.10714   -0.06526   -0.15254   -0.35827    0.76166   -0.11443   -0.00879   -0.37484   -0.40351   -0.22693   -0.25466   -0.56757    0.03960    0.42446    1.04840
  -0.60714   -0.12000   -0.55932   -0.63826    0.51295   -0.47264   -0.30404   -0.40534   -0.54705   -0.20698   -0.29192   -0.64865   -0.37624   -0.22302    1.05120
  -0.14286   -0.82737   -0.89830   -0.40732    0.84456   -0.30348   -0.24077   -0.66709   -0.52472   -0.21696   -0.34162   -0.36486    0.09901    0.45324    1.09000
  -0.03571    0.03579    0.32203   -0.49929    0.50259   -0.27363   -0.10369   -0.26556   -0.53429   -0.33167   -0.41615   -0.48649   -0.03960    0.23741    1.04300
  -0.32143   -0.26316   -0.38983   -0.57490    0.85492   -0.34328   -0.31107   -0.46633   -0.66507   -0.59102   -0.26708   -0.55405   -0.43564    0.13669    1.05870
   0.03571   -0.33053   -0.32203   -0.38688    0.69948   -0.04478   -0.10018   -0.37230   -0.43541   -0.33167   -0.30435   -0.24324   -0.08911    0.30935    1.06240
   0.00000   -0.68421   -0.01695   -0.70570    0.67876   -0.42289   -0.50791   -0.69250   -0.70016   -0.62594   -0.25466   -0.52703   -0.73267   -0.29496    1.08190
  -0.07143   -0.49895   -0.66102   -0.48089    0.83420   -0.24378   -0.25483   -0.50953   -0.52791   -0.48628   -0.29192    1.00000   -0.23762   -0.03597    1.07160
   0.03571   -0.10316   -0.35593   -0.18251    0.72021   -0.13433    0.13884   -0.20966   -0.25678   -0.00748    0.39130   -0.17568    0.25743    0.51079    1.05020
  -0.46429   -0.54526   -0.38983   -0.87738    0.57513   -0.75124   -0.68717   -0.89072   -0.88836   -0.69576   -0.81366   -0.54054   -0.69307   -0.25180    1.07420
   0.10714    0.14526   -0.08475   -0.20090    0.86529   -0.09453    0.27592   -0.12071   -0.23445   -0.17706   -0.09317   -0.44595    0.18812    0.43885    1.03730
   0.03571    0.20842   -0.28814   -0.32966    0.74093   -0.32338   -0.01933   -0.14358   -0.34609    0.07731   -0.34162   -0.37838   -0.27723    0.13669    1.03400
  -0.03571   -0.59579   -0.45763   -0.42571    0.81347   -0.36318   -0.30404   -0.43583   -0.44498   -0.33167   -0.20497   -0.48649   -0.32673    0.30935    1.07700
  -0.10714   -0.22105    0.32203   -0.75679    0.57513   -0.51244   -0.56766   -0.68488   -0.68740   -0.63591   -0.50311   -0.68919   -0.55446   -0.13669    1.06660
  -0.39286    0.12421   -0.11864   -0.53607    0.75129   -0.31343   -0.24780   -0.41550   -0.60128   -0.39651   -0.36646   -0.63514   -0.30693   -0.09353    1.03840
   0.42857   -0.14526   -0.55932   -0.13141    0.77202    0.27363    0.01582   -0.21220   -0.30462   -0.19701    0.08075   -0.25676    0.22772    0.74101    1.05250
   0.00000   -0.48632   -0.28814   -0.51155    0.68912   -0.33333   -0.17750   -0.49682   -0.54705   -0.35162   -0.22981   -0.36486   -0.31683    0.06475    1.07090
  -0.46429   -0.29684   -0.38983   -0.67709    0.64767   -0.48259   -0.37786   -0.56290   -0.75758   -0.56609   -0.59006   -0.59459   -0.50495   -0.23741    1.06070
  -0.32143   -0.87368   -0.55932   -0.72410    0.58549   -0.41294   -0.54657   -0.68234   -0.75120   -0.62594   -0.60248   -0.59459   -0.44554   -0.07914    1.09260
  -0.53571   -0.04421   -0.38983   -0.56877    0.69948   -0.48259   -0.46221   -0.46887   -0.55024   -0.34663   -0.31677   -0.47297   -0.36634    0.06475    1.04720
  -0.03571   -0.72210   -0.32203   -0.60147    0.79275   -0.35323   -0.48330   -0.78145   -0.55343   -0.48628   -0.13043   -0.54054   -0.42574    0.29496    1.08410
  -0.17857   -0.15368   -0.11864   -0.51972    0.79275   -0.43284   -0.41301   -0.47649   -0.53110   -0.42145   -0.32919   -0.50000   -0.49505    0.00719    1.05290
   0.14286   -0.20842    0.49152   -0.56877    0.64767   -0.37313   -0.17750   -0.25794   -0.51515   -0.53616   -0.21739   -0.51351   -0.45545    0.10791    1.05600
   0.35714    0.09474    0.08475   -0.08849    0.77202    0.13433    0.42706    0.04193   -0.34609   -0.15212    0.20497    0.06757    0.34653    0.58273    1.03990
  -1.00000   -0.47368    0.11864   -0.93460    0.54404   -0.77114   -0.66608   -0.77637   -0.92025   -0.82045   -1.00000   -0.91892   -0.95050   -0.85611    1.07030
  -0.03571    0.04000   -0.32203   -0.13141    0.87565   -0.26368   -0.03691   -0.07751   -0.14514   -0.09726    0.27950   -0.06757   -0.11881    0.28058    1.04290
   0.14286    0.04421    0.35593   -0.40323    0.77202   -0.05473   -0.13181   -0.26811   -0.48644   -0.39651   -0.09317   -0.47297   -0.22772    0.07914    1.04240
  -0.17857    0.02737   -0.35593   -0.59330    0.65803   -0.46269   -0.32865   -0.54765   -0.57257   -0.56110   -0.51553   -0.47297   -0.08911    0.26619    1.04350
  -0.32143   -0.37263   -0.32203   -0.61782    0.66839   -0.28358   -0.40597   -0.55273   -0.59171   -0.49127   -0.51553   -0.58108   -0.32673   -0.02158    1.06480
  -0.17857   -0.18737   -0.28814   -0.33170    0.82383   -0.25373   -0.08963   -0.15121   -0.40670   -0.30175   -0.21739   -0.40541   -0.43564    0.07914    1.05470
