   1.96900    1.94500    0.88900    0.83500    0.00000    0.00000    3.92700
   2.11000    3.26000    0.40500    1.15100    1.00000    0.00000    3.83500
   1.06400    2.80200    0.22300    1.60000    0.00000    1.00000    1.74800
   3.55700    4.22300    0.63800    1.11700    0.00000    1.00000    8.16900
   2.50200    3.86000    0.22300    1.42900    0.00000    0.00000    3.91900
   1.67200    1.81800    0.49900    1.46800    1.00000    0.00000    3.54600
   1.75900    3.56700    0.71100    1.50100    1.00000    3.00000    4.04300
   2.72900    1.96200    0.93400    0.81900    0.00000    0.00000    4.29600
   0.58600    2.42900    0.40500    1.92700    0.00000    1.00000    2.58300
   3.94800    3.24900    2.07100    1.32700    0.00000    0.00000    6.44600
   3.25900    3.25000    0.00000    0.95000    0.00000    0.00000    3.92600
   1.74800    2.47900    0.88700    0.95400    0.00000    0.00000    4.25700
   2.81300    3.53200    0.13400    1.51800    0.00000    0.00000    3.95900
   2.63700    3.01200    0.22300    0.76000    0.00000    0.00000    4.62000
   1.06400    2.80200    0.22300    1.60000    1.00000    0.00000    3.93700
   3.84200    3.16000    1.02800    0.80900    0.00000    0.00000    5.93900
   3.85400    3.78000    0.00000    1.18200    0.00000    0.00000    4.93800
   2.20000    1.27900    1.32700    1.28400    0.00000    0.00000    4.69700
  -1.16900    2.70700    0.97200    1.88900    0.00000    3.00000    2.97600
   1.52200    2.88800    0.40500    1.47200    1.00000    2.00000    5.10500
   1.44200    3.08000    0.22300    1.58300    1.00000    0.00000    3.72700
   0.80000    2.74800    0.22300    2.04800    0.00000    0.00000    1.46200
   0.65500    2.13700    0.22300    1.17900    0.00000    0.00000    3.77900
   1.70100    2.50800    0.58000    0.94100    0.00000    0.00000    3.48300
   1.57000    3.42100    0.58000    1.70000    0.00000    1.00000    5.02900
   3.18600    3.74000    0.13400    1.58100    0.00000    0.00000    4.39600
   2.95700    2.75500    0.83000    1.65600    0.00000    0.00000    3.74600
   1.45900    3.43200    0.63800    1.38500    0.00000    1.00000    5.33900
   1.39500    2.21500    0.88700    0.88800    0.00000    0.00000    4.08400
   2.22600    1.43900    1.07900    1.86700    0.00000    0.00000    3.40200
   1.61900    3.08000    0.40500    1.60900    0.00000    2.00000    3.52800
   0.99600    1.00000    1.15000    0.96800    0.00000    1.00000    3.49900
   2.35200    3.04600    0.00000    1.33300    0.00000    2.00000    4.07500
  -0.47300    2.42900    0.40500    1.95400    0.00000    0.00000    0.93100
  -0.17200    2.16500    0.13400    1.91200    0.00000    0.00000    2.30000
   2.67900    3.13000    0.42900    0.88000    0.00000    0.00000    5.22900
   1.70100    2.44800    0.63800    0.92100    0.00000    0.00000    3.51300
   0.80000    2.03400    0.64000    1.72700    0.00000    0.00000    2.58600
   4.04400    3.82200    0.00000    1.12500    1.00000    0.00000    5.51000
   1.58700    3.27700    0.22300    1.86900    0.00000    0.00000    2.08500
   3.61700    1.96200    1.34500    0.78300    0.00000    0.00000    5.75200
   3.47800    2.12600    0.83000    0.89900    0.00000    0.00000    4.55200
   0.96700    3.02900    0.33100    2.13000    0.00000    1.00000    1.88500
   1.74800    2.47900    0.88700    0.95400    0.00000    0.00000    5.34100
   6.51500    3.46500    2.17100    0.88800    0.00000    0.00000    3.62300
   3.21000    2.62000    0.49900    0.99000    0.00000    0.00000    3.84000
   1.58000    2.96100    0.40500    1.38800    0.00000    0.00000    3.07000
   1.50600    2.38600    0.22300    0.85700    0.00000    0.00000    3.51300
   3.61800    4.05000    0.69300    1.38100    0.00000    2.00000    5.36700
  -0.91700    2.67000    0.49600    2.04700    0.00000    0.00000    1.84200
   1.34800    2.12500    0.63800    0.83100    0.00000    0.00000    2.93900
  -0.24100    2.33300    0.25100    2.32700    0.00000    0.00000    3.88400
   2.74900    4.78500    1.26300    1.47100    1.00000    4.00000    9.61200
   1.70100    2.50800    0.58000    0.94100    0.00000    0.00000    3.76600
   4.17700    4.21600    0.22300    1.24800    0.00000    0.00000    5.78000
   4.80400    4.71700    0.22300    1.28800    1.00000    1.00000    6.38400
   0.88800    2.50700    0.40500    1.65200    0.00000    2.00000    2.49500
   1.09900    2.49500    0.56000    0.83500    1.00000    0.00000    4.02300
   2.70200    3.09800    0.93000    1.07500    0.00000    0.00000    6.23600
   1.79500    3.13400    0.22300    1.31900    0.00000    0.00000    2.73900
  -0.14500    1.96500    0.40500    1.16900    1.00000    0.00000    3.66000
   1.85900    2.72800    0.22300    0.95300    0.00000    0.00000    3.89700
   3.29100    2.18900    1.58600    2.00000    0.00000    0.00000    5.24200
   2.61900    2.53600    0.76400    1.16500    0.00000    1.00000    4.19100
   3.18400    3.38000    0.87400    0.90300    0.00000    1.00000    5.27800
  -1.05300    2.33300    0.25100    1.94600    0.00000    0.00000    2.57600
   2.97400    3.33300    0.40500    0.96300    1.00000    0.00000    5.63000
   3.29100    3.60900    0.81100    1.20800    0.00000    0.00000    4.38000
   2.64600    2.74000    1.04000    1.60300    0.00000    1.00000    4.21500
   0.20200    2.03100    0.87200    1.47500    0.00000    1.00000    6.42400
   0.07600    2.50700    0.40500    1.50000    0.00000    2.00000    2.85100
  -0.38600    1.50000    0.40500    1.66900    0.00000    1.00000    2.66100
   2.29600    2.21600    0.67900    0.76400    0.00000    0.00000    3.55900
   1.39500    2.18300    0.93000    0.84600    0.00000    0.00000    4.22400
   0.49100    3.45900    1.47000    1.48300    0.00000    2.00000    4.48600
   3.08900    3.20000    1.53100    1.05900    0.00000    0.00000    6.16000
   2.24200    3.33200    0.13400    1.51900    0.00000    0.00000    3.55400
   2.27400    3.66900    0.22300    1.59900    0.00000    0.00000    3.66500
   3.88700    3.69000    0.22300    0.88300    0.00000    0.00000    6.64400
   4.05300    2.80300    1.50100    1.12400    0.00000    0.00000    5.38500
   2.54500    3.60100    0.22300    1.35000    3.00000    2.00000    4.32000
   2.64200    3.73400    0.22300    1.45000    2.00000    1.00000    3.84000
   3.56200    3.60500    0.00000    1.15000    0.00000    0.00000    4.51000
   0.02400    1.07500    1.16100    0.86500    0.00000    1.00000    5.38600
   0.15600    1.96100    0.13400    1.27000    0.00000    0.00000    2.50500
   2.24800    3.50900    0.85400    1.47800    0.00000    0.00000    2.83200
   1.06000    2.72600    0.49600    1.17900    0.00000    1.00000    2.26900
   1.85900    2.83400    0.13400    0.95000    0.00000    0.00000    3.47000
   0.78700    3.07300    0.69300    1.85100    0.00000    2.00000    4.01600
   3.46700    4.28500    0.13400    1.71000    0.00000    0.00000    5.38000
   3.81800    2.37400    1.16000    0.97900    0.00000    1.00000    5.04800
  -0.31600    2.24000    0.40500    1.20300    0.00000    0.00000    2.28600
   3.80600    4.03700    0.13400    1.56300    0.00000    0.00000    5.18000
   3.31500    3.17700    0.62900    0.87100    0.00000    0.00000    3.36500
   3.15700    2.08000    1.03300    0.90200    0.00000    0.00000    3.69300
   1.46700    2.34400    0.58200    1.59000    0.00000    0.00000    3.10900
   1.53300    2.82400    0.22300    1.05100    0.00000    0.00000    4.05000
   4.23500    4.36000    0.40500    1.22800    1.00000    2.00000    6.66500
   5.20700    2.58500    1.58600    0.91700    0.00000    0.00000    6.37900
   2.12700    2.21600    0.58200    0.83900    0.00000    0.00000    3.62000
   2.05600    2.19800    0.79800    0.79000    0.00000    1.00000    3.32800
   2.57500    3.87400    0.63800    1.35200    4.00000    1.00000    4.56100
  -0.46300    2.86200    1.03100    1.82800    0.00000    3.00000    4.51200
   2.35800    1.98300    1.71400    2.10500    0.00000    0.00000    5.06200
   2.04200    1.41700    0.89800    0.64800    0.00000    0.00000    4.42100
   4.23400    4.13700    0.22300    1.54200    0.00000    1.00000    5.19400
   1.86900    3.80200    0.40500    1.52700    1.00000    0.00000    3.70000
   1.02400    3.12600    0.69300    1.69000    2.00000    2.00000    4.28200
   2.60400    2.02400    0.97700    1.32800    0.00000    0.00000    5.05200
   1.31300    1.63400    0.71300    1.19000    0.00000    0.00000    2.78200
   2.37100    2.20600    1.30000    1.36000    0.00000    0.00000    4.73900
   1.78300    2.98200    0.49600    1.15100    0.00000    1.00000    3.66500
   2.23300    3.05000    0.40500    0.86800    1.00000    3.00000    6.19500
   5.20600    2.63900    1.46200    0.83000    0.00000    0.00000    5.98500
   1.85100    3.59100    0.58000    1.68500    0.00000    1.00000    4.11700
   3.03800    3.51400    0.00000    1.37500    2.00000    2.00000    4.46500
   2.51000    3.25200    0.22300    1.07700    0.00000    0.00000    4.09300
   0.45400    2.59400    0.25100    1.28700    0.00000    0.00000    1.74900
  -0.79200    1.83200    1.20900    1.36400    0.00000    0.00000    3.82800
   2.81300    3.46100    0.22300    1.12000    0.00000    0.00000    4.67200
  -0.11500    3.01400    0.56000    1.78100    0.00000    0.00000    0.89800
   1.12100    2.85700    0.97300    1.83800    0.00000    2.00000    5.31100
   1.33500    2.86600    0.22300    1.28800    2.00000    0.00000    3.41100
  -0.81600    2.03100    0.85400    2.59100    0.00000    0.00000    2.68900
   1.24600    2.88800    0.25100    0.94400    0.00000    0.00000    1.93500
   1.58700    3.36900    0.13400    1.61400    0.00000    0.00000    2.22600
   1.27100    3.06500    0.92300    1.31700    0.00000    0.00000    2.01500
   1.82100    2.47000    1.43700    1.34600    2.00000    2.00000    6.35100
   2.45500    3.16400    0.22300    0.90900    0.00000    0.00000    3.11200
   3.07600    2.68400    0.98800    1.22600    0.00000    1.00000    4.40400
   5.12400    2.93100    1.71000    0.93500    2.00000    2.00000    7.01700
   2.28800    3.67000    0.72800    2.11000    0.00000    3.00000    2.96400
   2.03100    3.17700    0.91800    1.91900    0.00000    0.00000    4.11600
   1.94000    2.71900    0.89100    2.29200    0.00000    0.00000    3.28900
   2.93100    3.05500    1.27300    1.13200    0.00000    0.00000    5.39300
   4.06600    3.89800    0.88700    1.45000    0.00000    0.00000    5.99900
   1.27200    3.40500    0.25100    1.56000    0.00000    0.00000    4.13200
   1.57900    3.38000    0.70200    1.52700    0.00000    1.00000    3.84100
   3.31100    3.27400    1.21400    1.01100    0.00000    0.00000    6.54000
   3.04800    3.91400    0.56000    1.63700    0.00000    1.00000    3.92600
   1.66700    2.47700    0.40500    0.87600    1.00000    0.00000    4.72500
   4.78900    3.72800    0.95600    1.17000    0.00000    0.00000    5.57400
   1.51400    2.08000    0.76400    0.78800    0.00000    0.00000    4.96100
   3.23700    3.05200    0.63800    0.90300    0.00000    0.00000    4.90600
   2.92200    3.24700    0.63800    0.88900    0.00000    1.00000    4.68000
   2.19300    3.10300    0.13400    1.52100    0.00000    0.00000    3.26700
   4.83300    4.14100    0.13400    1.22000    0.00000    0.00000    6.23300
   3.04500    2.62000    0.28800    0.83900    0.00000    0.00000    3.75300
  -0.05900    2.99300    0.81100    1.23200    0.00000    2.00000    5.39500
  -0.53400    2.37700    0.33100    1.73400    0.00000    0.00000    1.47400
   4.06300    2.08500    1.07900    0.89500    0.00000    0.00000    4.79000
   4.63400    2.12600    1.27800    0.89600    0.00000    0.00000    5.81500
   1.95300    2.21600    0.38900    0.79600    0.00000    0.00000    3.75100
   4.37900    4.23700    0.22300    1.56500    0.00000    0.00000    5.26800
   1.39500    2.21500    0.88700    0.88800    0.00000    0.00000    4.33000
   1.76900    2.21700    0.87200    0.87500    0.00000    0.00000    4.18200
   2.50200    3.92100    0.13400    1.78900    0.00000    0.00000    3.86100
   3.26700    3.73900    0.00000    1.25000    1.00000    2.00000    2.14900
   3.95300    4.00500    0.22300    1.54500    0.00000    1.00000    5.05500
   2.27400    3.74000    0.13400    1.58100    0.00000    0.00000    3.72100
   1.09700    3.35100    0.49600    1.46600    0.00000    0.00000    2.39200
   1.20900    3.03500    0.22300    1.66200    0.00000    0.00000    2.21700
   1.88200    3.52000    0.22300    1.59000    0.00000    0.00000    2.88300
   2.78200    3.26000    0.40500    0.92100    0.00000    0.00000    4.57800
   0.56200    2.54200    0.42900    1.89100    0.00000    0.00000    2.12000
   3.10500    3.64500    0.22300    1.15500    0.00000    0.00000    4.81000
  -0.52100    2.98300    0.49600    2.10600    0.00000    0.00000    1.68000
   3.29100    3.66900    0.48600    1.37400    0.00000    0.00000    3.70100
   2.84100    2.29700    0.76200    0.79800    0.00000    0.00000    3.55500
   2.24200    3.00300    0.13400    1.41300    0.00000    0.00000    2.64700
   2.35700    3.46100    0.22300    1.11100    0.00000    1.00000    3.39300
   1.74600    3.69100    0.71100    1.07300    0.00000    2.00000    5.47200
  -0.53400    2.37700    0.33100    2.11100    0.00000    0.00000    2.15600
   2.72600    3.69000    0.22300    1.06200    0.00000    0.00000    3.59900
   1.20900    3.14300    0.13400    1.64100    0.00000    0.00000    2.26400
   2.84100    2.29700    0.76200    0.79800    0.00000    0.00000    3.60800
   2.53800    3.34300    1.06800    0.92300    0.00000    0.00000    3.32700
   0.92200    2.77700    0.56000    1.12700    1.00000    0.00000    3.11800
   2.10200    2.82400    0.22300    1.00000    1.00000    0.00000    3.56000
   0.21500    3.81000    1.02500    1.05500    0.00000    2.00000    3.83800
   2.82100    3.62900    0.33100    1.47800    0.00000    1.00000    3.24000
   0.20200    0.96500    0.64000    1.69500    0.00000    1.00000    3.27200
   2.50200    3.73400    0.22300    1.42600    0.00000    0.00000    3.18000
   2.23900    2.37700    0.82700    0.93800    0.00000    0.00000    5.00500
   2.55300    2.37500    1.02600    1.09000    0.00000    1.00000    3.89500
   4.23000    3.75600    0.00000    0.96400    0.00000    0.00000    4.42500
   2.73600    1.96500    1.40800    0.70900    0.00000    0.00000    5.29000
   0.31400    3.02900    0.33100    1.84700    0.00000    0.00000    2.47400
   0.84600    2.51200    0.13400    1.29300    0.00000    0.00000    2.36400
   1.74800    2.47900    0.88700    0.95400    0.00000    0.00000    4.91200
   4.33200    4.53500    0.56000    1.13700    1.00000    2.00000    8.57100
   3.14800    3.47500    0.40500    0.87500    1.00000    2.00000    4.80300
   1.97100    3.54200    1.38000    1.26400    0.00000    0.00000    6.28400
   0.34700    2.39600    0.22300    1.77800    0.00000    0.00000    0.77800
   3.73700    3.07300    1.49300    1.27900    0.00000    0.00000    6.64500
   2.12900    3.52000    0.22300    1.56200    1.00000    0.00000    3.62900
   1.75000    3.02300    0.56000    1.16800    0.00000    1.00000    3.37900
   0.99600    2.75500    0.40500    1.84400    0.00000    1.00000    3.23100
   2.43700    4.62800    1.20900    1.96800    0.00000    0.00000    4.55100
   3.84200    2.89300    1.23600    0.90700    0.00000    0.00000    6.04700
   3.10900    1.84400    1.27500    0.80400    0.00000    0.00000    6.72000
   2.05200    2.97100    0.97200    1.25500    0.00000    2.00000    4.56500
   0.84600    2.51200    0.13400    1.29300    0.00000    0.00000    2.81100
   1.29700    3.35300    0.85400    1.94400    0.00000    0.00000    2.45100
   2.29400    3.02300    0.56000    1.16800    0.00000    1.00000    3.92400
   3.61700    2.01900    1.31700    0.77000    0.00000    0.00000    5.93000
   2.81300    3.46100    0.22300    1.12000    0.00000    0.00000    4.47000
   1.88700    2.08000    0.49600    0.85800    0.00000    0.00000    3.02200
   5.46900    3.03000    1.82100    1.02700    0.00000    2.00000    6.89700
   2.79900    1.97500    0.80200    0.77500    1.00000    0.00000    4.22700
   2.10200    2.82400    0.22300    1.00000    0.00000    1.00000    2.87000
   1.34800    2.12500    0.63800    0.83100    0.00000    0.00000    3.53100
   1.70100    2.50800    0.58000    0.94100    0.00000    0.00000    3.78900
   3.45100    3.40200    0.60400    1.51700    0.00000    0.00000    5.08600
   3.05100    3.33200    0.13400    0.90900    0.00000    0.00000    4.89100
   1.70100    2.50800    0.58000    0.94100    0.00000    0.00000    3.79900
   3.12400    3.25200    0.00000    1.41700    0.00000    0.00000    3.29900
   4.44900    3.69000    1.15900    1.29500    0.00000    2.00000    5.74900
   2.60400    3.21900    0.81100    1.12700    0.00000    0.00000    4.75900
   1.54800    2.92600    0.58200    1.93900    0.00000    0.00000    3.04600
  -0.56400    1.42900    0.22300    1.80400    0.00000    0.00000    2.72000
   2.71500    2.91400    0.79800    0.97500    0.00000    1.00000    4.10900
   3.61700    1.96200    1.34500    0.78300    0.00000    0.00000    5.34800
   2.59100    3.89600    0.13400    1.98400    0.00000    0.00000    3.45000
   2.12900    3.36100    0.22300    1.34200    0.00000    0.00000    5.48500
  -0.27300    2.03400    0.33100    2.67200    1.00000    0.00000    0.84100
   2.59000    3.42600    0.85000    1.79200    0.00000    0.00000    4.37700
   4.63400    2.12600    1.27800    0.89600    0.00000    0.00000    5.36100
   3.90900    3.70900    1.37100    1.47800    0.00000    1.00000    5.56800
   1.74800    2.47900    0.88700    0.95400    0.00000    0.00000    4.18100
   1.58700    2.87500    0.58200    2.31100    0.00000    0.00000    3.07500
   3.49200    3.83300    0.40500    1.52200    0.00000    1.00000    2.09200
   0.14300    2.12600    0.25100    1.11400    0.00000    0.00000    2.15700
   1.74800    2.47900    0.88700    0.95400    0.00000    0.00000    4.20800
   2.31400    3.92400    0.69300    1.70700    0.00000    2.00000    4.71300
   2.60400    3.21900    0.81100    1.15100    0.00000    0.00000    3.39700
   1.10700    3.02400    0.45200    2.69800    0.00000    0.00000    0.45000
   3.11000    1.73300    1.07700    0.81000    0.00000    0.00000    4.63000
   1.74800    2.47900    0.88700    0.95400    0.00000    0.00000    4.11900
   0.29100    2.21800    0.92300    1.07400    0.00000    0.00000    3.23700
   3.61700    1.96200    1.34500    0.78300    0.00000    0.00000    5.35200
   4.03800    4.02900    0.96500    1.72900    0.00000    0.00000    4.45100
  -0.43900    3.31500    0.91600    1.75300    0.00000    2.00000    2.50100
   4.09800    4.11400    0.22300    1.57100    0.00000    0.00000    5.21900
   1.06400    2.54400    0.22300    1.24500    0.00000    0.00000    1.40800
   3.90900    4.30500    0.22300    1.34800    3.00000    2.00000    5.19200
   1.44200    2.86600    0.22300    1.28800    0.00000    0.00000    1.90600
   2.29400    4.25500    1.69500    1.08700    0.00000    0.00000    4.47500
   3.57100    3.62900    0.22300    0.80200    0.00000    0.00000    4.26900
   4.37900    4.28500    0.13400    1.55100    0.00000    0.00000    6.25500
   2.68800    2.46900    0.58200    0.91300    0.00000    0.00000    4.00200
   1.61000    2.11000    0.58000    0.80500    0.00000    0.00000    3.39100
   4.45200    2.83600    1.86000    1.04600    0.00000    2.00000    8.20700
   2.81300    3.53200    0.13400    1.11000    0.00000    0.00000    4.16500
   1.70100    2.50800    0.58000    0.94100    0.00000    0.00000    3.24200
   1.80700    3.02700    0.33100    1.01100    0.00000    1.00000    3.00900
   1.51500    2.78100    0.71100    1.14700    0.00000    0.00000    3.84600
  -0.29400    4.06100    0.13400    1.65800    0.00000    0.00000    3.15100
   1.95000    3.44400    0.88000    1.46600    0.00000    3.00000    4.00400
   1.37300    3.02600    0.40500    1.78700    0.00000    1.00000    2.55100
   3.54600    4.27800    0.40500    1.34500    0.00000    0.00000    4.66800
   1.14100    3.13700    0.25100    1.33500    0.00000    0.00000    2.41200
   0.75700    3.52600    0.71100    1.59600    0.00000    3.00000    3.42300
   1.56500    3.64100    0.33100    1.93300    0.00000    1.00000    2.67000
   1.00200    3.24000    0.69300    1.48700    1.00000    0.00000    3.59800
   1.74200    3.63400    0.69300    1.74700    0.00000    2.00000    4.05100
   0.43000    2.81500    0.56000    1.58500    1.00000    1.00000    4.59000
   3.67700    3.39400    0.00000    0.86800    0.00000    0.00000    4.19900
   1.45300    3.26000    0.82900    1.67600    0.00000    1.00000    3.77000
   2.60400    3.27700    0.48600    1.34300    0.00000    0.00000    3.73600
   2.44600    3.55900    0.22300    1.36000    0.00000    0.00000    3.45800
   2.34300    1.88600    0.98800    0.76400    0.00000    0.00000    3.88900
   0.80000    2.87800    0.13400    1.68400    0.00000    0.00000    2.43600
   2.59000    3.17500    0.85900    2.09500    0.00000    0.00000    4.09500
   2.11600    1.96500    1.02800    0.76200    0.00000    0.00000    5.30300
   1.44200    3.08000    0.22300    1.58300    1.00000    0.00000    3.75700
   4.09800    4.16600    0.13400    1.55600    0.00000    0.00000    5.91200
   2.92700    2.92800    1.11300    1.18500    0.00000    1.00000    4.14100
   3.58700    3.38900    0.22300    0.84900    0.00000    1.00000    4.10800
   1.24600    2.09200    1.35900    2.27300    1.00000    1.00000    4.79600
   2.27400    3.66900    0.22300    1.77800    0.00000    0.00000    3.60400
   4.20700    3.32300    1.23200    1.13400    0.00000    0.00000    6.50000
   3.16700    3.67500    1.71800    1.24800    0.00000    0.00000    4.13600
   4.90700    4.53600    0.22300    1.29000    0.00000    0.00000    6.63400
   4.63900    4.53200    0.40500    1.18900    2.00000    2.00000    5.54100
   1.70100    2.50800    0.58000    0.94100    0.00000    0.00000    3.79900
  -0.52100    3.07900    0.42900    2.13500    0.00000    0.00000    1.30800
   2.64000    2.12200    1.62100    1.51100    0.00000    0.00000    5.67700
   2.20600    2.23300    0.46000    0.78900    1.00000    0.00000    4.96000
   4.43600    3.39000    0.93400    0.88900    0.00000    0.00000    5.26400
   4.45300    4.44300    0.25100    1.28700    4.00000    3.00000    6.48300
   2.85900    3.19100    0.22300    0.84700    0.00000    0.00000    4.96700
   3.38600    3.17900    0.00000    0.80500    0.00000    0.00000    4.32200
   1.57000    3.38000    0.63800    1.50600    0.00000    1.00000    4.38000
   2.42000    3.17100    0.13400    1.18900    1.00000    0.00000    3.56900
   1.59500    3.39300    1.29200    2.12200    0.00000    3.00000    3.47700
   2.18600    3.17100    0.13400    1.01100    0.00000    0.00000    3.98400
   6.20300    5.92600    0.13400    1.67100    0.00000    0.00000    4.62800
   4.26800    3.59300    1.23600    1.16600    0.00000    0.00000    7.60700
  -1.26500    1.78600    0.70200    1.08100    0.00000    0.00000    8.13200
   3.98300    3.65200    0.87200    0.86700    2.00000    3.00000    4.04000
   2.06000    3.46200    0.40500    1.71700    0.00000    1.00000    4.20800
   4.27900    3.82800    1.25900    0.96600    1.00000    2.00000    8.60400
   1.20900    3.14300    0.13400    1.64100    0.00000    0.00000    2.69200
  -0.38600    1.33300    0.75400    1.14800    0.00000    1.00000    3.48700
   2.90400    4.13500    0.58000    1.26300    1.00000    2.00000    5.53800
   1.29400    3.42600    0.69300    1.48800    0.00000    1.00000    3.02500
   2.94200    3.17900    0.00000    1.06300    0.00000    0.00000    4.09100
   2.89400    3.98000    0.22300    1.72300    0.00000    0.00000    4.70300
  -0.74100    2.33000    0.58000    1.77600    0.00000    2.00000    0.89000
   3.11800    5.15800    0.13400    1.79100    0.00000    0.00000    6.04000
   0.34700    2.56000    0.13400    1.75800    0.00000    0.00000    2.28300
   2.45900    2.12600    0.83000    1.45500    0.00000    1.00000    5.82000
   1.11900    1.81400    1.31600    1.07400    0.00000    1.00000    3.35000
  -0.45000    2.00000    0.69300    1.12800    2.00000    2.00000    4.36600
   3.22500    2.11100    1.47700    1.29800    0.00000    0.00000    5.73000
   2.97400    3.33300    0.40500    0.96300    1.00000    0.00000    4.63200
   2.11000    4.20500    1.51200    1.04600    0.00000    2.00000    5.00200
   0.15800    1.83100    1.18200    1.90100    0.00000    2.00000    1.23400
   2.50200    3.73400    0.22300    1.28200    0.00000    0.00000    3.38700
   0.14300    2.08600    0.33100    1.22100    1.00000    0.00000    3.81500
   3.46100    3.31100    0.56000    0.92700    0.00000    1.00000    5.27600
   2.12900    3.52000    0.22300    1.56200    0.00000    1.00000    3.44600
   2.95600    2.03100    0.89100    0.82200    0.00000    0.00000    4.42000
   2.12700    2.21600    0.58200    0.83900    0.00000    0.00000    3.97900
  -0.78600    1.25100    0.25100    1.12600    0.00000    0.00000    5.07200
   2.45900    1.66700    1.27800    1.50000    0.00000    2.00000    3.95500
   1.85900    2.83400    0.13400    1.23700    0.00000    0.00000    3.03000
   1.53300    3.10300    0.13400    1.34400    0.00000    0.00000    3.17400
   2.57300    2.63600    0.82700    0.99900    0.00000    0.00000    4.39300
   3.26700    3.46500    0.00000    0.96300    4.00000    0.00000    3.40700
   3.28900    3.64100    0.40500    1.53100    0.00000    1.00000    3.18200
   3.91300    4.12100    0.82900    1.55100    0.00000    1.00000    5.65300
   2.21700    3.81800    0.69300    1.62700    2.00000    2.00000    5.52200
  -1.96000    2.24200    1.09600    1.90700    0.00000    1.00000    3.39600
   3.15700    2.11000    1.15000    0.72000    1.00000    0.00000    5.51800
   2.23900    2.37700    0.82700    0.93800    0.00000    0.00000    3.91000
   2.42000    3.08700    0.22300    0.96000    1.00000    0.00000    3.97900
   3.79500    2.47700    0.83000    0.98300    0.00000    0.00000    4.54000
  -1.18600    2.53400    0.87200    1.61900    0.00000    0.00000    2.73200
  -1.30600    1.00000    0.40500    1.50000    2.00000    0.00000    2.38100
   1.94000    2.16000    1.16000    1.60700    0.00000    0.00000    3.13000
   1.18200    2.81800    0.88000    1.48800    0.00000    0.00000    3.72600
   3.61800    4.05000    0.69300    1.38100    0.00000    2.00000    5.66700
   0.40800    2.46200    0.22300    1.66900    0.00000    0.00000    1.52400
   1.39300    3.61100    0.33100    2.01700    0.00000    0.00000    2.85900
   2.05400    3.43600    1.22500    1.83900    0.00000    0.00000    5.08700
   1.43300    2.77700    0.56000    1.12700    1.00000    0.00000    4.76700
   2.55800    3.73800    1.13100    1.58400    1.00000    2.00000    4.42200
   1.61000    2.25100    0.63800    0.87100    1.00000    0.00000    4.41600
   3.45800    2.07700    1.23600    0.82900    0.00000    1.00000    4.42400
   2.95700    1.70100    1.44300    1.90500    0.00000    0.00000    4.44000
   3.39500    3.37800    0.13400    0.98800    0.00000    0.00000    4.65000
   3.29100    3.60900    0.81100    1.18900    0.00000    0.00000    5.11500
   1.59100    2.72800    0.22300    0.95300    0.00000    0.00000    2.37100
   2.02600    2.21900    0.60400    1.53700    0.00000    0.00000    3.26200
   3.65900    3.86700    0.00000    1.40000    2.00000    0.00000    5.67800
   2.10200    2.82400    0.22300    1.00000    1.00000    0.00000    3.36000
   1.37300    3.02600    0.40500    1.54800    0.00000    1.00000    2.84000
   0.40800    1.63600    0.64000    1.69500    0.00000    0.00000    3.86100
   1.74800    2.47900    0.88700    0.95400    0.00000    0.00000    4.45800
  -0.93700    3.15500    0.63800    2.12800    0.00000    0.00000    1.10200
   2.22400    3.58500    0.33100    1.49100    0.00000    0.00000    3.53000
   4.57000    4.82900    0.33100    1.52100    4.00000    4.00000    6.34700
   4.54800    4.46100    0.40500    1.13900    0.00000    1.00000    4.72700
   3.16000    3.64100    1.19200    1.48100    0.00000    1.00000    5.05200
   1.94000    3.56600    0.13400    1.59500    0.00000    0.00000    3.71900
   0.88300    2.12500    0.73000    1.53700    0.00000    0.00000    3.00700
   1.21000    3.03300    0.69300    1.31200    1.00000    0.00000    4.83200
   1.76900    2.51200    0.22300    0.92900    1.00000    0.00000    3.91900
   4.05400    3.79300    0.13400    0.93000    0.00000    0.00000    6.03800
   1.81700    1.50000    0.83000    1.89100    0.00000    0.00000    2.92000
   2.35100    3.03600    0.40500    1.20500    0.00000    1.00000    4.24700
   1.06400    2.80200    0.22300    1.60000    0.00000    1.00000    1.99900
   1.20900    3.03500    0.22300    1.94100    0.00000    0.00000    2.10700
   4.45200    3.05700    1.63600    0.99500    0.00000    2.00000    8.43300
   3.55800    2.46500    1.58600    1.00000    0.00000    4.00000    7.59100
   2.51000    3.25200    0.22300    1.07700    0.00000    0.00000    4.02000
   2.60400    1.92000    1.07900    1.73800    0.00000    0.00000    3.40800
   2.89900    2.81800    0.83000    1.38600    0.00000    0.00000    3.92000
   1.80100    2.82400    0.22300    1.05100    0.00000    0.00000    3.16800
   2.60800    2.91000    0.00000    1.00000    0.00000    0.00000    3.44700
   2.83700    3.64500    0.22300    1.15500    0.00000    0.00000    3.39300
   2.41900    2.60900    0.60400    1.52900    0.00000    0.00000    3.57200
   1.75600    3.11100    0.40500    1.05000    0.00000    2.00000    5.16900
   1.97400    2.73900    0.00000    1.30000    1.00000    1.00000    2.95300
   2.37000    2.23300    0.64000    0.92000    1.00000    0.00000    4.75000
   0.54800    1.96100    0.13400    1.21500    1.00000    0.00000    2.56700
   4.80400    3.38300    1.40800    0.89200    0.00000    0.00000    5.44000
   4.43100    3.73900    0.00000    1.16100    0.00000    0.00000    5.68000
   3.65900    2.35100    1.58600    1.25000    0.00000    4.00000    6.41600
   1.50100    2.23300    0.57000    0.88300    0.00000    0.00000    3.32500
  -1.05300    1.96800    0.33100    1.89100    0.00000    0.00000    1.47000
   1.40100    2.44200    1.21100    2.25400    0.00000    0.00000    4.30500
   1.94700    3.41000    0.22300    1.27800    1.00000    2.00000    2.73700
   0.99600    2.75500    0.40500    1.55900    0.00000    1.00000    3.12300
   5.93400    3.37600    1.27800    0.91500    0.00000    0.00000    4.86200
   2.77300    3.74900    0.33100    1.27800    0.00000    0.00000    4.77700
   3.56200    2.77800    0.83000    1.04600    0.00000    0.00000    6.65200
   1.74800    2.43900    0.93000    0.92400    0.00000    0.00000    5.00700
   0.94300    2.63400    0.22300    1.29800    0.00000    0.00000    3.13100
   1.29400    2.45600    0.33100    0.87500    0.00000    1.00000    2.26300
   0.77900    3.20000    0.71100    1.23500    0.00000    3.00000    2.68100
   2.00500    2.25200    1.07500    0.88500    0.00000    0.00000    5.30300
   3.66100    3.86000    0.22300    1.55000    0.00000    1.00000    4.51000
   1.13200    2.43000    0.49600    0.83000    1.00000    0.00000    4.62800
   3.56300    3.99300    0.22300    1.21400    1.00000    0.00000    4.61100
   2.72900    2.08000    0.89100    0.81600    0.00000    0.00000    4.98900
   1.20900    3.14300    0.13400    1.64100    0.00000    0.00000    2.48700
   3.51600    3.44100    0.00000    1.66700    0.00000    0.00000    4.53800
   2.19300    3.01200    0.22300    1.02300    0.00000    0.00000    3.92000
   0.20200    2.02600    0.22300    1.42900    1.00000    0.00000    5.25900
   2.35700    2.85700    1.42100    2.28200    0.00000    0.00000    4.29500
   2.22300    3.06700    1.28600    1.30900    0.00000    0.00000    5.31800
   0.08700    2.12600    0.25100    1.71900    0.00000    0.00000    2.45800
   3.61800    4.05000    0.69300    1.38100    0.00000    2.00000    5.49000
   4.09100    4.07300    0.69300    1.17100    0.00000    2.00000    5.22400
   0.65500    2.46200    0.22300    1.62500    1.00000    0.00000    3.65400
   2.68900    2.01900    1.31700    1.28800    0.00000    0.00000    4.36800
   4.75400    4.05700    1.03200    1.18300    1.00000    3.00000    8.20100
   0.82800    2.22200    0.71100    0.84900    0.00000    0.00000    3.64100
   0.47900    2.12600    0.40500    1.69000    1.00000    1.00000    3.57300
   2.08100    1.63900    0.83000    1.44500    2.00000    0.00000    5.05000
   3.34500    3.81400    0.33100    1.22500    0.00000    1.00000    3.69800
   0.60200    1.88300    0.71100    1.16200    0.00000    0.00000    2.92400
   0.58000    1.27900    0.81100    1.31300    0.00000    0.00000    2.92500
   5.36100    3.17400    1.58600    0.91000    2.00000    2.00000    7.38200
   0.78700    3.07300    0.69300    1.43800    0.00000    2.00000    1.05500
   4.73800    4.32400    0.00000    1.20500    0.00000    1.00000    4.30200
  -0.70300    2.03100    0.49600    1.95200    0.00000    1.00000    1.23100
   1.43700    2.80000    0.69300    1.09100    0.00000    1.00000    3.60300
   1.93600    4.26800    0.91600    1.19000    0.00000    2.00000    7.84900
   2.85100    3.00000    0.00000    0.93800    1.00000    0.00000    3.51300
   0.68000    1.63400    0.79800    1.09300    0.00000    0.00000    2.56900
   1.91900    2.86800    1.28600    1.29400    0.00000    0.00000    4.80900
   1.85900    2.83400    0.13400    0.95000    0.00000    0.00000    3.12000
   3.50300    3.89600    0.13400    1.57100    0.00000    0.00000    4.82200
   2.35200    3.04600    0.00000    1.33300    4.00000    0.00000    3.61400
   3.25900    3.40700    0.00000    1.11100    0.00000    0.00000    4.27900
   2.57600    3.78800    0.69300    1.36500    0.00000    2.00000    4.66400
   4.23400    4.08500    0.13400    1.48200    0.00000    0.00000    5.63000
   2.22600    2.02400    0.83000    1.76100    0.00000    0.00000    2.92800
   4.57900    4.03100    1.11300    1.10600    1.00000    2.00000    7.64000
   1.78300    2.98200    0.49600    1.15100    0.00000    1.00000    3.52200
