   0.00000    0.33300    0.33300    0.33300    0.00000    0.00000    0.78606
   0.16700    0.16700    0.16700    0.16700    0.16700    0.16700    0.69269
   0.33300    0.33300    0.00000    0.00000    0.33300    0.00000    0.47128
   0.00000    0.20000    0.20000    0.20000    0.20000    0.20000    0.68674
   0.25000    0.00000    0.25000    0.00000    0.25000    0.25000    0.53383
   0.00000    0.00000    0.00000    1.00000    0.00000    0.00000    0.69263
   0.00000    0.33300    0.33300    0.00000    0.00000    0.33300    0.56986
   0.00000    0.25000    0.00000    0.25000    0.25000    0.25000    0.59852
   0.25000    0.25000    0.00000    0.25000    0.00000    0.25000    0.59923
   0.25000    0.25000    0.25000    0.00000    0.00000    0.25000    0.64566
   0.33300    0.00000    0.00000    0.33300    0.33300    0.00000    0.61861
   0.20000    0.20000    0.20000    0.00000    0.20000    0.20000    0.59579
   0.50000    0.00000    0.00000    0.00000    0.50000    0.00000    0.34946
   0.33300    0.00000    0.33300    0.00000    0.33300    0.00000    0.61316
   0.00000    0.50000    0.00000    0.00000    0.50000    0.00000    0.58532
   0.33300    0.00000    0.00000    0.00000    0.33300    0.33300    0.29512
   1.00000    0.00000    0.00000    0.00000    0.00000    0.00000    0.20000
   0.50000    0.00000    0.00000    0.00000    0.00000    0.50000    0.31225
   0.00000    0.00000    0.33300    0.33300    0.33300    0.00000    0.74693
   0.25000    0.25000    0.00000    0.25000    0.25000    0.00000    0.60099
   0.25000    0.00000    0.00000    0.25000    0.25000    0.25000    0.52528
   0.00000    0.50000    0.00000    0.00000    0.00000    0.50000    0.53629
   0.00000    0.00000    0.33300    0.33300    0.00000    0.33300    0.56665
   0.00000    0.00000    0.25000    0.25000    0.25000    0.25000    0.59511
   0.33300    0.00000    0.33300    0.33300    0.00000    0.00000    0.75344
   0.20000    0.20000    0.20000    0.20000    0.00000    0.20000    0.68540
   0.25000    0.25000    0.25000    0.25000    0.00000    0.00000    0.71361
   0.00000    0.00000    0.50000    0.50000    0.00000    0.00000    0.75062
   0.00000    0.00000    1.00000    0.00000    0.00000    0.00000    0.54971
   0.50000    0.00000    0.00000    0.50000    0.00000    0.00000    0.52698
