   3.21000    2.62000    0.49900    0.99000    0.00000    0.00000    4.33000
   2.20000    1.27900    1.32700    1.28400    0.00000    0.00000    4.69700
   2.03100    3.17700    0.91800    1.91900    0.00000    0.00000    4.11600
   3.80600    4.03700    0.13400    1.56300    0.00000    0.00000    5.18000
   0.68000    1.63400    0.79800    1.09300    0.00000    0.00000    2.56900
   0.45400    2.85500    1.33100    1.32500    0.00000    2.00000    7.04500
   0.24200    2.56500    0.45200    1.52900    0.00000    0.00000    2.11500
  -0.93700    3.20100    0.69300    2.00400    0.00000    0.00000    0.33000
   3.47800    2.12600    0.83000    0.89900    0.00000    0.00000    4.26300
   0.45400    2.59400    0.25100    1.28700    0.00000    0.00000    1.74900
   2.12900    3.52000    0.22300    1.56200    1.00000    0.00000    3.62900
   1.18800    1.88300    0.91600    1.20700    0.00000    1.00000    1.15300
   1.84500    3.18800    1.18200    1.24400    0.00000    1.00000    5.01200
   2.35900    2.45400    1.07500    0.95100    0.00000    0.00000    4.96000
   2.34300    1.88600    0.98800    0.76400    0.00000    0.00000    3.88900
   2.03300    1.78300    0.57000    1.18700    1.00000    0.00000    6.06400
   1.39300    3.61100    0.33100    2.01700    0.00000    0.00000    2.85900
   2.95600    2.03100    0.89100    0.82200    0.00000    0.00000    4.42000
   1.85900    2.83400    0.13400    1.23700    0.00000    0.00000    3.03000
   1.44200    3.08000    0.22300    1.58300    1.00000    0.00000    3.72700
   3.34500    3.81400    0.33100    1.22500    0.00000    1.00000    3.69800
   2.22600    1.43900    1.07900    1.86700    0.00000    0.00000    3.40200
   4.06300    2.08500    1.07900    0.89500    0.00000    0.00000    4.89000
   2.60400    3.21900    0.81100    1.12700    0.00000    0.00000    4.75900
   2.27300    2.97100    0.85900    2.16200    0.00000    0.00000    4.49900
   2.72900    2.08000    0.89100    0.81600    0.00000    0.00000    4.41000
   0.40800    2.46200    0.22300    1.66900    0.00000    0.00000    1.52400
   5.25800    4.43600    0.76400    1.22700    0.00000    1.00000    5.41200
   1.75800    2.21700    0.65900    0.78800    0.00000    0.00000    3.72700
   2.62100    2.34800    0.76200    0.85000    0.00000    0.00000    3.76900
   0.56200    2.54200    0.42900    1.89100    0.00000    0.00000    2.12000
   2.72900    2.08000    0.89100    0.81600    0.00000    0.00000    4.98900
   1.75600    3.11100    0.40500    1.05000    0.00000    2.00000    5.16900
   0.43500    0.96500    0.73200    1.35900    0.00000    1.00000    3.48100
   1.59100    2.83400    0.13400    0.95000    0.00000    0.00000    3.02100
   3.56200    3.60500    0.00000    1.15000    0.00000    0.00000    4.82900
  -0.12800    2.36600    0.40500    2.60600    0.00000    0.00000    1.03700
   2.45500    3.16400    0.22300    0.90900    0.00000    0.00000    3.11200
   2.84100    2.29700    0.76200    0.79800    0.00000    0.00000    3.55500
   1.27100    3.06500    0.92300    1.31700    0.00000    0.00000    2.01500
  -0.17200    1.94600    0.22300    1.92900    0.00000    0.00000    0.53400
   1.85900    2.83400    0.13400    0.95000    0.00000    0.00000    2.82700
   2.85900    3.19100    0.22300    0.84700    0.00000    0.00000    4.96700
   4.43100    3.73900    0.00000    1.16100    0.00000    0.00000    5.68000
   3.57400    2.90000    1.27500    0.91300    0.00000    1.00000    6.56400
   2.60400    1.92000    1.07900    1.73800    0.00000    0.00000    3.40800
   1.50600    2.38600    0.22300    0.85700    0.00000    0.00000    3.51300
   0.88800    2.50700    0.40500    1.65200    1.00000    1.00000    4.60300
   3.18400    3.38000    0.87400    0.90300    0.00000    1.00000    5.27800
   1.39500    2.18300    0.93000    0.84600    0.00000    0.00000    3.66600
   1.88600    2.09400    0.82700    0.86000    0.00000    0.00000    5.39000
   1.00200    3.24000    0.69300    1.48700    1.00000    0.00000    3.59800
   2.11600    1.96500    1.02800    0.76200    0.00000    0.00000    5.30300
   1.58700    1.85500    1.06700    1.24400    0.00000    0.00000    3.48700
   1.29400    3.42600    0.69300    1.48800    0.00000    1.00000    3.02500
   0.91500    3.26100    0.33100    2.04700    0.00000    1.00000    4.18200
   1.70100    2.50800    0.58000    0.94100    0.00000    0.00000    3.34500
   3.67700    3.39400    0.00000    0.86800    0.00000    0.00000    4.19900
   2.42000    3.11000    0.00000    1.07900    2.00000    0.00000    3.97400
   1.85900    2.72800    0.22300    0.95300    0.00000    0.00000    3.75500
   1.89700    3.19800    0.40500    1.39900    0.00000    0.00000    3.87400
   2.97400    3.33300    0.40500    0.96300    1.00000    0.00000    5.63000
   3.61800    4.05000    0.69300    1.38100    0.00000    2.00000    5.36700
   0.80000    2.87800    0.13400    1.68400    0.00000    0.00000    2.42500
   1.43700    2.80000    0.69300    1.09100    0.00000    1.00000    3.60300
   4.57900    4.03100    1.11300    1.10600    1.00000    2.00000    7.64000
   4.19000    2.25100    1.50100    1.19700    0.00000    0.00000    5.63200
   3.30600    3.77600    0.40500    0.92000    0.00000    0.00000    4.69100
   1.07400    2.63200    0.42900    1.17600    0.00000    0.00000    2.97500
   1.29400    2.45600    0.33100    0.87500    0.00000    1.00000    2.26300
   0.13300    2.02400    0.40500    2.06500    0.00000    1.00000    2.26900
   4.75400    4.05700    1.03200    1.18300    1.00000    3.00000    8.20100
  -0.05900    2.99300    0.81100    1.23200    0.00000    2.00000    5.39500
   0.80000    2.03400    0.64000    1.72700    0.00000    0.00000    2.58600
   0.14300    2.12600    0.25100    1.11400    0.00000    0.00000    2.15700
   2.54500    3.60100    0.22300    1.35000    3.00000    2.00000    4.32000
   4.23400    4.13700    0.22300    1.54200    0.00000    1.00000    5.19400
   5.17600    3.97900    1.30600    1.40400    0.00000    1.00000    4.23900
   4.20700    3.32300    1.23200    1.13400    0.00000    0.00000    6.50000
   1.58600    3.38600    0.25100    1.22500    0.00000    0.00000    3.08600
   2.82100    3.62900    0.33100    1.47800    0.00000    1.00000    3.24000
  -0.53400    2.37700    0.33100    2.11100    0.00000    0.00000    2.15600
   1.33500    2.86600    0.22300    1.28800    2.00000    0.00000    3.41100
   1.31300    1.63400    0.71300    1.19000    0.00000    0.00000    2.05600
   0.60200    1.88300    0.71100    1.16200    0.00000    0.00000    2.92400
   1.80700    3.02700    0.33100    1.01100    0.00000    1.00000    3.00900
   2.50200    3.92100    0.13400    1.78900    0.00000    0.00000    3.86100
   2.20900    3.55700    0.33100    1.30100    2.00000    1.00000    4.71100
   3.08900    3.20000    1.53100    1.05900    0.00000    0.00000    6.16000
   4.20600    4.13900    0.49600    1.43000    0.00000    1.00000    5.76700
   0.15800    1.83100    1.18200    1.90100    0.00000    2.00000    1.23400
   1.94000    2.16000    1.16000    1.60700    0.00000    0.00000    3.13000
   3.16700    3.67500    1.71800    1.24800    0.00000    0.00000    4.13600
   1.20900    3.03500    0.22300    1.94100    0.00000    0.00000    2.10700
   2.06000    3.46200    0.40500    1.71700    0.00000    1.00000    4.20800
   1.11900    1.81400    1.31600    1.07400    0.00000    1.00000    3.35000
   3.24700    3.59900    0.70200    1.51400    2.00000    1.00000    6.18300
   1.51500    2.78100    0.71100    1.14700    0.00000    0.00000    3.84600
   0.99600    1.52300    1.02800    1.51200    0.00000    1.00000    2.69300
   3.06200    4.24700    0.58000    1.36000    2.00000    1.00000    5.06600
   2.51000    3.33200    0.13400    1.51900    0.00000    0.00000    3.41500
   4.63400    2.12600    1.27800    0.89600    0.00000    0.00000    5.36100
   0.89300    2.35900    0.40500    0.81400    0.00000    0.00000    3.31400
   4.45200    3.05700    1.63600    0.99500    0.00000    2.00000    8.43300
   2.10200    2.72800    0.13400    0.92300    0.00000    0.00000    3.42000
   2.06600    2.83400    0.13400    1.00900    0.00000    0.00000    3.44800
  -0.31600    2.24000    0.40500    1.20300    0.00000    0.00000    2.28600
   1.54800    2.92600    0.58200    1.93900    0.00000    0.00000    3.04600
   1.57000    3.42100    0.58000    1.70000    0.00000    1.00000    5.02900
  -0.06300    2.98000    0.25100    1.95900    0.00000    0.00000    1.65100
   4.54800    4.46100    0.40500    1.13900    0.00000    1.00000    4.72700
  -2.88400    3.00100    0.13400    2.92000    0.00000    0.00000    2.37500
   2.42900    2.21700    0.84500    0.79300    1.00000    0.00000    5.18900
   2.35200    3.04600    0.00000    1.33300    0.00000    2.00000    4.07500
   1.59100    2.72800    0.22300    0.95300    0.00000    0.00000    2.37100
   4.23400    4.08500    0.13400    1.48200    0.00000    0.00000    5.63000
   2.24200    3.33200    0.13400    1.29400    0.00000    0.00000    3.37400
   0.58600    2.43500    0.33100    1.53200    0.00000    1.00000    2.01400
   0.47900    2.12600    0.40500    1.69000    1.00000    1.00000    3.57300
   4.67300    3.59600    0.60400    1.51500    0.00000    0.00000    5.36300
   1.34800    2.12500    0.63800    0.83100    0.00000    0.00000    3.53100
   1.19900    2.83400    0.13400    1.32200    0.00000    0.00000    2.41300
   3.31500    3.55400    0.62900    0.94500    0.00000    0.00000    3.45900
   2.21200    2.02500    0.93200    0.85100    1.00000    0.00000    4.67200
   0.77900    3.20000    0.71100    1.23500    0.00000    3.00000    2.68100
   1.74800    2.43900    0.93000    0.92400    0.00000    0.00000    5.00700
   0.11300    2.42800    0.95600    2.60900    0.00000    0.00000    1.30100
   5.46900    3.03000    1.82100    1.02700    0.00000    2.00000    6.89700
   0.34700    2.56000    0.13400    1.75800    0.00000    0.00000    2.28300
   4.37900    4.28500    0.13400    1.55100    0.00000    0.00000    6.25500
   3.66100    3.86000    0.22300    1.55000    0.00000    1.00000    4.51000
   3.03800    3.51400    0.00000    1.37500    2.00000    2.00000    4.46500
   4.06800    3.11100    0.73200    0.92300    0.00000    0.00000    5.64300
   0.65200    2.95500    0.33100    1.31300    0.00000    0.00000    2.96100
  -0.81600    2.03100    0.85400    2.59100    0.00000    0.00000    2.68900
   4.57000    4.82900    0.33100    1.52100    4.00000    4.00000    6.34700
   2.72600    3.69000    0.22300    1.06200    0.00000    0.00000    3.59900
   1.61900    3.08000    0.40500    1.60900    0.00000    2.00000    3.52800
  -0.91700    2.67000    0.49600    2.04700    0.00000    0.00000    1.84200
   3.10900    1.84400    1.27500    0.80400    0.00000    0.00000    6.78400
  -0.38600    1.33300    0.75400    1.14800    0.00000    1.00000    3.48700
   2.74900    4.78500    1.26300    1.47100    1.00000    4.00000    9.61200
   1.14500    3.40700    1.54800    1.65300    0.00000    0.00000    6.25800
   4.43600    3.39000    0.93400    0.88900    0.00000    0.00000    5.26400
   3.01800    2.74400    0.49600    0.75300    0.00000    0.00000    4.28400
   2.51000    3.25200    0.22300    1.07700    0.00000    0.00000    4.22000
   1.86900    3.80200    0.40500    1.52700    1.00000    0.00000    3.70000
   1.11700    3.28200    0.56000    1.74900    0.00000    2.00000    3.75700
   2.79100    3.40100    0.73200    1.18500    0.00000    1.00000    3.52900
   0.02400    1.07500    1.16100    0.86500    0.00000    1.00000    5.38600
   1.11200    2.28300    1.07000    1.22300    0.00000    0.00000    4.27800
   2.51000    3.33200    0.13400    1.29400    0.00000    0.00000    3.43600
   4.17700    4.21600    0.22300    1.24800    0.00000    0.00000    5.78000
  -1.05300    1.96800    0.33100    1.89100    0.00000    0.00000    1.47000
   3.31500    3.17700    0.62900    0.87100    0.00000    0.00000    3.36500
   1.20900    3.14300    0.13400    1.64100    0.00000    0.00000    2.48700
   2.05000    3.57000    1.37400    2.25900    0.00000    0.00000    6.08300
   1.44200    3.08000    0.22300    1.58300    0.00000    1.00000    2.36900
   1.74800    2.47900    0.88700    0.95400    0.00000    0.00000    4.45800
   1.70100    2.50800    0.58000    0.94100    0.00000    0.00000    3.76600
   3.52200    4.31100    1.49600    0.96400    0.00000    0.00000    5.19000
   3.50800    2.92800    1.13100    0.90800    0.00000    2.00000    5.86000
   3.61700    2.01900    1.31700    0.77000    0.00000    0.00000    5.93000
   2.46100    2.45600    0.64000    0.93700    0.00000    0.00000    4.28600
   2.06000    3.46200    0.40500    1.71700    0.00000    1.00000    4.09700
   2.94200    3.17900    0.00000    1.06300    0.00000    0.00000    4.09100
   1.46700    2.21600    0.58200    1.28700    0.00000    0.00000    2.74000
   6.16600    3.33700    1.44300    0.91300    0.00000    0.00000    7.42900
  -0.47300    2.42900    0.40500    1.95400    0.00000    0.00000    0.93100
   3.45100    3.40200    0.60400    1.51700    0.00000    0.00000    5.08600
   3.42600    1.89200    1.44100    0.77600    0.00000    0.00000    6.08700
  -1.16900    2.81700    1.01200    1.52100    0.00000    3.00000    2.06900
   3.46700    4.28500    0.13400    1.71000    0.00000    0.00000    5.38000
  -0.45000    3.81500    1.82500    1.35100    0.00000    0.00000    4.69100
   2.12900    3.52000    0.22300    1.56200    0.00000    1.00000    3.44600
   3.25900    2.44200    0.93400    0.98400    0.00000    1.00000    4.20800
  -0.38600    1.50000    0.40500    1.66900    0.00000    1.00000    2.66100
   1.85900    2.72800    0.22300    0.95300    0.00000    0.00000    3.29000
   1.85100    3.59100    0.58000    1.68500    0.00000    1.00000    4.11700
   1.53300    2.82400    0.22300    1.05100    0.00000    0.00000    4.05000
   4.24600    4.21900    1.03300    0.96300    0.00000    1.00000    9.35400
   0.41100    2.12600    0.40500    0.91700    4.00000    2.00000    6.38000
   3.65900    2.35100    1.58600    1.25000    0.00000    4.00000    6.41600
   0.54800    1.96100    0.13400    1.21500    1.00000    0.00000    2.56700
  -0.14500    1.96500    0.40500    1.16900    1.00000    0.00000    3.66000
   0.58600    2.42900    0.40500    1.92700    0.00000    1.00000    2.58300
   0.80000    2.74800    0.22300    1.70500    0.00000    0.00000    1.58900
   0.82800    2.22200    0.71100    0.84900    0.00000    0.00000    3.64100
   0.34700    2.39600    0.22300    1.77800    0.00000    0.00000    0.77800
   2.89900    2.81800    0.83000    1.38600    0.00000    0.00000    3.92000
   0.96700    3.02900    0.33100    2.13000    0.00000    1.00000    1.88500
  -0.31700    1.12600    0.13400    1.43100    0.00000    0.00000    1.39900
   3.30500    3.38000    1.74900    1.13500    0.00000    1.00000    4.95100
   3.76400    1.92500    1.31800    0.59500    0.00000    0.00000    4.70500
   1.44200    3.08000    0.22300    1.58300    1.00000    0.00000    3.75700
   4.09100    4.07300    0.69300    1.17100    0.00000    2.00000    5.22400
   0.87400    2.59100    0.33100    1.62900    0.00000    0.00000    2.39500
   2.40200    3.45200    0.33100    1.47600    1.00000    0.00000    3.87000
   1.06400    2.80200    0.22300    1.60000    0.00000    1.00000    1.99900
   1.65400    3.37800    1.38000    1.25000    0.00000    0.00000    4.85400
   2.63700    3.01200    0.22300    0.76000    0.00000    0.00000    4.53800
   2.73600    1.96500    1.40800    0.70900    0.00000    0.00000    5.29000
   1.74800    2.47900    0.88700    0.95400    0.00000    0.00000    4.18100
   2.64600    1.88600    1.11500    0.65300    0.00000    0.00000    4.34200
   4.80400    3.00500    1.68300    0.77400    0.00000    0.00000    7.28700
   1.70100    2.50800    0.58000    0.94100    0.00000    0.00000    3.79900
   1.75000    3.02300    0.56000    1.16800    0.00000    1.00000    3.37900
   2.95700    1.70100    1.44300    1.90500    0.00000    0.00000    4.44000
   2.45900    2.12600    0.83000    1.45500    1.00000    0.00000    4.18400
   0.89300    2.35900    0.40500    0.81400    0.00000    0.00000    6.40000
   0.80000    2.03400    0.64000    1.72700    0.00000    0.00000    2.07200
   3.79500    2.47700    0.83000    0.98300    0.00000    0.00000    4.54000
   0.13300    2.03400    0.33100    1.56000    0.00000    1.00000    2.11700
   2.52600    2.71000    0.93000    0.72400    0.00000    0.00000    4.83800
   1.24600    2.09200    1.35900    2.27300    1.00000    1.00000    4.79600
   2.22600    2.02400    0.83000    1.76100    0.00000    0.00000    3.00700
  -0.41000    1.77400    0.42900    2.29900    0.00000    0.00000    1.89700
   1.56400    3.58800    0.25100    1.50600    0.00000    0.00000    3.57000
   1.80700    3.02700    0.33100    1.47200    1.00000    0.00000    3.51000
   1.53900    2.52800    0.58000    1.29700    0.00000    0.00000    3.02500
   4.63400    2.12600    1.27800    0.89600    0.00000    0.00000    5.81500
   1.96900    1.94500    0.88900    0.83500    0.00000    0.00000    3.92700
   3.61800    4.05000    0.69300    1.38100    0.00000    2.00000    5.49000
   2.04800    3.31400    0.33100    1.39700    3.00000    0.00000    4.47300
   5.12400    2.93100    1.71000    0.93500    2.00000    2.00000    7.01700
   2.60400    3.27700    0.48600    1.34300    0.00000    0.00000    3.73600
   1.70100    2.44800    0.63800    0.92100    0.00000    0.00000    3.51300
   1.68000    2.59400    0.25100    0.86100    0.00000    0.00000    3.11200
   0.08700    1.78300    0.33100    1.66700    0.00000    0.00000    1.77700
  -0.70300    2.03100    0.49600    1.95200    0.00000    1.00000    1.23100
   3.26700    3.73900    0.00000    1.25000    2.00000    2.00000    4.63800
  -0.79200    1.83200    1.20900    1.36400    0.00000    0.00000    3.82800
   3.79500    2.12600    0.97700    0.77100    0.00000    0.00000    5.28400
   1.45900    3.43200    0.63800    1.38500    0.00000    1.00000    5.33900
   3.10500    3.64500    0.22300    1.15500    0.00000    0.00000    4.81000
   1.44200    2.86600    0.22300    1.28800    0.00000    0.00000    1.90600
   0.48900    2.23800    1.51300    2.07800    0.00000    0.00000    4.51300
  -0.12900    3.19900    0.56000    2.03300    0.00000    0.00000    1.02000
   1.79500    3.13400    0.22300    1.31900    0.00000    0.00000    4.80400
   2.05200    2.97100    0.97200    1.25500    0.00000    2.00000    4.56500
   1.56900    3.52600    0.71100    1.58600    0.00000    3.00000    3.66000
   1.44200    3.08000    0.22300    1.58300    0.00000    1.00000    2.27100
   1.09900    2.49500    0.56000    0.83500    1.00000    0.00000    4.02300
   2.43300    2.30400    1.02800    1.12400    0.00000    0.00000    4.63500
   4.06600    3.89800    0.88700    1.45000    0.00000    0.00000    5.99900
   1.06400    2.54400    0.22300    1.24500    0.00000    0.00000    3.38000
   2.99800    3.95700    0.22300    1.26900    2.00000    3.00000    4.57700
   2.02100    3.36100    0.22300    1.43700    1.00000    2.00000    3.16800
   2.00500    2.25200    1.07500    0.88500    0.00000    0.00000    5.30300
   1.94000    3.48500    0.22300    1.61400    0.00000    0.00000    3.50700
   2.46300    2.06500    1.06200    0.85200    0.00000    0.00000    4.39900
   3.18600    3.66900    0.22300    1.59900    0.00000    0.00000    3.98400
   4.87800    3.81900    0.61500    0.86400    0.00000    0.00000    3.71500
   0.05700    2.44100    0.88000    1.54000    0.00000    2.00000    4.92000
   2.94200    3.17900    0.00000    1.06300    0.00000    0.00000    3.82200
   2.59000    3.42600    0.85000    1.79200    0.00000    0.00000    4.37700
   1.49000    2.77800    0.40500    1.17000    1.00000    0.00000    2.93000
   1.74800    2.47900    0.88700    0.95400    0.00000    0.00000    5.34100
  -0.11500    3.01400    0.56000    1.78100    0.00000    0.00000    0.89800
   2.41900    2.60900    0.60400    1.52900    0.00000    0.00000    3.57200
   2.45900    1.66700    1.27800    1.50000    0.00000    2.00000    3.95500
   0.31400    3.02600    0.25100    2.16400    0.00000    0.00000    1.81200
  -0.08100    2.70900    0.33100    2.07200    0.00000    0.00000    1.78000
   2.99100    2.44200    0.93400    0.98400    0.00000    1.00000    4.20800
   1.51400    2.08000    0.76400    0.78800    0.00000    0.00000    4.96100
   5.36100    3.17400    1.58600    0.91000    2.00000    2.00000    7.38200
   0.78700    3.07300    0.69300    1.85100    0.00000    2.00000    4.01600
   1.88700    2.08000    0.49600    0.85800    0.00000    0.00000    3.02200
   2.25500    2.58500    0.00000    0.91700    0.00000    0.00000    3.50200
   3.18200    3.73000    0.82900    1.56200    0.00000    1.00000    4.73200
   2.19300    3.01200    0.22300    1.02300    0.00000    0.00000    3.92000
   0.88800    2.50700    0.40500    1.65200    0.00000    2.00000    2.49500
  -0.46300    2.86200    1.03100    1.82800    0.00000    3.00000    4.51200
   0.31400    3.02900    0.33100    1.84700    0.00000    0.00000    2.47400
   3.95300    4.00500    0.22300    1.54500    0.00000    1.00000    5.05500
   1.02400    3.12600    0.69300    1.69000    2.00000    2.00000    4.28200
   3.91300    4.12100    0.82900    1.55100    0.00000    1.00000    5.65300
   2.60400    2.42900    0.83000    1.69600    0.00000    0.00000    3.39100
   3.31400    2.01900    1.12600    0.79300    0.00000    0.00000    5.00100
   1.39500    2.18300    0.93000    0.84600    0.00000    0.00000    4.22400
   2.35700    2.85700    1.42100    2.28200    0.00000    0.00000    4.29500
   2.81300    3.46100    0.22300    1.12000    0.00000    0.00000    4.46300
   1.18200    2.81800    0.88000    1.48800    0.00000    0.00000    3.72600
   5.47200    3.06500    1.07900    0.82500    0.00000    0.00000    6.88200
   3.15700    2.08000    1.03300    0.90200    0.00000    0.00000    3.69300
   2.12700    2.08600    0.64000    0.83800    0.00000    0.00000    3.99500
   2.19300    3.10300    0.13400    1.01600    0.00000    0.00000    3.21000
   2.85900    3.25200    0.13400    0.87500    0.00000    0.00000    5.29200
   2.21300    2.52600    0.71300    1.20100    1.00000    0.00000    3.56100
   2.72300    3.31500    0.22300    1.10000    1.00000    0.00000    4.35000
   2.19300    3.01200    0.22300    1.02300    0.00000    0.00000    4.07000
   0.73600    1.78300    0.62900    0.75000    1.00000    0.00000    3.46000
   1.58700    3.36900    0.13400    1.61400    0.00000    0.00000    2.22600
   1.14100    3.13700    0.25100    1.33500    0.00000    0.00000    2.41200
   4.17900    3.59600    0.97200    0.94100    0.00000    1.00000    4.82800
  -0.53400    2.36600    0.40500    1.73500    0.00000    0.00000    0.24200
   3.37400    3.73900    0.00000    1.20400    1.00000    1.00000    5.68900
   1.58700    1.85500    1.17900    1.44000    0.00000    0.00000    2.83800
   0.99600    1.00000    1.15000    0.96800    0.00000    1.00000    3.49900
   1.79500    3.13400    0.22300    1.31900    0.00000    0.00000    2.73900
   1.20900    1.27900    1.16000    1.71400    0.00000    0.00000    2.93600
   1.52200    2.88800    0.40500    1.47200    1.00000    2.00000    5.10500
   4.92600    2.26000    1.44300    0.90200    0.00000    0.00000    6.00600
   0.20400    2.53600    0.49600    1.48200    0.00000    1.00000    3.03000
   1.32100    3.19600    1.38000    1.23400    0.00000    0.00000    6.01800
  -0.53400    2.37700    0.33100    1.73400    0.00000    0.00000    1.47400
   2.27400    3.74000    0.13400    1.58100    0.00000    0.00000    4.39600
   3.12600    3.18100    0.60400    1.52000    0.00000    0.00000    4.68000
   3.90600    4.41300    0.56000    1.17000    1.00000    2.00000    7.89900
   2.23900    2.37700    0.82700    0.93800    0.00000    0.00000    5.14600
  -0.93700    3.15500    0.63800    2.12800    0.00000    0.00000    1.10200
   5.08900    4.21600    0.22300    1.24800    0.00000    0.00000    5.89600
   2.05400    3.43600    1.22500    1.83900    0.00000    0.00000    5.08700
   0.37000    4.08600    0.45200    1.84300    0.00000    0.00000    3.46300
   1.20900    3.14300    0.13400    1.64100    0.00000    0.00000    2.69200
   1.23700    2.53600    0.42900    0.87100    0.00000    1.00000    2.53700
   2.24100    2.43000    0.49600    0.94600    0.00000    0.00000    3.44100
   2.52700    3.58700    0.67500    2.10800    0.00000    0.00000    3.65600
   4.01700    3.12800    0.71300    0.79700    0.00000    1.00000    5.03900
   2.84900    4.17100    0.69300    1.67800    0.00000    2.00000    4.97600
   3.98800    2.97800    1.24600    1.10300    0.00000    1.00000    6.53500
   2.45900    3.61300    1.33600    0.83900    0.00000    0.00000    4.88600
   2.78600    3.43600    0.33100    0.95100    0.00000    0.00000    4.33800
   3.29100    3.66900    0.48600    1.37400    0.00000    0.00000    4.61000
   4.73800    4.32400    0.00000    1.20500    0.00000    1.00000    4.30200
   1.27200    3.40500    0.25100    1.56000    0.00000    0.00000    4.13200
   1.66000    2.54800    0.94700    1.05100    1.00000    0.00000    3.58800
   4.59400    2.08600    1.68500    0.39600    0.00000    0.00000    6.72000
  -0.31700    1.51200    0.57000    0.87900    0.00000    1.00000    2.44500
   1.60200    2.64700    1.28600    1.27800    0.00000    0.00000    4.50800
   0.29100    2.21800    0.92300    1.07400    0.00000    0.00000    3.23700
   3.47800    2.12600    0.83000    0.89900    0.00000    0.00000    4.19400
   1.37300    3.02600    0.40500    1.78700    0.00000    1.00000    2.55100
   0.58000    1.27900    0.81100    1.31300    0.00000    0.00000    2.92500
   2.61900    2.53600    0.76400    1.16500    0.00000    1.00000    4.19100
   1.65400    3.37800    1.38000    1.25000    0.00000    0.00000    5.93300
  -2.08900    2.82200    0.81100    1.52400    0.00000    0.00000    0.60000
   3.21000    2.62000    0.49900    0.99000    0.00000    0.00000    4.23000
   2.27000    3.50100    0.40500    1.58500    1.00000    1.00000    5.14700
   4.03800    3.11300    1.59300    1.31900    1.00000    1.00000    6.14300
  -0.19700    3.35100    0.79700    2.45600    2.00000    0.00000    3.90300
   2.21400    3.24000    0.56000    0.88900    0.00000    0.00000    4.54400
   2.71500    2.91400    0.79800    0.97500    0.00000    1.00000    4.10900
   1.94700    3.41000    0.22300    1.27800    1.00000    2.00000    2.73700
   2.99400    3.17900    0.00000    0.80500    0.00000    0.00000    4.15400
   0.98100    2.81900    0.33100    1.27100    0.00000    1.00000    2.73600
   3.21000    2.62000    0.49900    0.99000    0.00000    0.00000    3.84000
   2.44600    3.55900    0.22300    1.36000    0.00000    0.00000    3.45800
   3.73700    3.07300    1.49300    1.27900    0.00000    0.00000    6.64500
   4.04400    3.82200    0.00000    1.12500    1.00000    0.00000    5.51000
   0.65500    2.46200    0.22300    1.62500    0.00000    1.00000    1.35200
   1.97400    2.73900    0.00000    1.30000    1.00000    1.00000    2.95300
   3.61700    1.96200    1.34500    0.78300    0.00000    0.00000    5.75200
   1.58000    2.96100    0.40500    1.38800    0.00000    0.00000    3.07000
   2.19300    3.10300    0.13400    1.52100    0.00000    0.00000    3.26700
   3.10500    3.64500    0.22300    1.15500    0.00000    0.00000    5.17800
   1.61000    2.25100    0.63800    0.87100    1.00000    0.00000    4.17500
   3.38600    3.17900    0.00000    0.80500    0.00000    0.00000    4.32200
   2.21700    3.81800    0.69300    1.62700    2.00000    2.00000    5.52200
   2.72300    3.23500    1.13100    0.99600    0.00000    0.00000    5.35400
   3.29100    3.60900    0.81100    1.20800    0.00000    0.00000    4.38000
   2.43300    3.55000    1.18200    1.62400    0.00000    0.00000    4.81100
   1.29700    3.35300    0.85400    1.94400    0.00000    0.00000    2.45100
   3.31400    2.01900    1.12600    0.79300    0.00000    0.00000    4.73000
   0.20200    2.03100    0.87200    1.47500    0.00000    1.00000    6.42400
   1.06400    0.66700    1.03000    0.90600    0.00000    0.00000    5.55800
   3.11800    5.15800    0.13400    1.79100    0.00000    0.00000    6.04000
   2.35200    3.04600    0.00000    1.33300    4.00000    0.00000    3.61400
   2.12900    3.36100    0.22300    1.34200    0.00000    0.00000    5.48500
  -0.02200    3.98000    0.45200    2.01300    0.00000    0.00000    1.81000
   2.24100    2.43000    0.49600    0.94600    0.00000    0.00000    3.56800
   3.54600    4.27800    0.40500    1.34500    0.00000    0.00000    4.66800
   1.46600    2.57000    1.02800    2.13700    0.00000    0.00000    2.97300
   2.10200    2.82400    0.22300    1.00000    1.00000    0.00000    3.56000
   0.20200    2.02600    0.22300    1.42900    1.00000    0.00000    5.25900
   1.34800    2.18900    0.58000    0.86300    0.00000    0.00000    3.11500
   2.37000    2.23300    0.64000    0.92000    1.00000    0.00000    4.80500
   4.19000    1.92500    1.36400    0.42100    0.00000    0.00000    5.59100
   1.66100    3.61800    0.84200    1.68600    0.00000    2.00000    5.18400
   3.11200    3.31400    0.33100    1.17300    1.00000    0.00000    3.81200
  -1.18600    2.53400    0.87200    1.61900    0.00000    0.00000    2.73200
   0.62600    3.52800    1.74000    1.28800    0.00000    0.00000    5.46600
   1.12100    2.85700    0.97300    1.83800    0.00000    2.00000    5.31100
   1.64300    2.49500    0.56000    0.83500    0.00000    1.00000    1.96900
   2.92700    2.92800    1.11300    1.18500    0.00000    1.00000    4.14100
   1.06400    2.80200    0.22300    1.60000    1.00000    0.00000    4.42300
   3.29100    3.60900    0.81100    1.20800    0.00000    0.00000    4.24700
   4.63900    4.53200    0.40500    1.18900    2.00000    3.00000    5.10400
   4.09800    4.16600    0.13400    1.55600    0.00000    0.00000    5.91200
   3.29100    3.60900    0.81100    1.20800    0.00000    0.00000    4.46900
  -0.54400    2.08500    0.56000    2.45100    0.00000    0.00000    1.18000
   2.68800    2.46900    0.58200    0.91300    0.00000    0.00000    4.00200
   0.20200    1.81800    0.13400    1.44500    0.00000    0.00000    1.55900
   2.29600    2.21600    0.67900    0.76400    0.00000    0.00000    3.55900
   1.80100    2.82400    0.22300    1.05100    0.00000    0.00000    3.16800
  -0.22600    2.12600    0.40500    1.12700    0.00000    0.00000    3.20600
  -0.38600    1.51200    0.33100    1.62700    1.00000    0.00000    2.89100
   1.58700    3.27700    0.22300    1.86900    0.00000    0.00000    2.08500
   3.38600    3.86700    0.13400    1.17400    0.00000    0.00000    4.06400
   0.99600    1.09400    1.23600    1.46100    0.00000    1.00000    1.91100
   1.61000    2.25100    0.63800    0.87100    1.00000    0.00000    4.02100
   1.85900    2.72800    0.22300    0.95300    0.00000    0.00000    3.89700
   4.65800    2.37700    1.27800    0.97400    0.00000    0.00000    5.37200
   0.80000    2.74800    0.22300    2.04800    0.00000    0.00000    1.46200
   2.04200    1.41700    0.89800    0.64800    0.00000    0.00000    4.42100
   2.22300    3.06700    1.28600    1.30900    0.00000    0.00000    5.31800
   4.05400    3.79300    0.13400    0.93000    0.00000    0.00000    6.03800
  -1.16900    2.70700    0.97200    1.88900    0.00000    3.00000    2.97600
   3.04500    2.26000    0.60400    0.83600    0.00000    0.00000    4.19400
   1.61900    3.08000    0.40500    1.60900    1.00000    1.00000    4.78600
   0.05700    2.56500    0.69300    1.98700    0.00000    2.00000    4.03100
  -0.29400    4.06100    0.13400    1.65800    0.00000    0.00000    3.15100
   3.31400    1.92500    1.16000    0.80100    0.00000    0.00000    5.19200
  -0.17200    2.16500    0.13400    1.91200    0.00000    0.00000    2.30000
   2.54000    3.45200    0.33100    1.09800    0.00000    1.00000    3.74200
   1.70100    2.50800    0.58000    0.94100    0.00000    0.00000    3.79900
   1.80700    3.03600    0.40500    1.20500    1.00000    0.00000    3.73300
   2.63700    3.01200    0.22300    0.76000    0.00000    0.00000    4.62000
   0.49600    2.45600    0.33100    1.25900    0.00000    1.00000    2.85800
   2.42000    3.08700    0.22300    0.96000    1.00000    0.00000    3.97900
   2.35100    3.03600    0.40500    1.20500    0.00000    1.00000    4.24700
   2.64200    3.73400    0.22300    1.37400    2.00000    2.00000    4.58600
  -0.27300    2.03400    0.33100    2.67200    1.00000    0.00000    0.84100
   1.74800    2.43900    0.93000    0.92400    0.00000    0.00000    4.85600
   0.74900    3.13700    0.40500    1.31200    0.00000    2.00000    1.08600
   2.50200    3.73400    0.22300    1.42600    0.00000    0.00000    3.18000
   1.62200    3.92100    0.25100    1.39800    0.00000    0.00000    3.41600
   3.04800    3.91400    0.56000    1.63700    0.00000    1.00000    3.92600
   3.16000    3.64100    1.19200    1.48100    0.00000    1.00000    5.05200
   2.50900    1.82200    0.82900    0.83400    0.00000    0.00000    3.73100
   0.15600    1.96100    0.13400    1.27000    0.00000    0.00000    2.50500
   1.56500    3.64100    0.33100    1.93300    0.00000    1.00000    2.67000
   2.22600    2.02400    0.83000    1.76100    0.00000    0.00000    2.92800
   4.41200    3.26000    0.81100    0.70200    0.00000    0.00000    6.29800
   1.24600    2.68500    0.40500    1.14500    0.00000    0.00000    3.21900
   3.57100    3.62900    0.22300    0.80200    0.00000    0.00000    4.26900
   1.31200    2.96100    0.40500    1.18900    0.00000    0.00000    2.60400
   1.79500    3.31600    0.22300    1.57100    0.00000    1.00000    2.94000
   2.93800    1.88600    1.15300    0.52300    0.00000    0.00000    4.73700
   3.22500    2.11100    1.47700    1.29800    0.00000    0.00000    5.73000
   2.27800    3.65100    1.15100    0.91100    0.00000    2.00000    4.54000
   4.20700    3.32300    1.23200    1.13400    0.00000    0.00000    6.52500
   0.50100    1.63400    0.71300    1.19000    0.00000    0.00000    2.31900
   2.81300    3.53200    0.13400    1.11000    0.00000    0.00000    4.16500
