   0.00000    0.50000    0.50000    0.00000    0.00000    0.00000    0.80000
   0.25000    0.25000    0.25000    0.00000    0.25000    0.00000    0.68087
   0.00000    0.33300    0.33300    0.00000    0.00000    0.33300    0.56986
   0.20000    0.20000    0.20000    0.00000    0.20000    0.20000    0.59579
   0.00000    0.50000    0.00000    0.00000    0.00000    0.50000    0.53629
   0.25000    0.25000    0.00000    0.00000    0.25000    0.25000    0.48216
   0.25000    0.25000    0.25000    0.25000    0.00000    0.00000    0.71361
   0.00000    0.00000    1.00000    0.00000    0.00000    0.00000    0.54971
   0.00000    0.25000    0.25000    0.25000    0.00000    0.25000    0.67939
   0.20000    0.20000    0.00000    0.20000    0.20000    0.20000    0.61255
   0.00000    0.00000    0.50000    0.00000    0.00000    0.50000    0.45576
   0.00000    0.33300    0.00000    0.33300    0.00000    0.33300    0.66758
   0.00000    0.50000    0.00000    0.00000    0.50000    0.00000    0.58532
   0.00000    0.33300    0.00000    0.00000    0.33300    0.33300    0.47397
   0.33300    0.00000    0.33300    0.33300    0.00000    0.00000    0.75344
   0.33300    0.00000    0.33300    0.00000    0.33300    0.00000    0.61316
   0.20000    0.00000    0.20000    0.20000    0.20000    0.20000    0.63579
   0.00000    0.20000    0.20000    0.20000    0.20000    0.20000    0.68674
   0.00000    0.00000    0.25000    0.25000    0.25000    0.25000    0.59511
   0.50000    0.00000    0.50000    0.00000    0.00000    0.00000    0.60504
   0.00000    0.00000    0.00000    0.50000    0.50000    0.00000    0.67988
   0.25000    0.00000    0.25000    0.25000    0.25000    0.00000    0.72110
   0.00000    0.00000    0.50000    0.50000    0.00000    0.00000    0.75062
   1.00000    0.00000    0.00000    0.00000    0.00000    0.00000    0.20000
   0.00000    0.00000    0.00000    0.00000    0.50000    0.50000    0.29828
   0.00000    0.00000    0.33300    0.00000    0.33300    0.33300    0.46118
   0.20000    0.20000    0.20000    0.20000    0.20000    0.00000    0.73045
   0.25000    0.00000    0.25000    0.00000    0.25000    0.25000    0.53383
   0.33300    0.33300    0.00000    0.00000    0.00000    0.33300    0.52634
   0.00000    0.33300    0.00000    0.33300    0.33300    0.00000    0.65173
