   0.00000    0.00000    0.00000    1.00000    0.00000    0.00000    0.69263
   0.00000    0.33300    0.00000    0.33300    0.00000    0.33300    0.66758
   0.33300    0.00000    0.00000    0.33300    0.33300    0.00000    0.61861
   0.33300    0.00000    0.33300    0.33300    0.00000    0.00000    0.75344
   0.25000    0.25000    0.00000    0.00000    0.25000    0.25000    0.48216
   0.25000    0.25000    0.00000    0.25000    0.25000    0.00000    0.60099
   0.20000    0.20000    0.20000    0.20000    0.20000    0.00000    0.73045
   0.00000    0.00000    0.33300    0.00000    0.33300    0.33300    0.46118
   0.50000    0.00000    0.00000    0.50000    0.00000    0.00000    0.52698
   0.00000    0.00000    0.33300    0.33300    0.00000    0.33300    0.56665
   0.00000    0.00000    0.00000    0.00000    0.00000    1.00000    0.32661
   0.50000    0.00000    0.00000    0.00000    0.50000    0.00000    0.34946
   0.20000    0.00000    0.20000    0.20000    0.20000    0.20000    0.63579
   0.00000    0.25000    0.25000    0.25000    0.25000    0.00000    0.78042
   0.00000    0.50000    0.00000    0.00000    0.50000    0.00000    0.58532
   0.00000    0.00000    0.00000    0.50000    0.00000    0.50000    0.56143
   0.33300    0.33300    0.00000    0.00000    0.00000    0.33300    0.52634
   0.50000    0.00000    0.00000    0.00000    0.00000    0.50000    0.31225
   0.00000    0.00000    0.00000    0.50000    0.50000    0.00000    0.67988
   0.00000    0.00000    0.25000    0.25000    0.25000    0.25000    0.59511
   0.25000    0.25000    0.25000    0.00000    0.00000    0.25000    0.64566
   0.00000    0.00000    0.50000    0.00000    0.00000    0.50000    0.45576
   0.25000    0.00000    0.25000    0.25000    0.00000    0.25000    0.64931
   0.00000    0.50000    0.50000    0.00000    0.00000    0.00000    0.80000
   1.00000    0.00000    0.00000    0.00000    0.00000    0.00000    0.20000
   0.25000    0.25000    0.25000    0.25000    0.00000    0.00000    0.71361
   0.00000    0.25000    0.00000    0.25000    0.25000    0.25000    0.59852
   0.00000    0.25000    0.25000    0.25000    0.00000    0.25000    0.67939
   0.20000    0.20000    0.20000    0.20000    0.00000    0.20000    0.68540
   0.20000    0.20000    0.00000    0.20000    0.20000    0.20000    0.61255
