   2.84100    2.29700    0.76200    0.79800    0.00000    0.00000    3.55500
   2.42000    3.11000    0.00000    1.07900    2.00000    0.00000    3.97400
   4.80400    3.00500    1.68300    0.77400    0.00000    0.00000    7.28700
   3.57400    2.90000    1.27500    0.91300    0.00000    1.00000    6.56400
   1.79500    3.31600    0.22300    1.57100    1.00000    0.00000    3.85400
   1.96800    2.58300    0.76200    1.10400    0.00000    1.00000    3.88200
   2.18600    3.17100    0.13400    1.01100    0.00000    0.00000    3.98400
   1.24600    2.09200    1.35900    2.27300    1.00000    1.00000    4.79600
   2.28900    3.67600    0.40500    1.52400    0.00000    1.00000    3.97600
   0.47900    2.12600    0.40500    1.69000    1.00000    1.00000    3.57300
   0.09400    1.35900    0.13400    1.13000    1.00000    0.00000    3.47000
  -0.17200    1.94600    0.22300    1.92900    0.00000    0.00000    0.53400
   2.27800    3.65100    1.15100    0.91100    0.00000    2.00000    4.54000
   2.84100    2.37400    0.81100    0.81700    1.00000    0.00000    5.27700
   3.05100    3.33200    0.13400    0.90900    0.00000    0.00000    4.89100
   1.09100    2.30900    0.76200    0.84500    1.00000    0.00000    3.60100
   1.09700    3.35100    0.49600    1.46600    0.00000    0.00000    2.39200
   2.21400    3.24000    0.56000    0.88900    0.00000    0.00000    4.54400
   0.50100    1.63400    0.71300    1.19000    0.00000    0.00000    2.31900
   4.50600    4.25800    0.22300    1.53800    0.00000    1.00000    5.74100
   0.13300    2.03400    0.33100    1.56000    0.00000    1.00000    2.11700
   1.79500    3.31600    0.22300    1.57100    1.00000    0.00000    3.97900
   2.50200    3.66800    0.13400    1.13200    0.00000    0.00000    3.78200
   0.48900    2.23800    1.51300    2.07800    0.00000    0.00000    4.51300
   1.80100    2.82400    0.22300    1.05100    0.00000    0.00000    3.16800
   4.41200    3.26000    0.81100    0.70200    0.00000    0.00000    6.29800
   1.76900    2.40500    0.13400    0.84300    0.00000    0.00000    3.21000
   1.89000    3.35800    1.34800    1.32800    0.00000    0.00000    3.85200
  -2.88400    3.00100    0.13400    2.92000    0.00000    0.00000    2.37500
   2.84100    2.29700    0.76200    0.79800    0.00000    0.00000    3.60800
   3.58600    3.08600    0.94800    0.75100    0.00000    0.00000    5.10700
  -1.16900    2.70700    0.97200    1.88900    0.00000    3.00000    2.97600
  -2.03000    2.11800    0.95600    1.64300    0.00000    0.00000    3.63800
   0.05700    2.44100    0.88000    1.54000    0.00000    2.00000    4.92000
   3.42600    1.89200    1.44100    0.77600    0.00000    0.00000    6.08700
  -0.02200    3.98000    0.45200    2.01300    0.00000    0.00000    1.81000
   1.85900    2.83400    0.13400    0.95000    0.00000    0.00000    2.82700
   1.00200    3.24000    0.69300    1.48700    1.00000    0.00000    3.59800
   1.76900    2.51200    0.22300    0.92900    1.00000    0.00000    3.91900
  -0.53400    2.37700    0.33100    2.11100    0.00000    0.00000    2.15600
  -1.35800    3.42300    1.19000    1.99300    0.00000    4.00000    3.68900
   1.60200    2.64700    1.28600    1.27800    0.00000    0.00000    4.50800
   3.31400    1.92500    1.16000    0.80100    0.00000    0.00000    5.19200
   2.99100    2.44200    0.93400    0.98400    0.00000    1.00000    4.20800
   3.25900    3.25000    0.00000    0.95000    0.00000    0.00000    3.92600
   4.83300    4.14100    0.13400    1.22000    0.00000    0.00000    6.23300
   2.68900    2.01900    1.31700    1.28800    0.00000    0.00000    4.36800
   1.94000    3.48500    0.22300    1.61400    0.00000    0.00000    2.85300
   0.11300    2.42800    0.95600    2.60900    0.00000    0.00000    1.30100
   1.78300    2.98200    0.49600    1.15100    0.00000    1.00000    3.52200
   1.11900    1.81400    1.31600    1.07400    0.00000    1.00000    3.35000
  -0.24100    2.33300    0.25100    2.32700    0.00000    0.00000    3.88400
   3.15700    2.08000    1.03300    0.90200    0.00000    0.00000    3.69300
   0.20200    0.96500    0.64000    1.69500    0.00000    1.00000    3.27200
   3.37400    3.73900    0.00000    1.20400    1.00000    1.00000    5.68900
   0.99600    2.75500    0.40500    1.55900    0.00000    1.00000    3.12300
   5.25800    4.43600    0.76400    1.22700    0.00000    1.00000    5.41200
   1.85900    2.83400    0.13400    0.95000    0.00000    0.00000    3.12000
   2.02600    2.21900    0.60400    1.53700    0.00000    0.00000    3.26200
   3.56200    2.77800    0.83000    1.04600    0.00000    0.00000    6.65200
   3.94500    2.93700    0.49900    0.80000    0.00000    0.00000    4.84900
   2.35200    3.04600    0.00000    1.33300    0.00000    2.00000    4.07500
   3.79500    2.47700    0.83000    0.98300    0.00000    0.00000    4.54000
  -0.91700    2.67000    0.49600    2.04700    0.00000    0.00000    1.84200
   0.70600    3.21900    0.40500    1.60500    0.00000    0.00000    1.13400
   3.01800    2.74400    0.49600    0.75300    0.00000    0.00000    4.28400
   6.20300    5.92600    0.13400    1.67100    0.00000    0.00000    4.62800
   0.53800    3.01400    0.56000    1.98700    0.00000    1.00000    3.49600
   2.81300    3.46100    0.22300    1.12000    0.00000    0.00000    4.47000
   0.37000    4.08600    0.45200    1.84300    0.00000    0.00000    3.46300
   2.10200    2.23300    0.64000    0.92000    0.00000    1.00000    3.61500
   0.34700    2.56000    0.13400    1.75800    0.00000    0.00000    2.28300
   3.58700    3.38900    0.22300    0.84900    0.00000    1.00000    4.10800
  -0.78600    1.25100    0.25100    1.12600    0.00000    0.00000    5.07200
   1.74800    2.47900    0.88700    0.95400    0.00000    0.00000    4.18100
   2.03100    3.17700    0.91800    1.91900    0.00000    0.00000    4.11600
   3.76400    1.92500    1.31800    0.59500    0.00000    0.00000    4.70500
   0.89300    2.35900    0.40500    0.81400    0.00000    0.00000    6.40000
   3.31400    2.01900    1.12600    0.79300    0.00000    0.00000    5.00100
   4.78900    3.72800    0.95600    1.17000    0.00000    0.00000    5.57400
   0.80000    2.03400    0.64000    1.72700    0.00000    0.00000    2.58600
   5.20600    2.63900    1.46200    0.83000    0.00000    0.00000    5.98500
   2.50900    1.82200    0.82900    0.83400    0.00000    0.00000    3.93300
  -1.16900    2.81700    1.01200    1.52100    0.00000    3.00000    2.06900
   2.19300    3.01200    0.22300    1.02300    0.00000    0.00000    4.07000
   3.67700    3.39400    0.00000    0.86800    0.00000    0.00000    4.19900
   1.61900    3.08000    0.40500    1.60900    1.00000    1.00000    4.78600
   4.41600    3.25200    0.49900    0.83200    0.00000    0.00000    4.67400
   1.20900    1.27900    1.16000    1.71400    0.00000    0.00000    2.93600
  -0.43900    3.31500    0.91600    1.75300    0.00000    2.00000    2.50100
   2.20000    1.27900    1.32700    1.28400    0.00000    0.00000    4.69700
   2.57600    3.78800    0.69300    1.36500    0.00000    2.00000    4.66400
   3.31400    2.01900    1.12600    0.79300    0.00000    0.00000    4.73000
   2.00500    3.10200    0.69300    1.31600    0.00000    2.00000    3.45100
   2.84900    4.17100    0.69300    1.67800    0.00000    2.00000    4.85100
   3.12600    3.18100    0.60400    1.52000    0.00000    0.00000    4.68000
   3.37700    2.23300    1.07000    0.84100    1.00000    0.00000    5.25100
   0.54800    2.13700    0.22300    1.37500    3.00000    0.00000    4.86500
   2.57300    2.16400    1.43700    1.22700    0.00000    2.00000    6.20700
   2.79900    1.97500    0.80200    0.77500    1.00000    0.00000    4.22700
   3.47400    3.67500    1.11200    1.31400    0.00000    1.00000    4.70600
   1.53300    3.10300    0.13400    1.34400    0.00000    0.00000    3.17400
   0.13300    2.02400    0.40500    2.06500    0.00000    1.00000    2.26900
   0.96700    3.02900    0.33100    2.13000    0.00000    1.00000    1.88500
   0.77900    3.20000    0.71100    1.23500    0.00000    3.00000    2.68100
   3.54600    4.27800    0.40500    1.34500    0.00000    0.00000    4.66800
   0.08700    2.12600    0.25100    1.71900    0.00000    0.00000    2.45800
   1.88600    2.09400    0.82700    0.86000    0.00000    0.00000    5.39000
   3.35800    3.70000    0.22300    1.55600    0.00000    1.00000    3.97100
   1.34800    2.18900    0.58000    0.86300    0.00000    0.00000    3.11500
   5.20700    2.58500    1.58600    0.91700    0.00000    0.00000    6.37900
   0.20200    2.03100    0.87200    1.47500    0.00000    1.00000    6.42400
   2.50200    3.73400    0.22300    1.42600    0.00000    0.00000    3.18000
   4.59400    2.08600    1.68500    0.39600    0.00000    0.00000    6.72000
   4.76000    3.73900    0.00000    0.70000    0.00000    0.00000    7.34600
   0.65500    2.46200    0.22300    1.62500    0.00000    1.00000    1.35200
   0.80000    2.87800    0.13400    2.10200    0.00000    0.00000    1.93200
  -0.53400    2.36600    0.40500    1.73500    0.00000    0.00000    0.24200
   2.77300    3.74900    0.33100    1.27800    0.00000    0.00000    4.77700
   2.93100    3.05500    1.27300    1.13200    0.00000    0.00000    5.39300
   4.05300    2.80300    1.50100    1.12400    0.00000    0.00000    5.38500
   1.34800    2.12500    0.63800    0.83100    0.00000    0.00000    3.53100
   2.45900    1.66700    1.27800    1.50000    0.00000    2.00000    3.95500
   3.50300    3.89600    0.13400    1.57100    0.00000    0.00000    4.82200
   2.08100    1.12600    1.07900    1.44000    1.00000    1.00000    3.47000
  -0.27300    2.03400    0.33100    2.67200    1.00000    0.00000    0.84100
   1.99400    3.26000    0.25100    1.28700    0.00000    1.00000    2.74500
   2.67900    3.13000    0.42900    0.88000    0.00000    0.00000    5.22900
   2.34500    3.40200    0.49600    1.45000    1.00000    0.00000    4.55700
   1.31300    1.63400    0.71300    1.19000    0.00000    0.00000    2.05600
   1.73700    2.87600    0.92800    1.37200    0.00000    1.00000    6.14800
   1.79800    2.98600    0.96100    1.66900    0.00000    4.00000    3.15200
   1.70000    2.47700    0.40500    0.87600    0.00000    1.00000    2.47400
   3.11000    2.95000    1.77200    1.35100    0.00000    4.00000    5.38300
   2.05200    2.97100    0.97200    1.25500    0.00000    2.00000    4.56500
   2.11000    3.26000    0.40500    1.15100    1.00000    0.00000    3.83500
   3.95800    3.46500    0.00000    0.80200    0.00000    0.00000    4.98400
   1.06000    2.72600    0.49600    1.17900    0.00000    1.00000    2.12600
   3.61800    4.05000    0.69300    1.38100    0.00000    2.00000    5.36700
   1.79500    3.13400    0.22300    1.31900    0.00000    0.00000    2.73900
   2.50900    1.82200    0.82900    0.83400    0.00000    0.00000    3.73100
   1.59100    2.72800    0.22300    0.95300    0.00000    0.00000    2.37100
   3.08900    3.20000    1.53100    1.05900    0.00000    0.00000    6.16000
   0.87400    2.59100    0.33100    1.62900    0.00000    0.00000    2.39500
   2.24200    3.33200    0.13400    1.51900    0.00000    0.00000    3.55400
   3.26700    3.46500    0.00000    0.96300    4.00000    0.00000    3.40700
   0.58600    2.67700    0.33100    1.58200    0.00000    1.00000    2.89500
   2.20900    3.55700    0.33100    1.30100    2.00000    1.00000    4.71100
   0.78700    3.07300    0.69300    1.43800    0.00000    2.00000    1.05500
   2.21300    2.52600    0.71300    1.20100    1.00000    0.00000    3.56100
   2.57300    2.63600    0.82700    0.99900    0.00000    0.00000    4.39300
   3.47800    2.12600    0.83000    0.89900    0.00000    0.00000    4.26300
   2.19300    3.10300    0.13400    1.01600    0.00000    0.00000    3.65100
   3.87600    3.46500    0.00000    0.83700    0.00000    0.00000    4.80900
   0.80000    2.03400    0.64000    1.72700    0.00000    0.00000    2.07200
   0.75700    3.52600    0.71100    1.59600    0.00000    3.00000    3.42300
   1.37300    3.02600    0.40500    1.78700    0.00000    1.00000    2.55100
   2.89400    3.98000    0.22300    1.72300    0.00000    0.00000    4.70300
   1.19900    2.83400    0.13400    1.32200    0.00000    0.00000    2.41300
   0.70600    3.21900    0.40500    1.60500    0.00000    0.00000    1.08800
   1.45900    3.43200    0.63800    1.38500    0.00000    1.00000    5.33900
   1.44200    3.08000    0.22300    1.58300    0.00000    1.00000    2.36900
   1.78300    2.98200    0.49600    1.15100    0.00000    1.00000    3.66500
   1.81700    1.50000    0.83000    1.89100    0.00000    0.00000    2.92000
   4.05400    3.79300    0.13400    0.93000    0.00000    0.00000    6.03800
   5.17600    3.97900    1.30600    1.40400    0.00000    1.00000    4.23900
   4.37900    4.18100    0.57000    1.38300    0.00000    0.00000    6.21300
   3.29100    3.66900    0.48600    1.37400    0.00000    0.00000    3.70100
   1.53900    2.52800    0.58000    1.29700    0.00000    0.00000    3.02500
   1.23900    3.02300    0.56000    1.34900    1.00000    0.00000    3.91700
   0.22600    2.84100    0.88000    1.70500    0.00000    3.00000    1.64700
   5.08900    4.21600    0.22300    1.24800    0.00000    0.00000    5.89600
   2.85100    3.00000    0.00000    0.93800    1.00000    0.00000    3.51300
   2.27400    3.74000    0.13400    1.58100    0.00000    0.00000    3.72100
   1.62200    3.92100    0.25100    1.39800    0.00000    0.00000    3.41600
   1.61000    2.25100    0.63800    0.87100    1.00000    0.00000    4.02100
   3.66100    3.73400    0.22300    1.37400    0.00000    0.00000    5.15900
   1.49000    2.76500    0.33100    0.95100    0.00000    1.00000    2.55000
   1.74800    2.47900    0.88700    0.95400    0.00000    0.00000    4.45800
   2.52900    2.33000    0.93200    0.93100    0.00000    1.00000    4.55900
   2.12700    2.21600    0.58200    0.83900    0.00000    0.00000    4.35300
   3.14800    3.47500    0.40500    0.87500    1.00000    2.00000    4.80300
   4.80400    4.71700    0.22300    1.28800    1.00000    1.00000    6.38400
   0.68000    1.63400    0.79800    1.09300    0.00000    0.00000    2.56900
   1.44200    3.08000    0.22300    1.58300    1.00000    0.00000    3.72700
   2.90400    4.13500    0.58000    1.26300    1.00000    2.00000    5.53800
   1.70100    2.50800    0.58000    0.94100    0.00000    0.00000    3.48300
   1.06400    2.80200    0.22300    1.60000    0.00000    1.00000    1.74800
   0.05700    2.56500    0.69300    1.98700    0.00000    2.00000    4.03100
   1.06000    2.72600    0.49600    1.17900    0.00000    1.00000    2.26900
   1.06400    0.66700    1.03000    0.90600    0.00000    0.00000    5.55800
   1.85900    2.72800    0.22300    0.95300    0.00000    0.00000    3.89700
   2.27000    3.50100    0.40500    1.58500    1.00000    1.00000    5.14700
   0.41100    2.12600    0.40500    0.91700    4.00000    2.00000    6.38000
   2.24100    2.43000    0.49600    0.94600    0.00000    0.00000    3.44100
   2.19300    3.01200    0.22300    1.02300    0.00000    0.00000    3.85700
   2.35700    3.46100    0.22300    1.11100    0.00000    1.00000    3.39300
   3.61700    1.96200    1.34500    0.78300    0.00000    0.00000    5.34800
   2.19300    3.01200    0.22300    1.02300    0.00000    0.00000    3.92000
   0.21500    3.81000    1.02500    1.05500    0.00000    2.00000    3.83800
   1.20900    3.03500    0.22300    1.66200    0.00000    0.00000    2.21700
   0.73600    2.80100    0.72800    2.22600    0.00000    2.00000    3.10900
   3.57100    3.62900    0.22300    0.80200    0.00000    0.00000    4.26900
   4.83200    4.21100    0.93200    1.04500    0.00000    1.00000    8.91600
   2.03300    1.78300    0.57000    1.18700    1.00000    0.00000    6.06400
   3.98300    3.65200    0.87200    0.86700    2.00000    3.00000    4.04000
   2.63700    3.01200    0.22300    0.76000    0.00000    0.00000    4.62000
   0.80000    2.74800    0.22300    1.70500    0.00000    0.00000    1.06300
   3.11500    2.57200    1.83400    1.35000    0.00000    2.00000    8.47100
   1.20900    3.14300    0.13400    1.64100    0.00000    0.00000    2.48700
  -0.74100    2.33000    0.58000    1.77600    0.00000    2.00000    0.89000
   1.12100    3.28100    0.69300    1.80800    0.00000    2.00000    3.09500
   2.21200    2.02500    0.93200    0.85100    1.00000    0.00000    4.67200
   1.58000    2.96100    0.40500    1.38800    0.00000    0.00000    3.07000
   0.18000    0.97300    0.98800    1.48900    0.00000    1.00000    2.72500
   4.43100    3.73900    0.00000    1.16100    0.00000    0.00000    5.68000
   3.21000    2.62000    0.49900    0.99000    0.00000    0.00000    4.33000
   2.87600    2.26000    0.49900    0.90700    0.00000    0.00000    3.64500
   2.43300    3.55000    1.18200    1.62400    0.00000    0.00000    4.81100
   3.19000    2.41700    1.02800    1.16200    0.00000    1.00000    4.16900
   2.83700    3.64500    0.22300    1.15500    0.00000    0.00000    3.39300
   3.18600    3.66900    0.22300    1.59900    0.00000    0.00000    3.98400
   2.94200    3.17900    0.00000    1.06300    0.00000    0.00000    4.09100
   3.11200    3.31400    0.33100    1.17300    1.00000    0.00000    3.81200
   1.97600    3.04100    0.94700    1.29800    0.00000    1.00000    6.60700
   0.20200    2.02600    0.22300    1.66700    1.00000    0.00000    2.65000
  -0.52100    2.98300    0.49600    2.10600    0.00000    0.00000    1.68000
   3.31500    3.17700    0.62900    0.87100    0.00000    0.00000    3.36500
   2.60400    1.92000    1.07900    1.73800    0.00000    0.00000    3.40800
   2.29400    4.25500    1.69500    1.08700    0.00000    0.00000    4.47500
   2.22200    3.19500    0.49600    1.13300    0.00000    1.00000    4.44600
   1.12100    3.15900    0.96500    1.58400    0.00000    2.00000    3.77000
   3.21300    2.62400    1.62100    1.50200    0.00000    0.00000    6.31400
   1.70100    2.50800    0.58000    0.94100    0.00000    0.00000    3.34500
   2.72600    3.69000    0.22300    1.06200    0.00000    0.00000    3.59900
   0.78700    3.07300    0.69300    1.85100    0.00000    2.00000    4.01600
   2.48100    2.07900    0.98800    0.83600    0.00000    1.00000    3.29800
   3.49200    3.83300    0.40500    1.52200    0.00000    1.00000    2.09200
   0.92200    2.77700    0.56000    1.12700    1.00000    0.00000    3.11800
   1.66700    2.47700    0.40500    0.87600    1.00000    0.00000    4.72500
   2.99800    3.95700    0.22300    1.26900    2.00000    3.00000    4.57700
   4.06300    2.08500    1.07900    0.89500    0.00000    0.00000    4.89000
   0.34700    2.39600    0.22300    1.77800    0.00000    0.00000    1.12100
   3.16000    3.64100    1.19200    1.48100    0.00000    1.00000    5.05200
   1.39500    2.21500    0.88700    0.88800    0.00000    0.00000    4.08400
   3.79500    2.12600    0.97700    0.77100    0.00000    0.00000    5.28400
   2.12900    3.36100    0.22300    1.34200    0.00000    0.00000    5.48500
  -0.17200    2.16500    0.13400    1.91200    0.00000    0.00000    2.30000
   3.79500    2.12600    0.97700    0.77100    0.00000    0.00000    4.76200
   0.80000    2.87800    0.13400    1.68400    0.00000    0.00000    2.42500
   3.21000    2.62000    0.49900    0.99000    0.00000    0.00000    3.84000
  -0.06300    2.98000    0.25100    1.95900    0.00000    0.00000    1.65100
   1.29400    2.45600    0.33100    0.87500    0.00000    1.00000    2.26300
  -0.22600    2.12600    0.40500    1.12700    0.00000    0.00000    3.20600
   2.42000    3.17100    0.13400    1.18900    1.00000    0.00000    3.56900
   2.33500    1.82200    0.68100    0.79400    0.00000    0.00000    3.69600
  -0.14500    1.96500    0.40500    1.16900    1.00000    0.00000    3.66000
   3.84200    2.89300    1.23600    0.90700    0.00000    0.00000    6.04700
  -1.30600    1.00000    0.40500    1.50000    2.00000    0.00000    2.38100
   2.27400    3.66900    0.22300    1.59900    0.00000    0.00000    3.66500
   2.04800    3.31400    0.33100    1.39700    3.00000    0.00000    4.47300
   1.61900    3.08000    0.40500    1.60900    0.00000    2.00000    3.52800
   2.71500    2.91400    0.79800    0.97500    0.00000    1.00000    4.10900
   2.60400    3.21900    0.81100    1.12700    0.00000    0.00000    4.25700
   1.27200    3.40500    0.25100    1.56000    0.00000    0.00000    4.13200
   2.37000    2.23300    0.64000    0.92000    1.00000    0.00000    4.75000
   1.53300    2.82400    0.22300    1.05100    0.00000    0.00000    4.05000
   2.94200    2.62000    0.49900    0.99000    0.00000    0.00000    4.40200
   1.88200    3.52000    0.22300    1.59000    0.00000    0.00000    2.88300
   0.65500    2.13700    0.22300    1.17900    0.00000    0.00000    3.84100
   0.89300    2.35900    0.40500    0.81400    0.00000    0.00000    3.31400
   1.74800    2.43900    0.93000    0.92400    0.00000    0.00000    4.85600
   1.65400    3.37800    1.38000    1.25000    0.00000    0.00000    4.85400
   0.84600    2.51200    0.13400    1.29300    0.00000    0.00000    2.36400
  -0.53400    2.37700    0.33100    1.73400    0.00000    0.00000    1.47400
   1.74800    2.43900    0.93000    0.92400    0.00000    0.00000    5.00700
   0.43500    0.96500    0.73200    1.35900    0.00000    1.00000    3.48100
   2.21700    3.81800    0.69300    1.62700    2.00000    2.00000    5.52200
   2.05000    3.57000    1.37400    2.25900    0.00000    0.00000    6.08300
   0.49600    2.45600    0.33100    1.25900    0.00000    1.00000    2.85800
   1.70100    2.50800    0.58000    0.94100    0.00000    0.00000    3.79900
   1.74600    3.69100    0.71100    1.07300    0.00000    2.00000    5.47200
   0.13300    2.02400    0.40500    1.60500    0.00000    1.00000    1.30700
   3.12700    3.31500    0.22300    0.79900    0.00000    0.00000    4.44000
   0.14300    2.08600    0.33100    1.22100    1.00000    0.00000    3.81500
   2.81300    3.46100    0.22300    1.12000    0.00000    0.00000    4.46300
   1.37300    3.02600    0.40500    1.78700    0.00000    1.00000    3.81000
   1.06400    2.54400    0.22300    1.24500    0.00000    0.00000    1.40800
   2.44600    3.55900    0.22300    1.36000    0.00000    0.00000    3.45800
   0.07600    2.50700    0.40500    1.50000    2.00000    0.00000    3.93600
   3.90900    4.30500    0.22300    1.34800    3.00000    2.00000    5.19200
   1.52200    2.88800    0.40500    1.47200    1.00000    2.00000    5.10500
   2.19300    3.01200    0.22300    1.02300    0.00000    0.00000    3.75100
   2.57000    2.11000    0.77300    0.77300    0.00000    1.00000    3.36000
   2.74900    4.78500    1.26300    1.47100    1.00000    4.00000    9.61200
   1.84500    3.18800    1.18200    1.24400    0.00000    1.00000    5.01200
   1.10700    3.02400    0.45200    2.69800    0.00000    0.00000    0.45000
   3.24700    3.59900    0.70200    1.51400    2.00000    1.00000    6.18300
   2.08100    1.63900    0.83000    1.44500    2.00000    0.00000    5.05000
   3.56200    3.60500    0.00000    1.15000    0.00000    0.00000    4.51000
  -1.05300    1.95100    0.40500    1.87800    0.00000    0.00000    0.05300
   3.39900    4.32700    0.56000    1.25400    2.00000    5.00000    6.68300
   2.45900    3.61300    1.33600    0.83900    0.00000    0.00000    4.88600
   1.83400    2.63400    0.22300    0.93900    0.00000    0.00000    3.92600
   0.98200    2.11900    0.92300    1.17900    0.00000    1.00000    1.05000
   2.60400    1.50000    1.27800    1.86800    0.00000    0.00000    3.91600
   1.71700    2.81900    0.73200    1.48300    0.00000    0.00000    2.94100
   4.57000    4.82900    0.33100    1.52100    4.00000    4.00000    6.34700
   0.62600    3.52800    1.74000    1.28800    0.00000    0.00000    5.46600
   1.74800    2.47900    0.88700    0.95400    0.00000    0.00000    4.11900
  -0.19700    3.35100    0.79700    2.45600    2.00000    0.00000    3.90300
  -1.05300    1.96800    0.33100    1.89100    0.00000    0.00000    1.47000
   1.31300    1.63400    0.71300    1.19000    0.00000    0.00000    2.78200
   2.24200    3.33200    0.13400    1.29400    0.00000    0.00000    3.37400
   0.34700    1.51200    0.64000    1.84400    0.00000    0.00000    3.20300
   2.24200    3.00300    0.13400    1.41300    0.00000    0.00000    2.64700
   0.60200    1.88300    0.71100    1.16200    0.00000    0.00000    2.92400
   3.28900    3.64100    0.40500    1.53100    0.00000    1.00000    3.18200
   3.56300    3.99300    0.22300    1.21400    1.00000    0.00000    4.61100
   2.23900    2.37700    0.82700    0.93800    0.00000    0.00000    3.99100
   4.63900    4.53200    0.40500    1.18900    2.00000    2.00000    5.54100
   3.61800    4.05000    0.69300    1.38100    0.00000    2.00000    5.66700
   0.40800    2.46200    0.22300    1.66900    0.00000    0.00000    1.52400
   2.23300    3.05000    0.40500    0.86800    1.00000    3.00000    6.19500
   1.56900    3.52600    0.71100    1.58600    0.00000    3.00000    3.66000
   2.49200    3.18000    1.28100    1.24600    0.00000    0.00000    4.96300
   1.50100    2.23300    0.57000    0.88300    0.00000    0.00000    3.32500
   0.78700    2.96000    0.88000    1.53000    1.00000    1.00000    5.24400
   4.19000    2.25100    1.50100    1.19700    0.00000    0.00000    5.63200
   0.70600    3.22200    0.33100    2.17700    0.00000    0.00000    1.81900
  -0.38600    1.50000    0.40500    1.66900    0.00000    1.00000    2.66100
   1.95300    2.21600    0.38900    0.79600    0.00000    0.00000    3.75100
   2.51000    3.25200    0.22300    1.07700    0.00000    0.00000    4.02000
   1.66000    2.54800    0.94700    1.05100    1.00000    0.00000    3.58800
   3.04500    2.62000    0.28800    0.83900    0.00000    0.00000    3.75300
   1.54800    3.13400    0.22300    1.19300    0.00000    0.00000    2.69200
   3.29100    3.60900    0.81100    1.20800    0.00000    0.00000    4.24700
   1.49200    1.94000    0.74900    1.06600    0.00000    0.00000    2.99000
   3.26700    3.73900    0.00000    1.25000    2.00000    2.00000    4.63800
   3.07600    2.68400    0.98800    1.22600    0.00000    1.00000    4.40400
   0.43000    2.81500    0.56000    1.58500    0.00000    2.00000    2.75800
   0.14300    2.12600    0.25100    1.11400    0.00000    0.00000    2.15700
  -0.12900    3.19900    0.56000    2.03300    0.00000    0.00000    1.02000
   1.68000    2.59400    0.25100    0.86100    0.00000    0.00000    3.11200
   2.85900    3.25200    0.13400    0.87500    0.00000    0.00000    5.29200
   1.46700    2.21600    0.58200    1.28700    0.00000    0.00000    2.74000
   1.70100    2.44800    0.63800    0.92100    0.00000    0.00000    3.51300
   2.04200    3.11100    0.33100    1.01100    0.00000    1.00000    3.25000
   0.20200    1.81800    0.13400    1.44500    0.00000    0.00000    1.55900
   2.50200    3.92100    0.13400    1.78900    0.00000    0.00000    3.86100
   1.02000    2.93800    1.38500    1.22500    0.00000    2.00000    4.59300
   2.64000    2.12200    1.62100    1.51100    0.00000    0.00000    5.67700
   2.61900    2.53600    0.76400    1.16500    0.00000    1.00000    4.19100
   1.39300    3.61100    0.33100    2.01700    0.00000    0.00000    2.85900
  -0.05900    2.99300    0.81100    1.23200    0.00000    2.00000    5.39500
   2.92700    2.92800    1.11300    1.18500    0.00000    1.00000    4.14100
  -0.41000    1.77400    0.42900    2.29900    0.00000    0.00000    1.89700
   2.51000    3.25200    0.22300    1.07700    0.00000    0.00000    4.09300
   3.73700    3.07300    1.49300    1.27900    0.00000    0.00000    6.64500
   2.97400    3.33300    0.40500    0.96300    1.00000    0.00000    5.63000
   1.70100    2.50800    0.58000    0.94100    0.00000    0.00000    3.79900
   1.69700    2.64100    0.49600    1.07700    0.00000    1.00000    3.53700
   2.26900    2.21700    0.76400    0.85900    1.00000    0.00000    5.30800
   4.19000    1.92500    1.36400    0.42100    0.00000    0.00000    5.59100
   4.44900    3.69000    1.15900    1.29500    0.00000    2.00000    5.74900
   3.79500    2.47700    0.83000    0.98300    0.00000    0.00000    4.74300
   1.85100    3.59100    0.58000    1.68500    0.00000    1.00000    4.11700
   4.01700    3.12800    0.71300    0.79700    0.00000    1.00000    5.03900
   1.82100    2.47000    1.43700    1.34600    2.00000    2.00000    6.35100
   2.93800    1.88600    1.15300    0.52300    0.00000    0.00000    4.73700
  -2.08900    2.82200    0.81100    1.52400    0.00000    0.00000    0.60000
   3.29100    3.66900    0.48600    1.37400    0.00000    0.00000    4.61000
   1.64300    2.49500    0.56000    0.83500    0.00000    1.00000    1.96900
  -0.31600    2.24000    0.40500    1.20300    0.00000    0.00000    2.28600
   3.30500    3.38000    1.74900    1.13500    0.00000    1.00000    4.95100
   1.31700    2.80400    1.11000    0.61800    0.00000    6.00000    6.25400
   2.19300    3.10300    0.13400    1.01600    0.00000    0.00000    3.21000
   1.44200    3.08000    0.22300    1.58300    0.00000    1.00000    3.06100
   1.86900    3.80200    0.40500    1.52700    1.00000    0.00000    3.70000
  -0.11500    3.01400    0.56000    1.78100    0.00000    0.00000    0.89800
  -0.52100    3.07900    0.42900    2.13500    0.00000    0.00000    1.30800
   1.57900    3.38000    0.70200    1.52700    0.00000    1.00000    3.84100
   2.06000    3.46200    0.40500    1.71700    0.00000    1.00000    4.20800
   2.40200    3.45200    0.33100    1.47600    1.00000    0.00000    3.87000
   2.05600    2.19800    0.79800    0.79000    0.00000    1.00000    3.32800
   4.04400    3.82200    0.00000    1.12500    1.00000    0.00000    5.51000
   3.12700    3.31500    0.22300    0.79900    0.00000    0.00000    4.50700
  -0.45000    2.00000    0.69300    1.12800    2.00000    2.00000    4.36600
   2.35400    2.43500    1.11300    1.10900    0.00000    1.00000    2.83900
  -0.93700    3.15500    0.63800    2.12800    0.00000    0.00000    1.10200
   1.06400    2.80200    0.22300    1.60000    1.00000    0.00000    4.42300
   1.76900    2.21700    0.87200    0.87500    0.00000    0.00000    4.18200
  -0.79200    1.83200    1.20900    1.36400    0.00000    0.00000    3.82800
   4.23500    4.36000    0.40500    1.22800    1.00000    2.00000    6.66500
   1.45300    3.26000    0.82900    1.67600    0.00000    1.00000    3.77000
   4.90700    4.53600    0.22300    1.29000    0.00000    0.00000    6.63400
   0.80000    2.74800    0.22300    1.70500    0.00000    0.00000    1.30500
   4.09800    4.16600    0.13400    1.55600    0.00000    0.00000    5.91200
   1.51500    2.78100    0.71100    1.14700    0.00000    0.00000    3.84600
   4.45300    4.44300    0.25100    1.28700    4.00000    3.00000    6.48300
  -0.06300    2.98000    0.25100    2.26100    0.00000    0.00000    1.63900
   2.70200    3.09800    0.93000    1.07500    0.00000    0.00000    5.65000
   3.10900    1.84400    1.27500    0.80400    0.00000    0.00000    6.72000
   1.43300    2.77700    0.56000    1.12700    1.00000    0.00000    4.76700
   0.24200    2.56500    0.45200    1.52900    0.00000    0.00000    2.11500
   2.52700    3.58700    0.67500    2.10800    0.00000    0.00000    3.65600
   1.50600    2.38600    0.22300    0.85700    0.00000    0.00000    3.51300
   2.10200    2.82400    0.22300    1.00000    0.00000    1.00000    2.87000
   2.11000    4.20500    1.51200    1.04600    0.00000    2.00000    5.00200
   0.28900    2.55500    1.11000    1.68600    0.00000    0.00000    2.60100
   1.20900    3.14300    0.13400    1.64100    0.00000    0.00000    2.26400
   2.99400    3.17900    0.00000    0.80500    0.00000    0.00000    4.15400
   4.20700    3.32300    1.23200    1.13400    0.00000    0.00000    6.52500
   4.26800    3.59300    1.23600    1.16600    0.00000    0.00000    7.60700
   3.37400    3.73900    0.00000    1.20400    0.00000    1.00000    5.43400
   2.59100    3.89600    0.13400    1.98400    0.00000    0.00000    3.45000
   2.60400    2.42900    0.83000    1.69600    0.00000    0.00000    3.39100
   2.02100    3.36100    0.22300    1.43700    1.00000    2.00000    3.16800
   2.37000    1.97700    1.11200    0.88100    0.00000    0.00000    4.79800
   1.23900    4.19100    0.76200    2.19500    0.00000    0.00000    2.61800
   4.03800    4.02900    0.96500    1.72900    0.00000    0.00000    4.45100
   3.04800    3.91400    0.56000    1.63700    0.00000    1.00000    3.92600
   3.39500    3.37800    0.13400    0.98800    0.00000    0.00000    4.65000
   1.85900    2.83400    0.13400    1.23700    0.00000    0.00000    3.03000
   2.81300    3.53200    0.13400    1.11000    0.00000    0.00000    4.16500
   3.04600    2.30900    0.90700    0.87100    0.00000    0.00000    3.77500
   1.24600    2.88800    0.25100    0.94400    0.00000    0.00000    1.93500
   2.81300    3.46100    0.22300    1.12000    0.00000    0.00000    4.67200
   0.15600    1.96100    0.13400    1.27000    0.00000    0.00000    2.50500
   4.06600    3.89800    0.88700    1.45000    0.00000    0.00000    5.99900
   2.60400    3.27700    0.48600    1.41600    0.00000    0.00000    5.47000
  -0.38600    1.33300    0.75400    1.14800    0.00000    1.00000    3.48700
   1.18200    2.81800    0.88000    1.48800    0.00000    0.00000    3.72600
   1.33500    2.86600    0.22300    1.28800    2.00000    0.00000    3.41100
   1.61000    2.25100    0.63800    0.87100    1.00000    0.00000    4.41600
   2.35200    3.04600    0.00000    1.33300    4.00000    0.00000    3.61400
  -0.93700    3.20100    0.69300    2.00400    0.00000    0.00000    0.33000
   4.75400    4.05700    1.03200    1.18300    1.00000    3.00000    8.20100
   1.59100    2.83400    0.13400    0.95000    0.00000    0.00000    3.02100
   2.06000    3.46200    0.40500    1.71700    0.00000    1.00000    4.55700
  -1.17400    3.41000    0.13400    1.72200    0.00000    0.00000    3.01700
   2.39100    3.57800    0.49600    1.40600    0.00000    1.00000    4.32000
   3.34500    3.81400    0.33100    1.22500    0.00000    1.00000    3.69800
   2.60400    3.21900    0.81100    1.12700    0.00000    0.00000    4.75900
