  -1.00000    0.20000   -0.15762   -0.35870    0.00198   -0.07143    0.33333   20.60000
  -1.00000   -0.60000   -0.62791   -0.71739   -0.46016   -0.33333    0.00000   26.50000
  -1.00000    1.00000    0.20930    0.02174    0.52027   -0.04762   -0.66667   13.00000
  -1.00000    0.20000   -0.15762    0.29348    0.03884   -0.35714    0.33333   17.70000
  -1.00000    0.20000   -0.18863   -0.46739   -0.06379   -0.04762   -0.16667   19.00000
  -1.00000   -0.60000   -0.57106   -0.52174   -0.36377    0.19048    1.00000   27.00000
  -1.00000    1.00000    0.29199    0.02174    0.39892   -0.32143    0.33333   17.50000
  -1.00000    0.20000   -0.32816   -0.46739   -0.30819   -0.10714   -1.00000   22.00000
  -1.00000   -0.60000   -0.72093   -0.56522   -0.65580   -0.28571   -0.83333   23.00000
  -1.00000   -0.60000   -0.88114   -0.73913   -0.80607    0.48810   -0.83333   26.00000
  -1.00000   -0.60000   -0.77261   -0.54348   -0.43748    0.38095    1.00000   28.00000
   0.00000   -0.60000   -0.85013   -0.65217   -0.81457   -0.22619    0.16667   29.00000
  -1.00000    1.00000    0.21964    0.59783    0.76864    0.25000   -1.00000    9.00000
  -1.00000    1.00000    0.23514   -0.08696    0.07230   -0.52381   -1.00000   18.00000
  -1.00000    1.00000    0.20930   -0.09783   -0.11766   -0.52381   -0.16667   13.00000
  -1.00000    1.00000    0.45736    0.07609    0.40006   -0.40476   -0.50000   15.00000
   1.00000   -0.60000   -0.65891   -0.46739   -0.46300   -0.26190    0.33333   27.50000
  -1.00000   -0.60000   -0.62791   -0.54348   -0.28721    0.20238    0.66667   26.40000
   0.00000   -0.60000   -0.73127   -0.54348   -0.23788    0.07143   -0.16667   23.00000
  -1.00000    1.00000    0.71576    0.13043    0.91891   -0.28571   -0.50000   11.00000
  -1.00000    1.00000    0.29199    0.13043    0.21463   -0.28571    0.00000   13.00000
  -1.00000    0.20000   -0.05943   -0.41304   -0.02297    0.07143   -0.33333   15.00000
  -1.00000   -0.60000   -0.57106   -0.57609   -0.29572    0.14286    0.33333   23.80000
   1.00000   -0.60000   -0.73127   -0.69565   -0.42047    0.22619    0.83333   31.60000
   1.00000   -0.60000   -0.85013   -0.77174   -0.69833    0.19048    0.66667   33.80000
   0.00000   -0.60000   -0.88114   -0.75000   -0.70683   -0.20238    0.50000   37.30000
  -1.00000    0.20000   -0.05943   -0.41304   -0.05359   -0.16667   -0.83333   19.00000
  -1.00000    1.00000    0.71576    0.45652    0.47831   -0.63095    0.16667   16.00000
  -1.00000    1.00000    0.20930   -0.08696    0.27984   -0.16667    0.00000   13.00000
   1.00000   -0.60000   -0.65891   -0.46739   -0.48852   -0.19048    0.33333   21.10000
  -1.00000    0.20000   -0.05943   -0.41304   -0.02694   -0.10714   -0.83333   17.00000
  -1.00000    1.00000    0.45736    0.29348    0.47207   -0.52381   -0.83333   14.00000
  -1.00000    0.20000   -0.01809   -0.30435   -0.23504   -0.34524   -0.83333   18.00000
  -1.00000    1.00000    0.29199   -0.03261    0.25716   -0.14286    0.50000   18.20000
   0.00000   -0.60000   -0.67959   -0.39130   -0.12844   -0.08333    0.00000   20.00000
  -1.00000    1.00000    0.45736    0.07609    0.34675   -0.40476   -0.50000   13.00000
  -1.00000    1.00000    0.45736    0.45652    0.16303   -0.64286   -0.50000   11.00000
  -1.00000    1.00000    0.22481   -0.08696    0.26283   -0.11905    0.50000   17.00000
  -1.00000    1.00000    0.46253    0.00000    0.32804   -0.38095    0.50000   16.50000
  -1.00000   -0.60000   -0.80879   -0.68478   -0.65013   -0.22619    0.33333   30.90000
   1.00000   -0.60000   -0.79328   -0.47826   -0.56564    0.01190   -0.50000   22.00000
   1.00000   -0.60000   -0.88114   -0.76087   -0.76637    0.21429    1.00000   37.00000
  -1.00000    1.00000    0.71576    0.40217    0.61667   -0.58333   -0.83333   14.00000
   0.00000   -0.60000   -0.88630   -0.72826   -0.65410    0.01190   -0.16667   25.00000
  -1.00000   -0.60000   -0.57106   -0.52174   -0.40062   -0.04762    0.50000   28.40000
   0.00000   -0.60000   -0.85013   -0.65217   -0.67394   -0.07143    0.66667   34.30000
  -1.00000    0.20000   -0.05943   -0.30435    0.15225   -0.02381    0.00000   18.50000
   1.00000   -0.60000   -0.92248   -0.83696   -0.77885    0.30952   -0.33333   32.00000
   0.00000   -0.60000   -0.85013   -0.84783   -0.87468    0.30952   -0.83333   27.00000
  -1.00000   -0.60000   -0.77261   -0.54348   -0.55656    0.19048    1.00000   34.00000
  -1.00000    1.00000    0.71576    0.56522    0.53785   -0.50000    0.16667   15.50000
  -1.00000   -0.60000   -0.62791   -0.50000   -0.45619   -0.17857    0.00000   25.00000
   1.00000   -1.00000   -0.98966   -0.41304   -0.54239   -0.46429    0.66667   23.70000
   1.00000   -0.60000   -0.85013   -0.77174   -0.78906   -0.00000    0.16667   30.00000
  -1.00000    0.20000   -0.31783   -0.46739   -0.12560    0.21429    0.33333   20.50000
   0.00000   -0.60000   -0.85013   -0.91304   -0.63652    0.84524   -0.66667   23.00000
   0.00000   -0.60000   -0.72610   -0.43478   -0.24468   -0.22619   -0.16667   22.00000
   1.00000   -0.60000   -0.60724   -0.45652   -0.40346   -0.29762    1.00000   32.00000
   0.00000    0.20000   -0.60207   -0.67391   -0.12277    0.38095    0.83333   30.70000
  -1.00000    0.20000   -0.15246   -0.52174   -0.09385    0.07143   -0.16667   19.00000
  -1.00000   -0.60000   -0.72093   -0.56522   -0.55656   -0.04762   -0.66667   22.00000
  -1.00000    0.20000   -0.05943   -0.71739    0.03147    0.54762   -0.16667   15.00000
   0.00000   -0.60000   -0.88630   -0.97826   -0.73235    0.63095    0.66667   44.30000
  -1.00000   -0.60000   -0.54522   -0.35870   -0.32691   -0.23809    0.66667   27.90000
  -1.00000   -0.60000   -0.84496   -0.73913   -0.71250   -0.10714    0.66667   32.10000
  -1.00000   -0.60000   -0.65375   -0.58696   -0.56223   -0.41667    0.83333   30.00000
  -1.00000    1.00000    0.92248    0.83696    0.77034   -0.64286   -0.50000   13.00000
  -1.00000    0.20000   -0.15246   -0.52174   -0.16530    0.14286    0.00000   22.50000
  -1.00000    0.20000   -0.18863   -0.41304    0.14375    0.15476    0.16667   19.00000
  -1.00000   -0.60000   -0.91215   -0.93478   -0.76070    0.69048    0.00000   29.00000
   0.00000   -0.60000   -0.72610   -0.28261   -0.25149   -0.22619   -0.66667   18.00000
   1.00000   -0.60000   -0.94315   -0.86956   -0.91948    0.05952    0.83333   39.10000
   0.00000   -0.60000   -0.88630   -0.97826   -0.59059    0.86905    0.66667   43.40000
  -1.00000    1.00000    0.20930    0.02174    0.04111   -0.70238   -1.00000   17.00000
   0.00000   -0.60000   -0.94315   -0.73913   -0.73859    0.36905   -0.83333   30.00000
  -1.00000    0.20000    0.00258   -0.57609   -0.20499    0.07143    1.00000   38.00000
   0.00000   -0.60000   -0.88630   -0.73913   -0.81627   -0.28571   -0.16667   29.00000
   0.00000   -0.20000   -0.40569   -0.66304    0.08704    0.44048    0.50000   25.40000
  -1.00000    1.00000    0.29199    0.13043    0.40799   -0.40476   -0.83333   14.00000
  -1.00000    0.20000   -0.31783   -0.57609   -0.17380    0.03571    0.33333   20.80000
   1.00000   -0.60000   -0.95866   -0.93478   -0.97959    0.01190   -0.33333   31.00000
  -1.00000   -0.60000   -0.62791   -0.71739   -0.55316    0.36905   -0.50000   21.00000
  -1.00000    1.00000    0.45736    0.07609    0.60306   -0.28571   -0.16667   15.00000
   0.00000   -0.60000   -0.85013   -0.65217   -0.67281   -0.27381    0.16667   30.50000
   1.00000    0.20000   -0.59690   -0.19565   -0.25319   -0.30952    0.83333   24.20000
   1.00000   -0.60000   -0.76744   -0.46739   -0.65126   -0.28571   -0.83333   25.00000
  -1.00000    0.20000   -0.01809   -0.30435    0.20045    0.30952   -0.16667   15.00000
  -1.00000    1.00000    0.71576    0.40217    1.00000   -0.52381   -0.83333   13.00000
  -1.00000    0.20000   -0.18863   -0.35870   -0.14488    0.01190   -0.50000   18.00000
  -1.00000   -0.60000   -0.72093   -0.57609   -0.60476    0.25000   -0.50000   19.00000
  -1.00000    0.20000   -0.15762   -0.35870    0.02750    0.05952    0.16667   20.50000
   1.00000   -0.60000   -0.79328   -0.68478   -0.58208    0.04762    0.83333   32.40000
  -1.00000   -0.60000   -0.57106   -0.54348   -0.36093   -0.04762    0.16667   24.50000
  -1.00000    0.20000   -0.46770   -0.44565   -0.22257   -0.22619   -0.16667   18.00000
  -1.00000    1.00000    0.86563    0.76087    0.71250   -0.64286   -0.66667   11.00000
  -1.00000    1.00000    0.46253    0.21739    0.55940   -0.40476   -0.50000   13.00000
  -1.00000    1.00000    0.92248    0.83696    0.53048   -0.94048   -1.00000   14.00000
   0.00000   -0.60000   -0.84496   -0.59783   -0.65636    0.01190   -0.33333   29.00000
  -1.00000    0.20000   -0.45736   -0.25000   -0.38361   -0.41667    0.50000   26.80000
   0.00000   -0.60000   -0.72610   -0.30435   -0.40629   -0.28571   -0.50000   24.00000
  -1.00000    1.00000    0.71576    0.56522    0.59286   -0.46429   -0.66667   13.00000
  -1.00000    0.20000   -0.05943   -0.41304   -0.05585    0.19048   -0.50000   16.00000
  -1.00000    0.20000   -0.05943   -0.35870    0.04678   -0.04762   -0.16667   18.00000
   0.00000   -0.60000   -0.84496   -0.52174   -0.63028   -0.10714   -0.50000   26.00000
  -1.00000    0.20000   -0.18863   -0.41304   -0.08137   -0.11905    0.00000   22.00000
   1.00000   -0.60000   -0.85013   -0.50000   -0.61724    0.07143   -0.66667   28.00000
  -1.00000    1.00000    0.45736    0.45652    0.63652   -0.46429   -0.50000   12.00000
   0.00000   -0.60000   -0.62274   -0.72826   -0.10576    1.00000    0.50000   27.20000
  -1.00000   -0.60000   -0.84755   -0.63044   -0.70910    0.07143   -0.66667   25.00000
  -1.00000    1.00000    0.46253    0.16304    0.42671   -0.40476   -0.66667   14.00000
  -1.00000   -0.60000   -0.88630   -0.68478   -0.70967   -0.22619   -0.33333   28.00000
   1.00000    0.20000   -0.54522   -0.32609   -0.25319   -0.10714    0.00000   19.00000
  -1.00000    1.00000    0.29199    0.13043    0.01276   -0.64286   -0.50000   15.00000
  -1.00000   -0.60000   -0.65375   -0.58696   -0.48285   -0.04762    1.00000   29.00000
  -1.00000    1.00000    0.29199    0.07609    0.43295   -0.32143    0.16667   15.50000
  -1.00000   -0.60000   -0.62791   -0.71739   -0.54919    0.30952   -0.83333   22.00000
  -1.00000    0.20000   -0.15762   -0.25000   -0.07457   -0.11905    0.50000   21.50000
  -1.00000    1.00000    0.29199    0.78261    0.57017   -0.34524   -1.00000   11.00000
  -1.00000   -0.60000   -0.65375   -0.58696   -0.50269   -0.08333    0.83333   27.20000
   1.00000    0.20000   -0.48320   -0.23913   -0.27020   -0.45238    0.83333   25.40000
  -1.00000    1.00000    0.45736    0.18478    0.63822   -0.34524   -0.66667   13.00000
  -1.00000    1.00000    0.46253    0.04348    0.38418   -0.25000    0.50000   15.50000
   0.00000   -0.60000   -0.72610   -0.30435   -0.44032   -0.42857    0.16667   21.50000
  -1.00000    0.20000   -0.15246   -0.52174   -0.09441    0.09524    0.33333   19.40000
   1.00000   -0.60000   -0.73127   -0.54348   -0.68982   -0.22619    1.00000   36.00000
   1.00000   -0.60000   -0.88114   -0.76087   -0.79756    0.14286    1.00000   31.00000
  -1.00000    1.00000    0.45736    0.40217    0.41026   -0.40476   -0.50000   13.00000
   1.00000   -0.60000   -0.88114   -0.77174   -0.80040   -0.08333    1.00000   32.00000
   0.00000   -0.60000   -0.94315   -0.86956   -0.87979    0.26190    0.16667   36.00000
   1.00000   -0.60000   -0.73643   -0.44565   -0.61043   -0.20238    0.33333   27.20000
  -1.00000    0.20000   -0.45736   -0.25000   -0.44315   -0.60714    0.50000   28.80000
   1.00000   -0.60000   -0.88114   -0.77174   -0.86561   -0.30952    0.66667   44.60000
  -1.00000   -0.60000   -0.90698   -0.80435   -0.85143   -0.00000    0.83333   39.00000
  -1.00000    1.00000   -0.00775   -0.52174    0.02467    0.69048    0.50000   23.90000
  -1.00000    1.00000    0.21964    0.13043    0.16757   -0.58333   -0.50000   14.00000
   0.00000    0.20000   -0.48320   -0.19565    0.25149    0.03571    0.00000   16.50000
  -1.00000   -0.60000   -0.84496   -0.63044   -0.68755   -0.16667   -0.66667   28.00000
  -1.00000   -0.60000   -0.62791   -0.54348   -0.27587    0.10714    0.50000   22.30000
  -1.00000   -0.60000   -0.72093   -0.63044   -0.52481    0.01190   -0.33333   26.00000
  -1.00000    1.00000    0.22481    0.07609    0.28551   -0.46429    0.16667   17.50000
  -1.00000    1.00000    0.71576    1.00000    0.51120   -0.82143   -0.50000   16.00000
  -1.00000    1.00000    0.62791    0.45652    0.89510   -0.58333   -0.83333   12.00000
   0.00000   -0.60000   -0.73127   -0.54348   -0.06039    0.65476    0.00000   19.00000
   1.00000   -0.60000   -0.76744   -0.46739   -0.62291   -0.10714   -0.66667   24.00000
  -1.00000    1.00000    0.23514   -0.08696    0.40913   -0.28571   -0.66667   13.00000
   1.00000   -0.60000   -0.88114   -0.77174   -0.80040   -0.16667    1.00000   38.00000
  -1.00000   -0.60000   -0.57106   -0.52174   -0.46527   -0.38095    0.50000   33.50000
  -1.00000    0.20000   -0.18863   -0.52174    0.00255    0.27381    0.66667   19.10000
  -1.00000    1.00000    0.29199    0.13043    0.31954   -0.38095    0.00000   13.00000
  -1.00000    1.00000    0.29199    0.13043    0.63595   -0.22619   -0.16667   16.00000
   0.00000   -0.60000   -0.72610   -0.25000   -0.32974   -0.08333    0.33333   21.60000
   1.00000   -1.00000   -0.98966   -0.44565   -0.59342   -0.34524   -0.66667   19.00000
  -1.00000    0.20000   -0.18863   -0.30435   -0.00936    0.02381    0.50000   20.60000
   1.00000   -0.60000   -0.94315   -0.77174   -0.80890    0.30952   -0.33333   31.00000
  -1.00000    1.00000    0.20930   -0.01087    0.37738   -0.22619   -0.50000   14.00000
  -1.00000    0.20000   -0.31783   -0.57609   -0.21917    0.21429    0.50000   19.80000
  -1.00000   -0.60000   -0.54522   -0.50000   -0.42898   -0.23809    0.83333   25.80000
  -1.00000    1.00000    0.45736   -0.14130    0.29685    0.11905    0.50000   23.00000
  -1.00000    1.00000    0.40569    0.23913    0.13184   -1.00000   -1.00000   14.00000
   0.00000   -0.20000   -0.72610   -0.77174   -0.24185    0.41667    0.66667   36.40000
   0.00000   -0.60000   -0.81395   -0.46739   -0.56790    0.13095   -1.00000   25.00000
  -1.00000    0.20000   -0.15246   -0.41304   -0.26963   -0.04762   -0.33333   19.00000
  -1.00000    0.20000   -0.01809   -0.30435    0.14488    0.19048   -0.33333   16.00000
  -1.00000    1.00000    0.71576    0.34783    0.77658   -0.52381   -0.83333   13.00000
  -1.00000    0.20000   -0.01809   -0.19565    0.01900   -0.15476    0.33333   18.10000
   1.00000   -0.60000   -0.73643   -0.50000   -0.53445   -0.16667    0.66667   37.00000
   0.00000   -0.60000   -0.85013   -1.00000   -0.87411    0.48810   -1.00000   26.00000
   0.00000   -0.60000   -0.85013   -0.65217   -0.61043   -0.22619   -0.33333   26.00000
  -1.00000   -0.60000   -0.77261   -0.57609   -0.45449   -0.02381    1.00000   31.00000
   0.00000   -0.60000   -0.80879   -0.69565   -0.79189   -0.13095    1.00000   36.00000
  -1.00000   -0.60000   -0.62791   -0.56522   -0.33258   -0.09524    1.00000   27.00000
   1.00000   -0.60000   -0.88114   -0.77174   -0.78338   -0.02381    1.00000   38.00000
   0.00000   -0.60000   -0.59690   -0.77174   -0.07173    0.64286    0.66667   30.00000
   1.00000   -0.60000   -0.65891   -0.52174   -0.37738   -0.10714    0.66667   29.80000
  -1.00000    1.00000    0.29199    0.02174    0.20329   -0.38095    0.33333   19.40000
  -1.00000    1.00000    0.45736    0.45652    0.56904   -0.51191    0.00000   16.50000
  -1.00000    0.20000   -0.32300   -0.52174   -0.41310   -0.16667   -1.00000   21.00000
  -1.00000   -0.60000   -0.65375   -0.58696   -0.57074   -0.40476    1.00000   36.00000
  -1.00000    0.20000   -0.05943   -0.54348   -0.04225   -0.10714   -0.83333   19.00000
  -1.00000    1.00000   -0.00775   -0.30435    0.38758    0.30952    0.16667   17.00000
   1.00000    0.20000   -0.59690   -0.44565   -0.31840   -0.22619    0.16667   22.00000
   1.00000   -0.60000   -0.98450   -0.79348   -0.90927    0.30952   -0.83333   31.00000
   1.00000   -0.60000   -0.91215   -0.79348   -0.71817    0.33333    0.66667   40.80000
  -1.00000    0.20000   -0.18863   -0.57609    0.05018    0.02381    0.83333   17.60000
  -1.00000    1.00000    0.20930    0.01087   -0.09725   -0.61905    0.33333   18.10000
  -1.00000   -0.60000   -0.84496   -0.73913   -0.70967    0.10714    1.00000   36.00000
  -1.00000    0.20000   -0.05943   -0.30435    0.08137   -0.00000    0.16667   17.50000
  -1.00000    1.00000    0.29199    0.13043    0.46130   -0.40476    0.00000   16.00000
  -1.00000    0.20000   -0.05943   -0.41304    0.22937    0.07143   -0.33333   16.00000
   1.00000   -0.60000   -0.94832   -0.93478   -0.78906    0.35714    0.33333   32.80000
   1.00000   -0.60000   -0.88114   -0.92391   -0.89680    0.11905    0.00000   33.00000
