   1.00000   83.67000   84.18400    1.00000    0.34900    2.39700    2.09200    1.00000    5.76000
   0.00000  132.86000   33.57100    0.00000    2.89200    3.48700    0.57200    2.00000    3.61900
   1.00000   87.66000  139.99500    3.00000    1.58900    3.51400    1.33900    2.00000    3.81900
   1.00000   39.44000   45.65200    0.00000    4.33200    4.12100    1.12000    0.00000    8.16400
   0.00000   17.07000   25.14500    0.00000    0.20200    1.33400    1.66000    0.00000    2.81500
   0.00000    0.00000    0.00000    0.00000    6.47000    2.82100    0.46900    0.00000    8.44000
   0.00000   58.56000   75.96500    0.00000    1.64800    2.68900    1.67500    4.00000    7.03700
   0.00000   54.57000   41.02800    0.00000    5.20800    3.69100    1.58500    0.00000    6.38300
   0.00000    0.00000    0.00000    0.00000    3.47700    1.85700    1.42900    0.00000    4.81900
   0.00000   12.53000   11.00000    0.00000    4.21400    2.68700    0.50400    0.00000    6.21000
   0.00000   28.24000    0.00000    0.00000    3.16900    2.23800    0.71100    0.00000    4.02500
   0.00000   84.13000   65.79400    4.00000   -1.43400    1.22500    0.33500    2.00000    3.88400
   0.00000   45.82000   50.74700    0.00000    2.50900    2.11900    0.61700    1.00000    4.31000
   1.00000   75.01000  128.30600    1.00000    1.14600    3.50500    1.23200    3.00000    3.67400
   0.00000   40.46000   85.36700    2.00000    3.63500    3.12000    1.03000    0.00000    4.96200
   0.00000    0.00000    0.00000    0.00000    3.67700    2.32400    0.86800    0.00000    5.00100
   2.00000   58.20000   86.31100    2.00000    3.65200    3.55700    1.23700    2.00000    4.24900
   0.00000   91.49000  117.37600    5.00000   -0.32900    1.86800    1.62100    5.00000    1.98300
   0.00000   42.52000   44.31300    0.00000    2.77700    2.64300    1.05500    0.00000    4.57000
   0.00000    9.23000   11.00000    0.00000    2.27400    2.15000    1.75400    0.00000    3.70000
   0.00000   40.46000   85.36700    2.00000    0.70600    1.76800    1.59400    0.00000    1.22000
   0.00000   26.02000   32.89700    2.00000    3.61700    2.07400    0.28800    1.00000    5.55900
   0.00000    0.00000    0.00000    0.00000    4.41600    2.60500    0.72300    0.00000    5.62600
   2.00000   96.30000  102.04400    1.00000   -0.46300    2.43400    1.25600    3.00000    5.12000
   0.00000  164.90000  144.33300    4.00000    0.16000    3.32300    0.83300    4.00000    4.33000
   0.00000   52.04000   65.79400    4.00000    3.58600    2.75800    0.51800    2.00000    5.38100
   0.00000   93.06000  157.65600    2.00000    2.01400    3.76700    1.18900    0.00000    4.33300
   0.00000   58.92000  107.36600    2.00000   -0.93700    2.29900    1.93600    0.00000    0.46000
   0.00000  118.22000  238.56200    5.00000    2.20100    3.83000    1.21400    0.00000    6.42400
   2.00000   59.32000   78.20400    0.00000    4.83200    4.07400    0.96200    1.00000    8.58200
   0.00000   91.64000  101.49400    0.00000    2.23900    2.33400    0.88400    2.00000    3.71800
   2.00000   59.32000   93.16400    0.00000    4.27900    3.96200    0.90700    1.00000    9.13300
   4.00000  166.75000  250.10200    6.00000    1.63200    5.36900    1.14500    6.00000    4.27000
   0.00000   20.23000   42.68300    1.00000    1.85900    1.91800    0.94900    0.00000    3.76000
   0.00000   45.82000   50.74700    0.00000    3.11000    2.16000    0.47800    1.00000    4.66000
   0.00000   56.15000   36.02200    2.00000    1.97100    2.47200    1.14400    2.00000    3.52000
   0.00000   20.23000   42.68300    1.00000    3.04600    2.02700    0.60200    0.00000    5.63200
   1.00000   57.53000  110.51200    2.00000    1.64300    2.09000    0.81400    0.00000    3.06800
   0.00000   39.94000  104.28900    0.00000    4.28100    3.35700    1.00200    3.00000    4.71300
   0.00000   13.14000    9.50700    0.00000    3.74300    2.99500    0.78300    0.00000    4.73700
   0.00000  100.39000   91.77500    0.00000    2.68200    2.90300    1.82300    1.00000    9.14100
   0.00000  121.26000    6.24900    0.00000    2.86900    3.09500    0.86200    2.00000    6.18800
   0.00000    0.00000    0.00000    0.00000    2.60800    1.85700    1.00000    0.00000    3.00200
   1.00000   23.79000   31.05900    0.00000   -0.31700    1.15500    1.40300    1.00000    1.05700
   0.00000   62.73000   86.37800    2.00000    2.59000    2.54600    1.27700    5.00000    3.60100
   0.00000  118.06000   85.36700    4.00000   -0.08100    1.76800    1.06100    0.00000    3.75800
   0.00000   26.02000   32.89700    2.00000    2.72900    1.97500    0.46200    1.00000    5.43700
   0.00000   24.06000   35.77600    2.00000    3.32600    2.83700    0.84900    2.00000    4.65100
   0.00000   45.82000   50.74700    0.00000    2.50900    2.10800    0.61700    1.00000    3.84000
   3.00000  115.14000  206.60900    3.00000   -1.16900    2.33300    1.49600    1.00000    2.73600
   0.00000   21.26000   29.01100    1.00000    2.82600    2.70900    1.18400    1.00000    5.03600
   0.00000   12.03000   18.01100    1.00000    0.80000    1.50900    1.84600    1.00000    3.11800
   0.00000   92.31000   70.94100    2.00000    2.19500    3.08200    0.99900    3.00000    7.04400
   0.00000   20.23000   42.68300    1.00000    2.19300    1.97500    1.02000    0.00000    4.76500
   0.00000    0.00000    0.00000    0.00000    5.98900    2.71200    0.52900    0.00000    6.99000
   0.00000    9.23000   11.00000    0.00000    2.72300    2.32100    1.16500    0.00000    7.33700
   0.00000    0.00000    0.00000    0.00000    5.12400    2.51500    0.45600    0.00000    6.77700
   0.00000   67.01000   70.94100    2.00000    1.05200    2.67600    1.13700    3.00000    6.11900
   0.00000   45.82000   50.74700    0.00000    2.24100    2.09000    0.94200    1.00000    4.14000
   0.00000    0.00000    0.00000    0.00000    3.47800    1.90800    0.57500    0.00000    4.78700
   1.00000  182.83000  315.56100    5.00000    1.66200    5.83100    1.35100    0.00000    3.88400
   0.00000   55.05000   61.74700    0.00000    4.29600    3.05500    0.60300    1.00000    5.87800
   1.00000   32.67000   45.05500    0.00000    3.35500    3.09700    0.88900    2.00000    4.82100
  11.00000  278.80000  413.19100    5.00000   -0.32100    6.43900    1.55700   11.00000    4.77900
   4.00000  155.68000  277.56200    4.00000   -1.35800    3.03300    1.55200    2.00000    3.10300
   0.00000   75.74000   93.69400    3.00000    2.19500    4.36500    1.08600    2.00000    5.13200
   0.00000   20.23000   42.68300    1.00000    1.20900    1.43000    0.47600    0.00000    3.00200
   0.00000   30.18000   48.53100    0.00000    4.27000    3.35400    0.86700    3.00000    6.21200
   0.00000   56.15000   36.02200    2.00000   -0.27300    1.55900    0.87600    2.00000    3.82500
   1.00000   54.37000   92.97300    1.00000    3.37400    3.06100    0.91000    0.00000    3.59900
   1.00000   50.24000   26.66300    0.00000    3.24700    2.78900    1.20600    1.00000    6.07400
   2.00000   74.60000  135.65700    2.00000   -0.45000    1.82300    1.07500    0.00000    2.76400
   2.00000   75.27000  111.45600    2.00000    0.77900    2.70900    1.02900    2.00000    2.20100
   1.00000   58.20000  116.23200    2.00000    3.50800    3.28100    0.80300    2.00000    7.80200
   0.00000   94.88000  149.49800    0.00000    4.20700    3.04700    1.28300    3.00000    6.24000
   0.00000   52.49000  103.37700    3.00000   -0.91700    1.84000    1.75000    1.00000    2.95700
   0.00000   29.46000   53.68300    1.00000    1.24600    2.04600    1.11400    0.00000    3.48000
   0.00000    0.00000    0.00000    0.00000    5.55100    3.23100    0.68900    0.00000    6.00400
   0.00000   45.82000   50.74700    0.00000    2.84200    2.14100    0.72600    1.00000    4.61100
   0.00000    0.00000    0.00000    0.00000    3.38600    2.28400    0.80500    0.00000    4.14700
   0.00000   87.43000   55.41100    2.00000   -1.22200    1.57500    1.36200    1.00000    6.61800
   1.00000  182.91000  301.14700    4.00000    0.03600    4.75800    1.58400    1.00000    4.60200
   0.00000   71.84000   83.64400    2.00000    1.96900    2.16800    0.53100    2.00000    4.48900
   0.00000    0.00000    0.00000    0.00000    2.25500    1.80000    0.91700    0.00000    2.48000
   0.00000    0.00000   59.84000    0.00000    1.81700    1.43000    1.98800    0.00000    2.01800
   0.00000   34.14000   50.29000    0.00000    1.41500    2.07400    1.10800    0.00000    5.00100
   0.00000   82.48000   37.55000    0.00000    3.21300    2.80600    1.17200    1.00000    8.84900
   0.00000   50.94000   76.13200    1.00000    4.01300    3.21800    1.10400    3.00000    5.02000
   0.00000   86.71000   27.18500    0.00000    2.06000    2.39400    1.08800    0.00000    6.57900
   0.00000    0.00000    0.00000    0.00000    4.33200    2.70000    0.75800    0.00000    5.40600
   0.00000   20.23000   42.68300    1.00000    5.08900    3.04900    1.24700    0.00000    6.06400
   0.00000   98.61000   57.46000    0.00000    2.05400    2.89100    1.44200    3.00000    9.14000
   2.00000   64.63000   90.30000    1.00000    1.65100    2.78500    1.34600    1.00000    3.07200
   0.00000   18.46000   22.00000    0.00000    1.46600    2.15000    1.22000    0.00000    2.93700
   1.00000  114.76000   56.99900    1.00000   -0.75500    2.21400    1.03300    1.00000    5.13000
   1.00000   26.30000   81.02500    0.00000    5.40000    3.93600    0.99100    0.00000    8.11200
   0.00000   20.23000   42.68300    1.00000    3.90900    2.12000    0.28100    0.00000    5.56000
   1.00000  133.44000   75.19300    0.00000    0.90600    3.03400    0.94100    3.00000    7.85800
   0.00000    7.76000    0.00000    0.00000    1.58600    2.67400    1.16600    2.00000    4.82300
   0.00000   20.23000   42.68300    1.00000    3.31400    2.02700    0.40900    0.00000    5.46100
   0.00000    0.00000    0.00000    0.00000    2.41900    1.22500    0.66700    0.00000    3.74000
   0.00000   20.23000   42.68300    1.00000    1.50600    1.85700    0.85300    0.00000    3.85000
   0.00000  111.87000  144.17700    1.00000    2.70200    2.62600    1.04700    2.00000    6.00000
   1.00000   26.30000   36.14500    0.00000    2.75400    2.45400    1.42100    0.00000    4.88600
   0.00000   86.34000  105.33100    1.00000    1.61600    2.97000    0.98300    5.00000    4.16800
   3.00000   81.70000  115.44500    1.00000    5.44000    4.62300    1.51700    1.00000    4.85000
   0.00000  157.69000  194.92400    1.00000    1.54300    2.52700    0.64700    3.00000    3.43000
   2.00000   59.32000   78.20400    0.00000    3.90700    3.93400    0.90800    1.00000    9.06300
   0.00000   57.28000   71.69400    3.00000    2.12400    3.45500    1.06900    2.00000    4.30500
   0.00000    0.00000    0.00000    0.00000    2.22600    1.40100    0.57000    0.00000    3.49200
   1.00000   64.18000    0.00000    0.00000   -0.04900    1.15500    1.50000    0.00000    4.56000
   1.00000   43.37000   61.29000    0.00000    3.62600    3.37300    1.11100    0.00000    5.54100
   0.00000   70.14000   50.90800    3.00000   -0.79200    1.40100    0.64700    2.00000    3.97900
   0.00000    3.24000    3.12400    0.00000    4.76100    3.27300    1.05200    1.00000    5.55100
   0.00000  110.96000   13.84300    0.00000    3.08900    3.01500    0.88900    0.00000    6.44200
   0.00000  110.96000   13.84300    0.00000    1.32100    2.40200    0.98800    0.00000    7.12800
   0.00000    0.00000    0.00000    0.00000    4.82300    2.29900    1.60000    0.00000    5.29900
   0.00000   70.14000   50.90800    3.00000   -0.27300    1.57700    0.75600    2.00000    3.93600
   0.00000   20.23000   42.68300    1.00000    3.61700    2.07400    0.34000    0.00000    6.11000
   1.00000   69.48000  142.26200    0.00000    4.09600    3.88400    1.16900    2.00000    5.74200
   0.00000   50.94000   76.13200    1.00000    3.77000    3.09100    1.08100    3.00000    4.01000
   1.00000  116.67000  180.36600    4.00000   -1.96000    2.02100    1.83000    1.00000    3.90800
   0.00000   29.46000   53.68300    1.00000    2.73600    2.18300    0.62000    0.00000    5.52700
   0.00000   54.57000   41.02800    0.00000    4.78900    3.58000    1.50500    0.00000    5.51200
   0.00000    0.00000    0.00000    0.00000    4.06300    1.96000    0.49900    0.00000    4.75000
   1.00000   74.57000  147.15300    2.00000    1.78900    3.37300    1.17500    3.00000    3.43200
   0.00000   20.23000   42.68300    1.00000    3.61700    2.07400    0.34000    0.00000    5.61000
   0.00000    0.00000    0.00000    0.00000    4.33200    2.72700    0.75800    0.00000    6.70000
   0.00000    0.00000    0.00000    0.00000    4.20300    1.99700    1.62500    0.00000    5.47000
   0.00000  100.87000  112.49400    0.00000    3.27500    2.66100    1.24300    2.00000    5.63600
   0.00000    0.00000    0.00000    0.00000    6.16600    2.95900    0.57000    0.00000    8.27100
   0.00000   47.56000   65.15500    1.00000    1.57000    2.64400    1.37600    1.00000    4.91000
   0.00000   81.95000  157.06100    4.00000    1.35800    3.32500    1.24800    1.00000    3.27700
   0.00000   18.46000   22.00000    0.00000    4.26800    3.16400    0.85700    0.00000    7.08700
   1.00000   30.21000   36.14500    0.00000    2.26500    2.34400    0.92300    0.00000    4.03200
   0.00000   54.57000   41.02800    0.00000    3.23400    2.90100    1.98400    0.00000    4.86200
   0.00000   20.23000   42.68300    1.00000    0.80000    1.40100    1.69800    0.00000    1.82000
   0.00000   35.25000   43.89700    2.00000    1.24600    2.04600    1.08100    1.00000    5.64200
   0.00000   12.03000   18.01100    1.00000    1.58700    1.65400    1.73200    1.00000    2.35200
   0.00000    0.00000    0.00000    0.00000    5.98900    2.75800    0.52900    0.00000    8.16000
   0.00000   35.25000   43.89700    2.00000    1.24600    2.05600    1.08100    1.00000    5.57100
   1.00000   90.37000  131.63500    3.00000    0.33200    2.70600    1.31300    3.00000    2.07200
   0.00000   28.24000    0.00000    0.00000    4.76000    2.99500    0.65000    0.00000    6.02700
   1.00000   74.57000  132.19300    2.00000    1.67100    3.50100    1.09500    3.00000    3.74200
   0.00000   56.15000   36.02200    2.00000    3.11200    2.99700    0.70100    2.00000    3.53100
   0.00000   38.80000    0.00000    1.00000    1.36400    1.33400    1.21200    0.00000    6.10200
   0.00000   56.15000   36.02200    2.00000    1.94500    2.46100    0.80500    2.00000    3.35100
   1.00000   37.30000   67.82800    1.00000    0.13300    1.40100    1.58200    0.00000    3.17000
   0.00000   91.64000  101.49400    0.00000    2.50700    2.33400    0.54300    2.00000    5.40200
   0.00000    0.00000    0.00000    0.00000    3.26700    2.11900    1.25000    0.00000    5.37300
   0.00000   45.82000   50.74700    0.00000    3.11000    2.14100    0.47800    1.00000    4.62000
   2.00000   59.32000  123.08400    0.00000    4.21700    4.11100    0.99400    1.00000    8.67800
   0.00000  115.41000   71.51200    0.00000    1.91900    2.72000    1.29100    1.00000    7.67100
   0.00000   29.46000   53.68300    1.00000    1.62900    2.35300    1.20000    0.00000    2.61400
   1.00000   36.26000   60.14400    0.00000    3.30000    3.46900    1.10200    2.00000    4.92000
   1.00000   80.74000   61.16600    2.00000   -0.31000    1.91800    0.57800    2.00000    4.22100
   0.00000   26.02000   32.89700    2.00000    2.12700    1.90800    0.59700    1.00000    5.19000
   0.00000    0.00000    0.00000    0.00000    4.06300    1.97500    0.49900    0.00000    4.83000
   0.00000    0.00000    0.00000    0.00000    1.11500    1.00000    0.58800    0.00000    4.63200
   1.00000   44.45000   16.78600    0.00000    3.26500    2.13400    0.63700    1.00000    6.13100
   0.00000    0.00000    0.00000    0.00000    3.25900    1.97900    1.11100    0.00000    4.30000
   0.00000   63.22000   80.14400    0.00000    1.93600    3.85200    1.15100    0.00000    8.02800
   1.00000   76.21000  117.51100    3.00000    1.11900    2.25000    0.37500    2.00000    3.64400
   0.00000    0.00000    0.00000    0.00000    2.22600    1.40100    0.82600    0.00000    3.63100
   0.00000   12.89000   16.78600    0.00000    2.66000    2.40800    0.97600    1.00000    3.61800
   0.00000   34.14000   50.29000    0.00000    0.07600    1.84000    1.49300    0.00000    3.78800
   1.00000   37.30000   67.82800    1.00000    4.54800    3.10100    1.13700    0.00000    4.56000
   2.00000  122.22000  155.54300    2.00000    1.40600    3.51100    1.45600    5.00000    2.59300
   1.00000   44.45000   16.78600    0.00000    2.53900    1.84000    0.92000    1.00000    5.42900
   0.00000    0.00000    0.00000    0.00000    3.25900    2.04800    1.11100    0.00000    3.77200
   2.00000   47.58000   62.11900    0.00000    3.13300    2.32400    0.46700    2.00000    6.21000
   0.00000  137.46000  152.24100    0.00000    2.35900    2.52700    0.82500    3.00000    4.39000
   2.00000   52.60000   72.29000    0.00000    4.09100    3.56800    1.15000    0.00000    5.19000
   0.00000   41.57000   57.28000    1.00000    0.73400    2.54800    1.85300    2.00000    3.25000
   2.00000  138.26000   86.13300    0.00000    0.49100    2.85400    1.14600    0.00000    8.34900
   0.00000   12.03000   18.01100    1.00000    6.72800    4.39200    1.55400    1.00000    6.53700
   0.00000   76.66000  108.31100    2.00000    2.08700    3.46800    1.13700    2.00000    4.65200
   0.00000   12.53000   11.00000    0.00000   -0.56400    1.50000    1.73300    0.00000    2.33200
   2.00000  104.06000  189.34000    3.00000    1.92900    3.19700    1.02100    0.00000    4.18700
   0.00000   70.14000   50.90800    3.00000    1.29400    2.20300    0.59100    2.00000    3.47600
   0.00000   15.79000    0.00000    1.00000    2.85900    2.61400    0.75200    1.00000    4.70000
   0.00000   42.52000   44.31300    0.00000    1.47300    2.24100    1.15800    0.00000    4.07200
   0.00000   45.61000   28.26900    0.00000    1.57900    2.39700    1.16200    1.00000    4.43700
   0.00000   41.57000   57.28000    1.00000    3.18000    3.29200    1.01400    2.00000    4.99200
   0.00000    0.00000    0.00000    0.00000    2.60400    1.43000    0.50500    0.00000    3.84200
   0.00000  138.45000  281.24500    6.00000    1.44200    3.87800    1.20500    0.00000    5.29100
   0.00000    9.23000   11.00000    0.00000    4.06800    2.75800    0.69500    0.00000    5.97900
   0.00000   60.13000   76.44800    0.00000    2.28800    2.84800    1.59100    4.00000    3.22000
   0.00000    0.00000    0.00000    0.00000    3.56200    2.03100    1.15000    0.00000    5.45000
   0.00000    0.00000    0.00000    0.00000    6.23200    2.76600    0.49300    0.00000    7.50900
   1.00000   26.30000   36.14500    0.00000    0.99600    1.72300    1.80500    0.00000    2.82700
   0.00000   12.89000   16.78600    0.00000    2.06600    2.28400    0.86700    1.00000    3.53000
   0.00000    0.00000    0.00000    0.00000    4.76000    2.86800    0.70000    0.00000    6.28100
   0.00000    0.00000    0.00000    0.00000    1.81700    1.33400    0.71800    0.00000    2.49000
   0.00000   61.35000   36.02200    2.00000   -0.27300    1.47500    0.87600    2.00000    3.39200
   0.00000  140.02000  119.20900    4.00000   -0.81200    2.47800    0.92600    3.00000    7.37800
   0.00000   48.02000   61.16600    2.00000    2.58900    2.91900    0.82600    2.00000    4.23400
   2.00000   52.60000   72.29000    0.00000    0.78700    2.22300    1.80000    0.00000    2.89900
   0.00000  115.41000   71.51200    0.00000    1.60200    2.68700    1.28800    1.00000    7.34100
   0.00000  129.95000   30.53000    0.00000    1.14500    2.63700    1.44400    0.00000    9.15000
   0.00000   50.93000    0.00000    0.00000    0.55200    2.48500    1.14700    3.00000    2.54000
   0.00000  126.44000  152.84800    3.00000   -0.17200    2.62900    1.02500    4.00000    3.83900
   0.00000   20.23000   42.68300    1.00000    2.63700    2.34400    0.75800    0.00000    4.61000
   0.00000   20.23000   42.68300    1.00000   -0.81400    1.00000    2.35300    0.00000    0.98900
   0.00000    0.00000    0.00000    0.00000    3.79500    1.97500    0.65700    0.00000    5.42000
   0.00000   94.89000   20.76500    0.00000    2.49200    2.65900    1.19400    0.00000    6.79000
   0.00000   38.69000   64.68300    1.00000   -0.12900    2.15000    1.97100    0.00000    1.53000
   1.00000   43.09000   58.04200    2.00000   -0.38000    1.40100    1.15100    1.00000    2.64900
   0.00000   66.05000   93.43000    1.00000    1.34800    2.09000    0.78400    1.00000    4.02400
   1.00000   37.30000   67.82800    1.00000    0.58600    1.57700    1.56000    0.00000    3.16000
   0.00000    0.00000    0.00000    0.00000    3.51600    1.67800    1.66700    0.00000    4.34000
   0.00000   54.57000   41.02800    0.00000    3.74200    3.13600    1.77300    0.00000    6.04200
   0.00000   29.46000   53.68300    1.00000    1.24600    2.03100    1.11400    0.00000    3.68000
   1.00000   35.53000   47.14500    0.00000    3.96700    3.36800    1.53300    0.00000    5.47500
   0.00000   79.63000   77.87500    2.00000    1.32600    3.02400    1.12600    5.00000    5.05400
   0.00000   56.15000   36.02200    2.00000   -0.66500    1.72600    0.67600    2.00000    3.58900
   0.00000   61.35000   36.02200    2.00000    1.62800    2.23100    0.75000    2.00000    3.29800
   0.00000   75.13000  100.77400    3.00000    4.51200    3.66200    0.70200    5.00000    6.65000
   0.00000   20.23000   42.68300    1.00000    2.27400    2.00500    1.59600    0.00000    3.11500
   1.00000   52.33000   62.43800    0.00000    0.56700    2.23900    1.54200    1.00000    2.66800
   0.00000   17.07000   25.14500    0.00000    1.76900    1.98900    0.92700    0.00000    3.97600
   0.00000   43.24000   59.40900    0.00000    4.39600    3.54200    0.91000    3.00000    4.57900
   0.00000   82.67000   47.44700    1.00000    3.74700    2.93500    1.51300    1.00000    8.11300
   0.00000   38.33000   54.15600    1.00000    2.22200    2.72500    1.01200    1.00000    5.94200
   0.00000   34.14000   50.29000    0.00000    0.07600    1.65400    1.49300    0.00000    3.32300
   0.00000  105.86000   19.91000    0.00000    0.62300    2.11600    0.50800    2.00000    5.92200
   0.00000   26.02000   32.89700    2.00000    2.72900    1.97500    0.46200    1.00000    4.74200
   0.00000   38.80000    0.00000    1.00000    0.84500    1.15500    1.17700    0.00000    5.56200
   1.00000   84.58000  129.73600    4.00000    0.92500    3.17800    1.26300    2.00000    3.90200
   0.00000    0.00000    0.00000    0.00000    2.63800    1.40100    0.63200    0.00000    4.33000
   0.00000   26.02000   32.89700    2.00000    1.85900    1.91800    0.91700    1.00000    5.16800
   1.00000   43.09000   58.04200    2.00000    2.48100    2.13300    0.50600    1.00000    2.34800
   1.00000   92.35000  174.45500    1.00000    3.84000    3.37300    0.80200    1.00000    4.25700
   0.00000   20.23000   42.68300    1.00000    1.85900    1.92400    0.94900    0.00000    3.71000
   2.00000   61.52000   41.93000    0.00000    3.44700    2.30700    0.66200    1.00000    4.93200
   0.00000   26.02000   32.89700    2.00000    2.72900    1.97500    0.46200    1.00000    5.43000
   0.00000   22.00000   73.15000    0.00000    3.98300    3.43100    0.95100    1.00000    4.90000
   0.00000   95.37000   54.33600    0.00000    2.43300    2.91500    1.39400    2.00000    8.56400
   0.00000    0.00000    0.00000    0.00000    3.29100    1.54900    2.00000    0.00000    4.92700
   1.00000   44.45000   16.78600    0.00000    3.33000    2.28100    0.70100    1.00000    6.54000
   0.00000    0.00000    0.00000    0.00000    4.76000    2.85900    0.70000    0.00000    6.17300
   0.00000    0.00000    0.00000    0.00000    3.21000    1.92400    0.78800    0.00000    4.93300
   0.00000    0.00000    0.00000    0.00000    2.22600    1.26500    2.50000    0.00000    3.64300
   0.00000  132.42000  196.33200    2.00000    4.47800    4.98400    1.08700    4.00000    5.44000
   0.00000   45.82000   50.74700    0.00000    2.57400    2.14100    1.01400    1.00000    4.55800
   0.00000   54.74000   39.24700    0.00000    3.11500    2.70600    0.94600    0.00000    6.07500
   0.00000   45.82000   50.74700    0.00000    2.84200    2.15400    0.72600    1.00000    4.26800
   1.00000   37.30000   67.82800    1.00000    0.99600    1.74600    1.54700    0.00000    3.35800
   0.00000    0.00000    0.00000    0.00000    1.67200    1.33400    0.56200    0.00000    2.64200
   0.00000   65.82000   80.76500    0.00000    3.69200    3.88300    1.08700    3.00000    6.75600
   1.00000  193.91000  332.83000    5.00000   -0.13900    4.73000    1.55100    1.00000    3.27700
   0.00000   12.03000   18.01100    1.00000    0.81700    1.80000    1.48800    1.00000    3.93000
   1.00000   72.68000   73.32400    1.00000    0.40300    2.35500    1.42400    4.00000    2.57200
   0.00000    0.00000    0.00000    0.00000    5.47200    2.70300    0.57700    0.00000    6.20900
   0.00000   29.46000   53.68300    1.00000   -0.08100    1.57700    1.95200    0.00000    0.59000
   1.00000   61.82000   73.32400    0.00000    0.73600    2.40500    1.54600    4.00000    3.02800
   0.00000   32.67000   47.53600    0.00000    3.22300    2.77300    0.88100    2.00000    4.40300
   0.00000   38.33000   54.15600    1.00000    2.39100    2.61200    1.29300    1.00000    6.32000
   0.00000   45.82000   50.74700    0.00000    3.11000    2.15400    0.47800    1.00000    4.25100
   0.00000   20.23000   42.68300    1.00000    2.12700    1.90800    0.63300    0.00000    4.23800
   1.00000  237.75000  223.04700    8.00000    0.08300    3.24900    1.04000    7.00000    2.92800
   0.00000   29.46000   53.68300    1.00000   -0.08100    1.67800    1.95200    0.00000    1.07000
   0.00000   65.57000   76.79000    1.00000    0.48900    1.99900    1.53300    0.00000    7.69900
   0.00000   66.05000   93.43000    1.00000    1.34800    2.11900    0.78400    1.00000    4.01600
   0.00000   45.61000   28.26900    0.00000    2.27500    2.44500    1.29000    1.00000    4.47400
   0.00000   38.57000    6.24900    0.00000    0.59000    1.70000    1.19000    2.00000    2.23200
   0.00000   52.04000   65.79400    4.00000   -1.05300    1.33400    1.61000    2.00000    3.35800
