   0.00000    0.00000    0.00000    0.00000    3.25900    1.97500    1.11100    0.00000    4.53000
   0.00000    9.23000   11.00000    0.00000    4.06800    2.75800    0.69500    0.00000    5.97900
   0.00000    0.00000    0.00000    0.00000    3.67700    2.34400    0.86800    0.00000    4.98000
   0.00000   20.23000   42.68300    1.00000    1.85900    1.91800    0.94900    0.00000    3.76000
   2.00000   58.20000   86.31100    2.00000    3.65200    3.55700    1.23700    2.00000    4.24900
   1.00000   74.57000  132.19300    2.00000    1.67100    3.50100    1.09500    3.00000    3.74200
   0.00000    0.00000    0.00000    0.00000    5.98900    2.71200    0.52900    0.00000    6.99000
   1.00000   73.22000   61.16600    2.00000   -1.20200    1.79500    0.59900    2.00000    3.76900
   1.00000   54.37000   92.97300    1.00000    3.37400    3.06100    0.91000    0.00000    3.59900
   0.00000   45.82000   50.74700    0.00000    1.88700    2.04800    0.84200    1.00000    3.61500
   0.00000    0.00000    0.00000    0.00000    2.60800    1.85700    1.00000    0.00000    3.00200
   0.00000   60.13000   76.44800    0.00000    2.28800    2.84800    1.59100    4.00000    3.22000
   0.00000   40.46000   85.36700    2.00000    3.95600    3.12300    0.95900    0.00000    5.37000
   0.00000    0.00000    0.00000    0.00000    1.67200    1.22500    0.56200    0.00000    3.28000
   1.00000   44.45000   16.78600    0.00000    1.15700    1.33400    0.68500    1.00000    5.41800
   0.00000    0.00000    0.00000    0.00000    4.76000    2.86800    0.70000    0.00000    6.28100
   2.00000   98.18000   62.11900    0.00000    0.79600    1.84000    0.74300    2.00000    6.25100
   0.00000   47.36000   21.13500    1.00000    0.18000    1.62700    1.05100    2.00000    2.18800
   0.00000  132.42000  196.33200    2.00000    4.47800    4.98400    1.08700    4.00000    5.44000
   0.00000    0.00000    0.00000    0.00000    3.37400    2.07500    1.20400    0.00000    3.79200
   4.00000  215.34000  327.62900    3.00000    0.18900    4.67700    1.33300    0.00000    6.06400
   0.00000  103.35000  161.25900    2.00000    2.40100    3.05300    0.79800    1.00000    4.14000
   1.00000   37.30000   67.82800    1.00000    2.06000    2.06000    1.52900    0.00000    3.08000
   1.00000   84.32000  125.10800    2.00000    0.13900    2.74800    1.26700    2.00000    2.35900
   2.00000   52.60000   72.29000    0.00000    3.61800    3.19700    1.35600    0.00000    4.87800
   0.00000    3.24000    3.12400    0.00000    4.76100    3.27300    1.05200    1.00000    5.55100
   0.00000    0.00000    0.00000    0.00000    5.47200    2.70300    0.57700    0.00000    6.20900
   1.00000   44.45000   16.78600    0.00000    3.33000    2.28100    0.70100    1.00000    6.54000
   0.00000   45.82000   50.74700    0.00000    2.50900    2.09000    0.61700    1.00000    3.64000
   4.00000  155.68000  277.56200    4.00000   -1.35800    3.03300    1.55200    2.00000    3.10300
   1.00000   67.79000  107.83900    2.00000    2.34700    3.24300    1.40000    1.00000    3.91700
   0.00000  102.02000  101.26500    3.00000    2.27300    2.45900    1.08600    5.00000    4.28800
   0.00000   38.80000    0.00000    1.00000    0.84500    1.15500    1.17700    0.00000    5.56200
   1.00000   37.30000   67.82800    1.00000    0.13300    1.40100    1.58200    0.00000    3.17000
   0.00000   12.89000   16.78600    0.00000    2.06600    2.28400    0.86700    1.00000    3.53000
   0.00000   22.00000   73.15000    0.00000    3.98300    3.43100    0.95100    1.00000    4.90000
   0.00000   21.26000   73.89100    1.00000    4.15300    3.38300    1.12100    1.00000    5.78300
   0.00000   29.46000   53.68300    1.00000    2.73600    2.18300    0.62000    0.00000    5.52700
   0.00000   24.06000   35.77600    2.00000    3.32600    2.83700    0.84900    2.00000    4.65100
   0.00000   56.15000   36.02200    2.00000    3.11200    2.99700    0.70100    2.00000    3.53100
   0.00000   18.46000   22.00000    0.00000    1.26200    2.14700    1.57600    0.00000    2.27200
   0.00000   20.23000   42.68300    1.00000    3.90900    2.12000    0.28100    0.00000    5.56000
   0.00000    0.00000    0.00000    0.00000    3.47700    1.85700    1.42900    0.00000    4.81900
   0.00000    9.23000   11.00000    0.00000    5.79900    2.93000    0.48600    0.00000    7.01900
   1.00000  180.08000  310.81000    5.00000    0.14300    4.80500    1.59700    2.00000    3.79500
   1.00000   20.31000   28.26900    0.00000    2.82100    2.50200    1.28300    1.00000    3.07800
   0.00000    0.00000   14.96000    0.00000    2.02600    1.26500    0.72200    0.00000    3.57700
   1.00000   58.20000  116.23200    2.00000    3.50800    3.28100    0.80300    2.00000    7.80200
   3.00000   81.70000  115.44500    1.00000    5.44000    4.62300    1.51700    1.00000    4.85000
   0.00000   34.14000   50.29000    0.00000    1.41500    2.07400    1.10800    0.00000    5.00100
   0.00000   16.13000   19.91000    0.00000    1.27200    2.47300    1.25600    2.00000    4.73300
   0.00000   20.23000   42.68300    1.00000    3.12700    2.60500    0.79700    0.00000    4.66800
   0.00000   56.15000   36.02200    2.00000    1.94500    2.46100    0.80500    2.00000    3.35100
   0.00000    0.00000    0.00000    0.00000    1.81700    1.33400    0.71800    0.00000    2.49000
   0.00000    0.00000    0.00000    0.00000    5.16500    3.11100    0.73200    0.00000    6.21900
   0.00000   45.82000   50.74700    0.00000    3.11000    2.14100    0.47800    1.00000    4.62000
   1.00000  182.91000  301.14700    4.00000    0.03600    4.75800    1.58400    1.00000    4.60200
   0.00000   34.14000   50.29000    0.00000    2.23300    2.41500    0.86600    0.00000    5.54500
   0.00000   50.94000   76.13200    1.00000    3.77000    3.09100    1.08100    3.00000    4.01000
   0.00000    0.00000    0.00000    0.00000    1.11500    1.00000    0.58800    0.00000    4.63200
   1.00000   26.30000   81.02500    0.00000    5.40000    3.93600    0.99100    0.00000    8.11200
   0.00000    0.00000    0.00000    0.00000    2.22600    1.40100    0.82600    0.00000    3.63100
   0.00000    0.00000    0.00000    0.00000    3.26700    2.11900    1.25000    0.00000    5.37300
   0.00000   94.83000  178.34000    3.00000    1.66100    3.39100    0.94200    0.00000    3.96100
   0.00000   20.23000   42.68300    1.00000    2.12700    1.92400    0.63300    0.00000    4.42600
   0.00000   52.04000   65.79400    4.00000   -1.05300    1.33400    1.61000    2.00000    3.35800
   0.00000   12.03000   18.01100    1.00000    2.19300    2.13400    1.11700    1.00000    5.46000
   1.00000   35.53000   47.14500    0.00000    0.53800    1.95200    1.92800    0.00000    2.51100
   0.00000   56.79000   76.15500    1.00000    1.06400    2.72000    1.34600    1.00000    6.88300
   1.00000   52.33000   62.43800    0.00000    0.56700    2.23900    1.54200    1.00000    2.66800
   0.00000   20.23000   42.68300    1.00000    3.61700    2.07400    0.34000    0.00000    5.76000
   1.00000   36.26000   60.14400    0.00000    3.30000    3.46900    1.10200    2.00000    4.92000
   0.00000   12.53000   11.00000    0.00000    1.53300    2.27400    1.02600    0.00000    4.01800
   2.00000   96.30000  102.04400    1.00000   -0.46300    2.43400    1.25600    3.00000    5.12000
   0.00000  165.15000  185.89700    0.00000    0.57500    2.60800    1.80900    3.00000    3.85000
   0.00000   91.64000  101.49400    0.00000    1.88600    2.28700    0.76900    2.00000    3.59100
   2.00000  104.06000  189.34000    3.00000    1.92900    3.19700    1.02100    0.00000    4.18700
   0.00000   35.25000   43.89700    2.00000    1.24600    2.03100    1.08100    1.00000    4.01100
   0.00000   20.23000   42.68300    1.00000    3.61700    2.07400    0.34000    0.00000    6.11000
   0.00000   58.92000  107.36600    2.00000   -0.93700    2.29900    1.93600    0.00000    0.46000
   0.00000    0.00000    0.00000    0.00000    3.12400    1.80000    1.41700    0.00000    4.34000
   0.00000    0.00000    0.00000    0.00000    5.98900    2.75800    0.52900    0.00000    8.16000
   0.00000   56.15000   36.02200    2.00000    0.59000    1.87900    1.00100    2.00000    2.83800
   0.00000    0.00000    0.00000    0.00000    4.92600    2.07400    0.47800    0.00000    4.67400
   0.00000   20.23000   42.68300    1.00000    0.34700    1.33400    0.96100    0.00000    2.57900
   0.00000    9.23000   11.00000    0.00000    3.27500    2.72700    0.87400    0.00000    3.95300
   2.00000   59.32000   78.20400    0.00000    4.79400    3.99000    0.64500    1.00000    9.94500
   1.00000   29.10000   43.15600    1.00000    3.07600    2.43800    0.77300    1.00000    4.71400
   0.00000   37.30000   67.82800    1.00000    3.69600    3.11700    1.14900    0.00000    5.17000
   0.00000   70.14000   50.90800    3.00000    1.29400    2.20300    0.59100    2.00000    3.47600
   1.00000   43.09000   58.04200    2.00000   -0.38000    1.40100    1.15100    1.00000    2.64900
   0.00000    9.23000   11.00000    0.00000    1.58700    1.84000    1.05000    0.00000    2.77800
   0.00000   60.98000   61.40400    0.00000    3.42900    2.74900    1.08000    0.00000    5.30000
   0.00000   45.82000   50.74700    0.00000    2.57400    2.16800    1.01400    1.00000    3.97800
   0.00000  347.32000  571.95200   18.00000   -6.44600    4.62400    1.39000    5.00000    3.08800
   1.00000   76.21000  117.51100    3.00000    1.11900    2.25000    0.37500    2.00000    3.64400
   0.00000   26.02000   32.89700    2.00000    2.72900    1.97500    0.46200    1.00000    4.74200
   1.00000   74.92000  138.78300    1.00000    3.16000    2.82700    1.14000    2.00000    5.30100
   0.00000   39.94000  104.28900    0.00000    4.28100    3.35700    1.00200    3.00000    4.71300
   0.00000    0.00000    0.00000    0.00000    4.09200    2.12000    0.53000    0.00000    5.38900
   0.00000   45.34000   34.10600    0.00000    1.29700    2.04200    1.93300    0.00000    2.82900
   0.00000   87.08000  111.60800    1.00000    1.74900    3.66600    1.08500    3.00000    4.22500
   2.00000   52.60000   72.29000    0.00000    5.42600    3.89300    1.40200    0.00000    4.55000
   0.00000   36.28000   22.15600    0.00000   -0.31700    1.22500    1.33300    0.00000    0.49500
   0.00000   26.02000   32.89700    2.00000    1.85900    1.90800    0.91700    1.00000    5.31200
   0.00000    0.00000    0.00000    0.00000    3.47800    1.92400    0.57500    0.00000    4.13800
   0.00000   20.23000   42.68300    1.00000    0.80000    1.40100    1.69800    0.00000    1.82000
   0.00000   20.23000   42.68300    1.00000    3.31400    2.02700    0.40900    0.00000    5.46100
   1.00000  181.62000  324.87300    7.00000   -0.87500    3.59500    0.94500    2.00000    6.43000
   0.00000   28.24000    0.00000    0.00000    4.76000    2.99500    0.65000    0.00000    6.02700
   0.00000    9.23000   11.00000    0.00000    0.80000    1.50900    2.00300    0.00000    1.73000
   0.00000    0.00000    0.00000    0.00000    3.37400    2.11800    1.20400    0.00000    3.52200
   0.00000   20.23000   42.68300    1.00000    3.61700    2.07400    0.34000    0.00000    5.61000
   0.00000    0.00000    0.00000    0.00000    2.22600    1.50900    0.82600    0.00000    2.60800
   0.00000   12.03000   18.01100    1.00000    0.81700    1.80000    1.48800    1.00000    3.93000
   0.00000    9.23000   11.00000    0.00000    3.39500    2.69200    0.94100    0.00000    5.43300
   1.00000   57.53000  110.51200    2.00000    1.64300    2.09000    0.81400    0.00000    3.06800
   0.00000   66.05000   93.43000    1.00000    1.34800    2.09000    0.78400    1.00000    4.02400
   0.00000    0.00000    0.00000    0.00000    2.74600    1.66700    1.40000    0.00000    3.80900
   2.00000   52.60000   72.29000    0.00000    2.57700    2.70700    1.31300    0.00000    3.60300
   0.00000   71.06000   94.28900    0.00000    0.97700    3.19100    1.14600    0.00000    2.50600
   1.00000   75.99000   73.77400    1.00000    0.05700    2.09300    1.12300    2.00000    6.96400
   0.00000   29.46000   53.68300    1.00000    3.84200    2.88700    0.61400    0.00000    6.10900
   0.00000  121.26000    6.24900    0.00000    2.86900    3.09500    0.86200    2.00000    6.18800
   0.00000    0.00000    0.00000    0.00000    2.45900    1.47500    1.50000    0.00000    4.00200
   0.00000   71.84000   83.64400    2.00000    1.96900    2.16800    0.53100    2.00000    4.48900
   0.00000   13.14000    9.50700    0.00000    2.85900    2.61400    0.82700    0.00000    4.99500
   0.00000   41.57000   57.28000    1.00000    1.83800    2.61100    1.17500    2.00000    3.15500
   0.00000  102.78000   20.26300    0.00000    3.32200    2.90100    0.87400    0.00000    7.67600
   0.00000   47.56000   65.15500    1.00000    1.45900    2.72000    1.26500    1.00000    6.52000
   0.00000   82.48000   37.55000    0.00000    3.21300    2.80600    1.17200    1.00000    8.84900
   0.00000    9.23000   11.00000    0.00000    2.27400    2.15000    1.75400    0.00000    3.70000
   0.00000   62.73000   86.37800    2.00000    2.27300    2.47800    1.25400    5.00000    3.33100
   0.00000   41.57000   57.28000    1.00000    3.18000    3.29200    1.01400    2.00000    4.99200
   0.00000  103.67000  119.50500    1.00000    3.54600    2.84700    1.21100    3.00000    3.72500
   2.00000   52.60000   72.29000    0.00000    4.73700    3.90700    1.59500    0.00000    5.74900
   2.00000   52.60000   72.29000    0.00000    6.33800    4.16000    1.40200    0.00000    6.19400
   0.00000   46.15000   54.99900    0.00000    2.11000    3.86600    1.52100    0.00000    5.29100
   0.00000   26.02000   32.89700    2.00000    3.31400    2.03100    0.36600    1.00000    4.76100
   0.00000    0.00000    0.00000    0.00000    5.98900    2.73300    0.52900    0.00000    6.98900
   0.00000   30.18000   48.53100    0.00000    4.27000    3.35400    0.86700    3.00000    6.21200
   0.00000    0.00000   59.84000    0.00000    1.81700    1.43000    1.98800    0.00000    2.01800
   0.00000   12.03000   18.01100    1.00000    1.58700    1.65400    1.73200    1.00000    2.35200
   0.00000   23.55000   31.39400    0.00000    0.16000    1.70000    2.09200    2.00000    1.60100
   0.00000    0.00000    0.00000    0.00000    4.33200    2.70000    0.75800    0.00000    5.40600
   1.00000   92.14000  107.09700    1.00000    4.27500    4.17400    1.17400    1.00000    4.11200
   0.00000    0.00000    0.00000    0.00000    4.63400    2.02700    0.46100    0.00000    4.87400
   1.00000   87.66000  139.99500    3.00000    1.58900    3.51400    1.33900    2.00000    3.81900
   0.00000   20.23000   42.68300    1.00000    2.72900    1.97500    0.50000    0.00000    4.79700
   0.00000    0.00000    0.00000    0.00000    3.94500    2.32400    0.67800    0.00000    5.00900
   0.00000   36.60000   20.26300    0.00000    1.35400    1.89000    2.07300    3.00000    1.43000
   0.00000   45.82000   50.74700    0.00000    2.84200    2.15400    0.72600    1.00000    4.26800
   0.00000   81.95000  157.06100    4.00000    1.35800    3.32500    1.24800    1.00000    3.27700
   0.00000    0.00000    0.00000    0.00000    6.16600    2.95900    0.57000    0.00000    8.27100
   1.00000   64.18000    0.00000    0.00000   -0.04900    1.15500    1.50000    0.00000    4.56000
   1.00000   46.53000   78.82800    1.00000    2.08600    2.45500    0.94100    0.00000    3.04700
   0.00000   20.23000   42.68300    1.00000    1.85900    1.90800    0.94900    0.00000    3.86300
   0.00000   77.82000   99.36500    4.00000    3.04800    2.81300    0.79100    4.00000    4.63200
   1.00000  133.44000   75.19300    0.00000    0.90600    3.03400    0.94100    3.00000    7.85800
   1.00000   37.30000   67.82800    1.00000    3.23000    2.63000    1.16600    0.00000    4.35500
   1.00000   58.11000   32.89700    2.00000   -0.31700    1.22500    0.57500    1.00000    3.63800
   0.00000    0.00000    0.00000    0.00000    5.12400    2.51500    0.45600    0.00000    6.77700
   1.00000   43.37000   61.29000    0.00000    3.62600    3.37300    1.11100    0.00000    5.54100
   0.00000   26.02000   32.89700    2.00000    3.31400    2.01800    0.36600    1.00000    5.43000
   0.00000   66.05000   93.43000    1.00000    1.34800    2.11900    0.78400    1.00000    4.01600
   0.00000  115.41000   71.51200    0.00000    1.91900    2.72000    1.29100    1.00000    7.67100
   1.00000   67.51000  103.97300    1.00000    3.20400    3.34400    0.93800    0.00000    2.95500
   0.00000   12.53000   11.00000    0.00000    4.45200    2.86200    0.54300    0.00000    6.50800
   0.00000   20.23000   42.68300    1.00000    2.19300    1.96000    1.02000    0.00000    4.03800
   0.00000   54.57000   41.02800    0.00000    4.78900    3.58000    1.50500    0.00000    5.51200
   0.00000   41.57000   57.28000    1.00000    0.73400    2.54800    1.85300    2.00000    3.25000
   0.00000    0.00000    0.00000    0.00000    2.94200    1.90800    1.06300    0.00000    3.79100
   0.00000   38.33000   54.15600    1.00000    2.37800    2.58700    1.05500    1.00000    4.76200
   1.00000  116.67000  180.36600    4.00000   -1.96000    2.02100    1.83000    1.00000    3.90800
   0.00000   38.33000   54.15600    1.00000    2.39100    2.61200    1.29300    1.00000    6.32000
   0.00000   79.93000   16.78600    1.00000    1.76900    2.23900    0.79300    1.00000    4.49400
   1.00000   44.45000   16.78600    0.00000    1.67600    1.50900    0.77900    1.00000    5.30800
   0.00000  105.86000   19.91000    0.00000    0.62300    2.11600    0.50800    2.00000    5.92200
   2.00000  124.73000   67.25700    0.00000    1.02000    2.96900    0.94600    1.00000    5.60000
   1.00000   35.53000   47.14500    0.00000    3.96700    3.36800    1.53300    0.00000    5.47500
   0.00000    0.00000    0.00000    0.00000    3.79500    1.97500    0.65700    0.00000    5.42000
   0.00000    9.23000   11.00000    0.00000    4.19000    2.22500    0.58000    0.00000    7.01200
   0.00000   45.61000   28.26900    0.00000    1.97100    2.29400    1.27500    1.00000    4.60800
   0.00000   12.03000   18.01100    1.00000    0.80000    1.50900    1.84600    1.00000    3.11800
   0.00000   84.13000   65.79400    4.00000   -1.43400    1.22500    0.33500    2.00000    3.88400
   0.00000   87.43000   55.41100    2.00000   -1.22200    1.57500    1.36200    1.00000    6.61800
   0.00000   12.47000   14.12400    0.00000    3.82700    3.36200    1.37300    1.00000    5.10200
   0.00000  110.96000   13.84300    0.00000    3.08900    3.01500    0.88900    0.00000    6.44200
   1.00000   39.44000   45.65200    0.00000    4.33200    4.12100    1.12000    0.00000    8.16400
   0.00000   12.03000   18.01100    1.00000   -0.17200    1.15500    2.17700    1.00000    2.95800
   1.00000   37.30000   67.82800    1.00000    0.58600    1.57700    1.56000    0.00000    3.16000
   0.00000   86.71000   27.18500    0.00000    2.06000    2.39400    1.08800    0.00000    6.57900
  11.00000  278.80000  413.19100    5.00000   -0.32100    6.43900    1.55700   11.00000    4.77900
   0.00000   52.04000   65.79400    4.00000    3.58600    2.75800    0.51800    2.00000    5.38100
   0.00000   47.56000   65.15500    1.00000    1.57000    2.64400    1.37600    1.00000    4.91000
   0.00000    9.23000   11.00000    0.00000    2.72300    2.32100    1.16500    0.00000    7.33700
   0.00000   95.96000    6.24900    0.00000    0.45400    2.07200    0.80000    2.00000    4.85800
   0.00000    0.00000    0.00000    0.00000    2.63800    1.40100    0.63200    0.00000    4.33000
   0.00000    0.00000    0.00000    0.00000    2.85100    1.98900    0.93800    0.00000    3.53300
   0.00000   26.02000   32.89700    2.00000    2.12700    1.92400    0.59700    1.00000    6.40900
   0.00000   70.14000   50.90800    3.00000   -0.27300    1.57700    0.75600    2.00000    3.93600
   0.00000    0.00000    0.00000    0.00000    4.41600    2.57000    0.72300    0.00000    5.42200
   1.00000   26.30000   36.14500    0.00000    0.99600    1.72300    1.80500    0.00000    2.82700
   0.00000   91.64000  101.49400    0.00000    2.50700    2.33400    0.54300    2.00000    5.40200
   0.00000   45.82000   50.74700    0.00000    2.24100    2.09000    0.94200    1.00000    4.14000
   0.00000   38.69000   64.68300    1.00000   -0.12900    2.15000    1.97100    0.00000    1.53000
   0.00000   61.35000   36.02200    2.00000    1.62800    2.23100    0.75000    2.00000    3.29800
   0.00000   28.24000    0.00000    0.00000    1.17300    1.66700    0.66700    0.00000    2.42100
   0.00000   54.57000   41.02800    0.00000    4.44900    2.98800    1.49700    0.00000    6.56000
   0.00000   45.61000   28.26900    0.00000    2.27500    2.44500    1.29000    1.00000    4.47400
   0.00000   40.46000   85.36700    2.00000    3.63500    3.12000    1.03000    0.00000    4.96200
   0.00000   77.76000  153.19500    3.00000    0.55900    2.13700    0.76700    0.00000    3.66900
   0.00000   86.34000  105.33100    1.00000    1.61600    2.97000    0.98300    5.00000    4.16800
   0.00000   12.03000   18.01100    1.00000    6.72800    4.39200    1.55400    1.00000    6.53700
   0.00000    0.00000    0.00000    0.00000    3.87600    2.53900    0.83700    0.00000    4.90900
   2.00000   59.32000   93.16400    0.00000    4.27900    3.96200    0.90700    1.00000    9.13300
   0.00000    0.00000    0.00000    0.00000    4.06300    1.96000    0.49900    0.00000    4.75000
   1.00000   75.01000  128.30600    1.00000    1.14600    3.50500    1.23200    3.00000    3.67400
   1.00000   80.74000   61.16600    2.00000   -0.31000    1.91800    0.57800    2.00000    4.22100
   0.00000   28.24000    0.00000    0.00000    3.16900    2.22400    0.71100    0.00000    4.75600
   0.00000   20.23000   42.68300    1.00000    2.27400    2.00500    1.59600    0.00000    3.11500
   0.00000   79.63000   77.87500    2.00000    1.32600    3.02400    1.12600    5.00000    5.05400
   2.00000   75.27000  111.45600    2.00000    0.77900    2.70900    1.02900    2.00000    2.20100
   0.00000   43.24000   59.40900    0.00000    4.39600    3.54200    0.91000    3.00000    4.57900
   0.00000   41.13000   61.16600    2.00000   -1.09500    1.72600    1.46300    2.00000    1.18800
   0.00000   54.57000   41.02800    0.00000    3.23400    2.90100    1.98400    0.00000    4.86200
   0.00000   54.57000   41.02800    0.00000    1.24600    2.08600    1.87500    0.00000    9.09900
   1.00000   26.30000   36.14500    0.00000    2.75400    2.45400    1.42100    0.00000    4.88600
   0.00000    0.00000    0.00000    0.00000    6.23200    2.76600    0.49300    0.00000    7.50900
   0.00000    7.76000    0.00000    0.00000    2.12200    2.70000    1.05300    2.00000    5.01000
   2.00000   52.60000   72.29000    0.00000    2.00500    2.46800    1.28100    0.00000    3.77000
   0.00000   20.23000   42.68300    1.00000   -0.17200    1.15500    1.91100    0.00000    0.59000
   0.00000   20.23000   42.68300    1.00000    0.34700    1.33400    1.76800    0.00000    0.93500
   0.00000   20.23000   42.68300    1.00000    3.04600    2.02700    0.60200    0.00000    5.63200
   0.00000    7.76000    0.00000    0.00000    1.58600    2.67400    1.16600    2.00000    4.82300
   0.00000   63.22000   80.14400    0.00000    1.93600    3.85200    1.15100    0.00000    8.02800
   0.00000    0.00000    0.00000    0.00000    3.26700    2.11900    1.25000    0.00000    4.86700
   0.00000    0.00000    0.00000    0.00000    6.23200    2.72800    0.49300    0.00000    7.61000
   1.00000   44.45000   16.78600    0.00000    3.64800    2.42700    0.75700    1.00000    6.09900
   0.00000   26.02000   32.89700    2.00000    2.12700    1.90800    0.59700    1.00000    5.19000
   0.00000   56.15000   36.02200    2.00000    1.97100    2.47200    1.14400    2.00000    3.52000
   0.00000   49.17000   55.44800    0.00000    4.16800    3.32900    1.04200    3.00000    4.72000
   0.00000    0.00000    0.00000    0.00000    3.47800    1.90800    0.57500    0.00000    4.78700
   0.00000  119.33000  134.93100    0.00000    0.28900    2.58700    1.98900    2.00000    3.33900
   0.00000    0.00000   44.88000    0.00000    2.41900    1.50900    0.73100    0.00000    3.95400
   1.00000   83.67000   84.18400    1.00000    0.34900    2.39700    2.09200    1.00000    5.76000
   1.00000   44.45000   16.78600    0.00000    3.26500    2.13400    0.63700    1.00000    6.13100
   2.00000   64.16000   92.47000    0.00000    3.61300    4.24500    1.17500    4.00000    4.83500
   1.00000   37.30000   67.82800    1.00000    4.54800    3.10100    1.13700    0.00000    4.56000
   0.00000   20.23000   42.68300    1.00000    2.63700    2.34400    0.75800    0.00000    4.61000
   0.00000    0.00000    0.00000    0.00000    2.22600    1.40100    0.57000    0.00000    3.49200
   0.00000   98.61000   57.46000    0.00000    2.05400    2.89100    1.44200    3.00000    9.14000
   0.00000   75.74000   93.69400    3.00000    2.19500    4.36500    1.08600    2.00000    5.13200
   0.00000  129.95000   30.53000    0.00000    1.14500    2.63700    1.44400    0.00000    9.15000
   0.00000   17.07000   25.14500    0.00000    0.20200    1.22500    1.66000    0.00000    0.67300
   2.00000   74.60000  135.65700    2.00000   -0.45000    1.82300    1.07500    0.00000    2.76400
   0.00000   70.14000   50.90800    3.00000   -0.79200    1.40100    0.64700    2.00000    3.97900
   0.00000   42.52000   44.31300    0.00000    2.77700    2.64300    1.05500    0.00000    4.57000
   0.00000   20.23000   42.68300    1.00000    3.92100    2.49400    1.22900    0.00000    6.36000
   1.00000   92.35000  174.45500    1.00000    3.84000    3.37300    0.80200    1.00000    4.25700
   0.00000   91.64000  101.49400    0.00000    2.23900    2.33400    0.88400    2.00000    3.71800
   0.00000   56.15000   36.02200    2.00000   -0.66500    1.72600    0.67600    2.00000    3.58900
   0.00000   20.23000   42.68300    1.00000    1.94000    1.99700    1.61000    0.00000    3.22600
   0.00000  100.39000   91.77500    0.00000    2.68200    2.90300    1.82300    1.00000    9.14100
   1.00000   23.79000   31.05900    0.00000   -0.31700    1.15500    1.40300    1.00000    1.05700
   0.00000   26.02000   32.89700    2.00000    2.72900    1.97900    0.46200    1.00000    5.16000
   0.00000  111.87000  144.17700    1.00000    1.39500    2.33400    0.71600    2.00000    4.60600
