   0.20000    0.20000    0.00000    0.20000    0.20000    0.20000    0.61255
   0.00000    0.33300    0.33300    0.00000    0.33300    0.00000    0.74012
   0.00000    0.00000    0.50000    0.00000    0.00000    0.50000    0.45576
   0.00000    0.00000    0.00000    0.00000    1.00000    0.00000    0.32435
   0.00000    0.50000    0.00000    0.00000    0.50000    0.00000    0.58532
   0.20000    0.20000    0.20000    0.20000    0.00000    0.20000    0.68540
   0.50000    0.00000    0.00000    0.00000    0.00000    0.50000    0.31225
   0.00000    0.00000    0.33300    0.33300    0.33300    0.00000    0.74693
   0.00000    0.00000    0.33300    0.00000    0.33300    0.33300    0.46118
   0.00000    0.20000    0.20000    0.20000    0.20000    0.20000    0.68674
   0.00000    0.50000    0.00000    0.00000    0.00000    0.50000    0.53629
   0.25000    0.00000    0.25000    0.00000    0.25000    0.25000    0.53383
   0.50000    0.50000    0.00000    0.00000    0.00000    0.00000    0.42968
   0.00000    0.00000    0.50000    0.00000    0.50000    0.00000    0.62673
   0.00000    0.00000    0.25000    0.25000    0.25000    0.25000    0.59511
   0.00000    0.50000    0.00000    0.50000    0.00000    0.00000    0.65219
   0.33300    0.00000    0.00000    0.33300    0.00000    0.33300    0.54224
   0.20000    0.00000    0.20000    0.20000    0.20000    0.20000    0.63579
   0.33300    0.00000    0.33300    0.00000    0.33300    0.00000    0.61316
   0.25000    0.25000    0.25000    0.00000    0.00000    0.25000    0.64566
   0.00000    0.25000    0.25000    0.25000    0.00000    0.25000    0.67939
   0.20000    0.20000    0.20000    0.20000    0.20000    0.00000    0.73045
   0.33300    0.00000    0.00000    0.00000    0.33300    0.33300    0.29512
   0.25000    0.00000    0.25000    0.25000    0.00000    0.25000    0.64931
   0.25000    0.25000    0.25000    0.00000    0.25000    0.00000    0.68087
   0.16700    0.16700    0.16700    0.16700    0.16700    0.16700    0.69269
   0.00000    1.00000    0.00000    0.00000    0.00000    0.00000    0.53187
   0.00000    0.00000    0.00000    0.50000    0.50000    0.00000    0.67988
   0.50000    0.00000    0.50000    0.00000    0.00000    0.00000    0.60504
   0.25000    0.00000    0.00000    0.25000    0.25000    0.25000    0.52528
