  -0.14238   -0.99622   -1.00000   -0.25733    1.00000   -0.57202   -0.08067    0.83728   -0.50031   -0.73913   -0.65649    0.27660    0.98159   21.70000
  -0.83388   -0.99889    0.40000   -0.86950   -1.00000   -0.93827    0.33359   -0.85376    0.21820   -0.65217   -0.34733   -0.53191    0.87231   29.00000
  -0.51159   -0.91756   -1.00000    0.29326   -1.00000   -0.18518    0.05422    0.00927   -0.47947    1.00000    0.82824    0.61702    0.95824   21.20000
  -0.21082   -0.99526   -1.00000   -0.25733    1.00000   -0.57202   -0.13930    0.04840   -0.54114   -0.73913   -0.65649    0.27660    0.96994   22.40000
  -0.78201   -0.99789   -1.00000   -0.85337   -1.00000   -0.57613    0.15041    0.90937   -0.68766   -0.82609   -0.97710    0.10638    1.00000   32.50000
  -0.74062   -0.96996   -1.00000    0.40176   -1.00000   -0.09465   -0.04005    1.00000   -0.88584   -0.65217   -0.17557   -0.55319    0.78309   24.30000
  -0.74448   -0.99087   -1.00000   -0.57918   -1.00000   -0.51029    0.38034    0.58599   -0.62060   -0.39130   -0.54199    0.02128    0.87483   31.60000
  -0.72406   -0.99766   -0.50000   -0.65763   -1.00000   -0.72016    0.10941    0.33677    0.10866   -0.39130   -0.62977    0.51064    1.00000   22.20000
  -0.46082   -0.99444   -1.00000   -0.30792   -1.00000   -0.34568   -0.17839    0.54068   -0.48796   -0.73913   -0.55344    0.23404    0.99758   16.20000
  -0.53642   -0.99621   -1.00000   -0.59677   -1.00000   -0.53086   -0.07837   -0.43769   -0.50573   -0.65217   -0.64886    0.40426    0.98250   24.70000
  -0.93101   -0.99798   -0.20000   -0.56378   -1.00000   -0.74486    0.26193   -0.17817   -0.42935   -0.73913   -0.74428    0.06383    1.00000   32.00000
  -0.00442   -0.44261   -1.00000    0.29326   -1.00000    0.26749   -0.31481    0.91761   -0.89575    1.00000    0.82824    0.61702    1.00000    8.30000
  -0.51876   -0.98302   -0.60000   -0.74267   -1.00000    0.07819   -0.23395    0.23378   -0.84416   -0.65217   -0.70611   -0.91489    0.97731   22.80000
   1.00000   -0.58431   -1.00000    0.29326   -1.00000    0.16461   -0.77889    1.00000   -0.99865    1.00000    0.82824    0.61702    1.00000   13.80000
  -0.77042   -0.99949   -0.20000   -0.94208   -1.00000   -0.81893    0.29450   -0.34913    0.39358   -1.00000   -0.43511    0.51064    0.96445   26.60000
  -0.56457   -0.99900   -1.00000   -0.70454   -1.00000   -0.73663    0.08373   -0.07106   -0.33621   -0.82609   -0.77099    0.25532    1.00000   23.90000
   0.46744   -0.94774   -1.00000    0.40176   -1.00000    1.00000   -0.37728    0.87230   -0.92725   -0.65217   -0.17557   -0.55319    0.79873   17.80000
  -0.82947   -0.99810   -1.00000   -0.85337   -1.00000   -0.57613    0.37728    0.83934   -0.71428   -0.82609   -0.97710    0.10638    0.98598   37.90000
  -0.40949   -0.99901   -0.30000   -0.58944   -1.00000   -0.78231   -0.17800   -0.47477    0.00230   -1.00000   -0.55344   -0.08511    0.98548   17.10000
  -0.48179   -0.98688   -1.00000    0.57111   -1.00000   -0.01646    0.07722    0.95675   -0.78216   -0.73913   -0.04580    0.82979    0.94382   23.00000
  -0.40563   -0.99551   -0.56000   -0.60411   -1.00000   -0.81070   -0.22131    0.51596    0.24131   -0.47826   -0.45420    0.38298    0.87690   17.60000
   0.54249   -0.99548   -1.00000    1.00000   -1.00000   -0.07819   -0.41291    0.95880   -0.87396   -0.73913    1.00000    0.59574    0.60427    8.10000
  -0.66060   -0.99908   -1.00000   -0.15909   -1.00000   -0.22634   -0.05384    0.60453   -0.74986   -1.00000   -0.67176    0.78723    1.00000   11.90000
  -0.16060   -0.81580   -1.00000    0.29326   -1.00000    0.34979   -0.08986    0.59423   -0.69999    1.00000    0.82824    0.61702   -0.98396   13.50000
  -0.73786   -0.99768   -1.00000   -0.15909   -1.00000   -0.22634    0.23893    0.77961   -0.77097   -1.00000   -0.67176    0.78723    0.98260   22.00000
   0.23455   -0.85643   -1.00000    0.29326   -1.00000   -0.18107   -0.00326    0.94645   -0.80424    1.00000    0.82824    0.61702    0.52524   13.30000
  -0.20088   -0.99737   -1.00000   -0.29985   -1.00000   -0.33333   -0.09868    0.85376   -0.77743   -0.56522   -0.06489    0.10638    0.99017   18.80000
  -0.93157   -0.99983    0.60000   -1.00000   -1.00000   -0.84774    0.65319   -0.40062   -0.17817   -0.73913   -0.74046   -0.61702    0.98654   50.00000
  -0.52152   -0.99830   -1.00000   -0.01320   -1.00000   -0.78601   -0.06189   -0.18847   -0.20467   -0.73913   -0.61069   -0.27660    1.00000   21.70000
   0.59437   -0.67793   -1.00000    0.29326   -1.00000    0.29630   -0.49454    1.00000   -0.91636    1.00000    0.82824    0.61702    0.87907   10.20000
  -0.55022   -0.99657   -1.00000   -0.24120   -1.00000   -0.88477   -0.08028   -0.69928   -0.24384   -0.73913   -0.54962    0.40426    0.89934   21.70000
  -0.64128   -0.99990    0.10000   -0.86877   -1.00000   -0.98354    0.10826   -0.40268    0.12353   -1.00000   -0.56870   -0.42553    0.98901   22.00000
  -0.67991   -0.99903   -0.34000   -0.87390   -1.00000   -0.64197    0.26001    0.38826   -0.62660   -0.47826   -0.86641    0.23404    1.00000   28.20000
  -0.79194   -0.99887   -1.00000   -0.78372   -1.00000   -0.57202    0.32056    0.71782   -0.58314   -0.91304   -0.68321    0.10638    1.00000   23.60000
   0.40894   -0.99144   -1.00000    0.84677   -1.00000   -0.19342   -0.21364    0.90937   -0.88586   -0.91304   -0.99618    0.38298    0.81033   15.70000
  -0.31733   -0.72930   -1.00000    0.29326   -1.00000   -0.05761   -0.20023    0.74459   -0.85058    1.00000    0.82824    0.61702    0.46871   20.80000
  -0.73234   -0.99515   -0.60000   -0.52346    1.00000   -0.67490    0.58268    0.00721   -0.41131   -0.82609   -0.86260    0.27660    0.96909   35.20000
  -0.93322   -0.99941   -1.00000   -0.87390   -1.00000   -0.69959    0.31711   -0.11638   -0.10291   -0.82609   -0.86641    0.29787    0.98855   33.40000
  -0.52042   -0.93679   -1.00000    0.29326   -1.00000   -0.39506   -0.15654   -0.22966   -0.46008    1.00000    0.82824    0.61702    0.97993   21.80000
  -0.34437   -0.99689   -1.00000   -0.29985   -1.00000   -0.33333   -0.16842    0.28321   -0.70363   -0.56522   -0.06489    0.10638    0.97277   19.30000
  -0.35872   -0.99764   -1.00000    1.00000   -1.00000   -0.07819   -0.07185    0.66014   -0.82171   -0.73913    1.00000    0.59574    1.00000   20.10000
  -0.14846   -0.80250   -1.00000    0.29326   -1.00000   -0.18107   -0.23204    0.39444   -0.83015    1.00000    0.82824    0.61702   -0.98321   11.70000
  -0.58996   -0.99250   -0.56000   -0.60411   -1.00000   -0.81070   -0.02395   -0.34089    0.25961   -0.47826   -0.45420    0.38298    0.96611   24.30000
  -0.73179   -0.99650   -0.60000   -0.52346   -1.00000   -0.67490    0.02663   -0.72400   -0.39994   -0.82609   -0.86260    0.27660    1.00000   25.20000
  -0.84382   -0.99943    0.90000   -0.92595   -1.00000   -0.92593    0.30830   -0.74459    0.18648   -0.82609   -0.17939   -0.06383    1.00000   34.90000
  -0.33223   -0.98099   -1.00000   -0.43695   -1.00000   -0.37037   -0.07875    0.77755   -0.47573   -0.73913   -0.54199    0.78723    0.97796   19.60000
  -0.60927   -0.99909   -1.00000   -0.78372   -1.00000   -0.57202    0.09446    0.30175   -0.64304   -0.91304   -0.68321    0.10638    0.97620   22.60000
  -0.81402   -0.99810   -0.10000   -0.78153   -1.00000   -0.78601    0.29910   -0.61689   -0.02696   -0.65217   -0.19466   -0.44681    0.90307   37.00000
  -0.22903   -0.84228   -1.00000    0.29326   -1.00000    0.37037   -0.06304    0.90319   -0.86451    1.00000    0.82824    0.61702    0.61208   14.20000
  -0.28698   -0.91712   -1.00000    0.29326   -1.00000    0.34979    0.07875    0.76107   -0.73856    1.00000    0.82824    0.61702    0.97241   17.70000
  -0.73289   -0.99906    0.60000   -0.76686   -1.00000   -0.97119   -0.02395   -0.40062    0.47145   -1.00000   -0.51145   -0.19149    0.97978   21.90000
  -0.27815   -0.99634   -1.00000    0.84677   -1.00000   -0.19342   -0.07070    0.76107   -0.84299   -0.91304   -0.99618    0.38298    0.94009   21.40000
   0.00386   -0.82768   -1.00000    0.29326   -1.00000    0.26749   -0.16229    0.97734   -0.90837    1.00000    0.82824    0.61702    0.98084    8.50000
  -0.72461   -0.99932   -0.50000   -0.67742   -1.00000   -0.83128    0.05039   -0.39650   -0.22322   -0.73913   -0.64122    0.36170    1.00000   24.80000
  -0.79249   -0.99835    0.20000   -0.90982   -1.00000   -0.89300    0.15654   -0.32029    0.74244   -0.73913   -0.14504    0.21277    0.86827   24.10000
  -0.34547   -0.99386   -1.00000   -0.32331   -1.00000   -0.17696   -0.09370   -0.18229   -0.77228   -0.56522   -0.22137    0.40426    1.00000   24.50000
  -0.92936   -0.99876   -0.60000   -0.78959    1.00000   -0.76173    0.56505   -0.03605   -0.25755   -0.65217   -0.88931   -0.51064    0.90000   46.00000
  -0.84216   -0.97264   -1.00000    0.40176   -1.00000   -0.09465    0.29603    0.94645   -0.86402   -0.65217   -0.17557   -0.55319    0.83121   41.30000
  -0.68488   -0.99656   -1.00000   -0.52713   -1.00000   -0.74074    0.01552   -0.92585   -0.16498   -0.82609   -0.82443    0.12766    0.98770   24.70000
  -0.34216   -0.99810   -0.60000   -0.52346    1.00000   -0.67490   -0.09600    0.20700   -0.49297   -0.82609   -0.86260    0.27660    0.97196   20.70000
  -0.78808   -0.99775    0.60000   -0.89370   -1.00000   -0.88477   -0.08986   -0.65808    0.71978   -0.73913   -0.43893    1.00000    0.89480   20.60000
  -0.16280   -0.99289   -1.00000    0.57111   -1.00000   -0.01646   -0.08756    0.86612   -0.84772   -0.73913   -0.04580    0.82979    0.90595   17.40000
  -1.00000   -0.96725   -1.00000    0.40176   -1.00000   -0.09465    0.50527    0.81051   -0.84699   -0.65217   -0.17557   -0.55319    0.88668   50.00000
   0.36258   -0.90803   -1.00000    0.40176   -1.00000    1.00000   -0.26921    1.00000   -0.94868   -0.65217   -0.17557   -0.55319    1.00000   15.60000
  -0.37307   -0.99710   -0.75000   -0.58871   -1.00000   -0.90124   -0.22092   -0.30175   -0.02365   -0.73913   -0.39695    0.34043    1.00000   17.40000
  -0.07671   -0.98790   -1.00000    0.57111   -1.00000   -0.01646   -0.00747    0.95675   -0.90195   -0.73913   -0.04580    0.82979    1.00000   17.80000
  -0.38245   -0.99477   -1.00000   -0.32331   -1.00000   -0.17696   -0.05806    0.28527   -0.76730   -0.56522   -0.22137    0.40426    1.00000   21.20000
  -0.28642   -0.99709   -1.00000   -0.25733    1.00000   -0.57202   -0.04081    0.15757   -0.43446   -0.73913   -0.65649    0.27660    0.92143   24.40000
   0.80353   -0.96353   -1.00000    0.57111   -1.00000   -0.01646   -0.44127    1.00000   -0.94366   -0.73913   -0.04580    0.82979    1.00000   14.40000
  -0.32395   -0.99827   -1.00000   -0.85337   -1.00000   -0.57613   -0.21709    0.78991   -0.66203   -0.82609   -0.97710    0.10638    0.97025   26.40000
   0.02704   -0.96389   -1.00000   -0.43695   -1.00000   -0.37037   -0.02855    0.93615   -0.52165   -0.73913   -0.54199    0.78723    0.25064   13.50000
   0.41556   -0.06659   -1.00000    0.29326   -1.00000    0.26749   -0.24507    0.69928   -0.91310    1.00000    0.82824    0.61702    0.65989    8.50000
  -0.85706   -0.99952    0.50000   -0.81745   -1.00000   -0.82305    0.16267   -0.61071   -0.22314   -0.82609   -0.75191    0.21277    0.99360   30.80000
  -0.32340   -0.85054   -1.00000    0.29326   -1.00000    0.34979    0.05614    0.64985   -0.70814    1.00000    0.82824    0.61702    1.00000   19.50000
  -0.47627   -0.99783   -0.40000   -0.67229   -1.00000   -0.82305    0.07185    0.02987    0.07410   -0.56522   -0.56870   -0.14894    0.87821   22.20000
   0.17881   -0.99035   -1.00000   -0.25733    1.00000   -0.57202   -0.31673    1.00000   -0.50070   -0.73913   -0.65649    0.27660    1.00000   20.00000
   0.23786   -0.99360   -1.00000    0.57111   -1.00000   -0.01646    0.00134    0.86818   -0.91228   -0.73913   -0.04580    0.82979    0.95552   14.00000
  -0.22848   -0.99803   -0.75000   -0.45674   -1.00000   -0.42798   -0.10787   -0.25644   -0.21409   -0.65217   -0.52672   -0.44681    0.96772   21.70000
  -0.17163   -0.81473   -1.00000    0.29326   -1.00000    0.34979    0.46848    0.98558   -0.75937    1.00000    0.82824    0.61702    0.89394   17.80000
   0.66998   -0.49217   -1.00000    0.29326   -1.00000    0.29630   -0.44855    0.78373   -0.92929    1.00000    0.82824    0.61702    1.00000    7.40000
   0.50773   -0.59361   -1.00000    0.29326   -1.00000    0.20988    0.10098    1.00000   -0.87176    1.00000    0.82824    0.61702   -0.86419    7.20000
   0.07119   -0.99363   -1.00000   -0.32331   -1.00000   -0.17696   -0.29910    0.44181   -0.69646   -0.56522   -0.22137    0.40426    1.00000   19.70000
   0.36148   -0.83371   -1.00000    0.29326   -1.00000   -0.12757   -0.21211    0.95675   -0.94087    1.00000    0.82824    0.61702    0.58515   17.20000
  -0.56899   -0.98844   -1.00000   -0.57918    1.00000   -0.49794    0.17647    0.51596   -0.45104   -0.39130   -0.54199    0.02128    0.95739   25.10000
  -0.65121   -0.99970   -0.65000   -0.93255   -1.00000   -0.87202    0.35773    0.16581    0.47192   -0.82609   -0.88931    0.27660    0.98154   33.00000
  -0.66225   -0.99994    0.80000   -0.81598   -1.00000   -0.93827    0.35160   -0.63131    0.12353   -1.00000   -0.62595   -0.42553    0.98901   32.20000
  -0.68543   -0.99937    0.65000   -0.88490   -1.00000   -0.87654   -0.00326   -0.26880   -0.06512   -0.91304   -0.38550   -0.55319    0.98421   24.10000
   0.36424   -0.65897   -1.00000    0.29326   -1.00000    0.46091   -0.00709    1.00000   -0.85730    1.00000    0.82824    0.61702   -0.95461    8.70000
  -0.08278   -0.97425   -1.00000   -0.43695   -1.00000   -0.37037   -0.17992    0.89701   -0.51666   -0.73913   -0.54199    0.78723    0.80771   13.10000
  -0.58333   -0.99184   -1.00000   -0.30792   -1.00000   -0.34568    0.15194    0.73841   -0.55029   -0.73913   -0.55344    0.23404    0.99390   23.80000
  -0.83775   -0.99934    0.60000   -0.78666   -1.00000   -0.94650    0.04579   -0.69310   -0.00301   -0.73913   -0.42748   -0.25532    1.00000   23.50000
  -0.90066   -0.99887   -0.20000   -0.56378    1.00000   -0.74486    0.22514   -0.38208   -0.46385   -0.73913   -0.74428    0.06383    1.00000   32.40000
  -0.58664   -0.99782   -0.50000   -0.65763   -1.00000   -0.72016   -0.09331   -0.08754    0.05528   -0.39130   -0.62977    0.51064    1.00000   19.60000
  -0.67053   -0.99225   -1.00000   -0.49267   -1.00000   -0.55556   -0.04963   -0.03193   -0.34682   -0.65217   -0.61832    0.48936    1.00000   20.40000
  -0.59106   -0.99953   -1.00000   -0.51540   -1.00000   -0.65432    0.09600    0.56540   -0.30208   -0.91304   -0.79008    0.10638    1.00000   21.60000
  -0.56622   -0.98800   -0.60000   -0.74267   -1.00000    0.07819    0.39567    0.62513   -0.82131   -0.65217   -0.70611   -0.91489    0.97932   33.80000
  -0.88962   -0.87268   -1.00000    0.29326    1.00000    0.01235    0.19640    0.93409   -0.95870    1.00000    0.82824    0.61702    0.89122   50.00000
  -0.68488   -0.98714   -0.60000   -0.74267   -1.00000   -0.21811    0.81491    0.32029   -0.76502   -0.65217   -0.70611   -0.91489    0.93767   50.00000
  -0.70144   -0.99927    0.05000   -0.64370   -1.00000   -0.91770    0.01475   -0.41504    0.12534   -0.56522   -0.59542   -0.14894    1.00000   23.20000
  -0.15949   -0.98760   -1.00000    0.57111   -1.00000   -0.01646    0.06304    0.96293   -0.82157   -0.73913   -0.04580    0.82979    0.98875   18.10000
  -0.56071   -0.99857   -1.00000   -0.01540   -1.00000   -0.32099    0.18069    0.69310   -0.58325   -0.65217   -0.66031   -0.19149    0.97922   28.70000
   0.08830   -0.93868   -1.00000    0.40176   -1.00000    1.00000   -0.21977    0.89495   -0.92796   -0.65217   -0.17557   -0.55319    0.77281   15.40000
  -0.06457   -0.89064   -1.00000    0.29326   -1.00000   -0.05761    0.12014    0.86818   -0.78618    1.00000    0.82824    0.61702    0.99652   16.70000
  -0.68101   -0.99934   -0.50000   -0.67742   -1.00000   -0.83128   -0.00134   -0.09784   -0.22322   -0.73913   -0.64122    0.36170    0.96843   22.90000
   0.15949   -0.73461   -1.00000    0.29326   -1.00000    0.37037    0.25043    0.51596   -0.87917    1.00000    0.82824    0.61702   -0.75728    8.40000
  -0.57505   -0.99917   -0.58000   -0.62024   -1.00000   -0.77778   -0.02127    0.23790    0.03395   -0.73913   -0.78626   -0.10638    0.98522   20.50000
  -0.37804   -0.99342   -0.60000   -0.52346   -1.00000   -0.67490   -0.12052   -0.19258   -0.39994   -0.82609   -0.86260    0.27660    0.95839   21.10000
  -0.10651   -0.99765   -1.00000   -0.01540    1.00000   -0.32099   -0.08412    0.87230   -0.67996   -0.65217   -0.66031   -0.19149    1.00000   21.50000
  -0.80574   -0.98974   -1.00000   -0.57918   -1.00000   -0.51029    0.47576    0.52420   -0.53771   -0.39130   -0.54199    0.02128    0.89530   31.70000
   0.02594   -0.68012   -1.00000    0.29326   -1.00000    0.26749    0.06610    1.00000   -0.91916    1.00000    0.82824    0.61702    1.00000    7.20000
  -0.89845   -0.99830   -1.00000   -0.82185   -1.00000   -0.75309    0.63211   -0.29969   -0.56977   -0.91304   -0.66031    0.14894    0.98300   43.80000
  -0.56347   -0.99824   -1.00000   -0.73680   -1.00000   -0.48560   -0.11937    0.35530   -0.71405   -0.65217   -0.58397   -0.14894    0.98149   22.60000
  -0.69481   -0.98813   -0.60000   -0.74267   -1.00000    0.07819    0.51715    0.78167   -0.81627   -0.65217   -0.70611   -0.91489    0.95698   43.10000
  -0.42550   -0.95967   -1.00000    0.40176   -1.00000   -0.09465   -0.11247    0.57158   -0.76424   -0.65217   -0.17557   -0.55319    0.14625   23.80000
  -0.26876   -0.87219   -1.00000    0.29326   -1.00000   -0.18518   -0.02165    0.58393   -0.56055    1.00000    0.82824    0.61702    0.97872   19.10000
  -0.93653   -0.99969    0.90000   -0.83724   -1.00000   -0.87202    0.71412   -0.40268   -0.27463   -0.73913   -0.85878   -0.55319    0.96798   50.00000
  -0.00883   -0.77395   -1.00000    0.29326   -1.00000   -0.18107    0.25388    0.88260   -0.82566    1.00000    0.82824    0.61702   -0.59146   14.10000
  -0.12417   -0.79821   -1.00000    0.29326    1.00000    0.58436    0.01590    0.94645   -0.81948    1.00000    0.82824    0.61702    0.90332   17.80000
  -0.15121   -0.84364   -1.00000    0.29326   -1.00000    0.29630   -0.17532    0.93821   -0.85507    1.00000    0.82824    0.61702    0.98754   15.10000
  -0.55795   -0.99891   -1.00000   -0.65323   -1.00000   -0.46502   -0.07109   -0.12461   -0.33025   -0.65217   -0.85878    0.61702    1.00000   19.00000
  -0.78201   -0.99900   -1.00000   -0.65323   -1.00000   -0.46502    0.05576   -0.27497   -0.03085   -0.65217   -0.85878    0.61702    0.96374   22.20000
   0.53532   -0.99363   -1.00000   -0.25733   -1.00000   -0.57202   -0.29067   -0.85788   -0.55298   -0.73913   -0.65649    0.27660    0.75808   23.70000
   0.06457   -0.97200   -1.00000   -0.43695   -1.00000   -0.37037   -0.23012    0.96086   -0.51472   -0.73913   -0.54199    0.78723    0.89747   13.60000
   0.22737   -0.99602   -1.00000    1.00000   -1.00000   -0.07819   -0.28990    0.96498   -0.88619   -0.73913    1.00000    0.59574    0.73347    7.00000
  -0.35375   -0.55934   -1.00000    0.29326   -1.00000    0.17696    0.43782    0.95675   -0.96605    1.00000    0.82824    0.61702    1.00000   15.00000
  -0.49503   -0.99271   -1.00000   -0.57918   -1.00000   -0.49794   -0.03238    0.20700   -0.54127   -0.39130   -0.54199    0.02128    0.89838   24.00000
   0.18985   -0.84165   -1.00000    0.29326   -1.00000   -0.05761   -0.02587    0.69310   -0.83774    1.00000    0.82824    0.61702   -0.98890   13.40000
   0.25993   -0.82047   -1.00000    0.29326   -1.00000    0.29630   -0.24928    1.00000   -0.92662    1.00000    0.82824    0.61702    1.00000   12.30000
  -0.64846   -0.98778   -0.60000   -0.74267   -1.00000    0.07819    0.39682    0.82698   -0.85441   -0.65217   -0.70611   -0.91489    0.95456   36.50000
   0.60486   -0.99444   -1.00000   -0.52713   -1.00000   -0.74074   -0.29565    0.90319   -0.13787   -0.82609   -0.82443    0.12766    1.00000   14.40000
   0.21744   -0.71235   -1.00000    0.29326   -1.00000    0.46091   -0.12129    0.92997   -0.86069    1.00000    0.82824    0.61702    0.21136   10.80000
  -0.89735   -0.99533   -0.56000   -0.60411   -1.00000   -0.81070    0.10251   -0.87642    0.13979   -0.47826   -0.45420    0.38298    0.90000   24.80000
  -0.09823   -0.99777   -1.00000    1.00000   -1.00000   -0.07819   -0.07185    0.97528   -0.86569   -0.73913    1.00000    0.59574    0.96576   13.60000
  -0.14569    1.00000   -1.00000    0.29326   -1.00000    0.17696    0.30561    0.83316   -0.94782    1.00000    0.82824    0.61702    1.00000   10.40000
   0.55629   -0.99539   -0.75000   -0.45674   -1.00000   -0.42798   -0.20674    1.00000   -0.09929   -0.65217   -0.52672   -0.44681    0.94821   16.50000
  -0.63024   -0.99902   -0.58000   -0.62024   -1.00000   -0.77778   -0.06610   -0.61895    0.03395   -0.73913   -0.78626   -0.10638    1.00000   23.40000
   0.06788   -0.64329   -1.00000    0.29326   -1.00000    0.17696    0.14351    0.98146   -0.92914    1.00000    0.82824    0.61702    1.00000   10.90000
  -0.57119   -0.99935   -0.32000   -0.58724   -1.00000   -0.80247    0.16076   -0.22760   -0.20667   -0.47826   -0.45801   -0.25532    0.99420   22.00000
  -0.65121   -0.99007   -1.00000   -0.57918    1.00000   -0.49794    0.21288    0.30999   -0.54127   -0.39130   -0.54199    0.02128    0.81492   29.00000
  -0.18653   -0.99716   -1.00000   -0.40616   -1.00000   -0.44444   -0.12244    0.93203   -0.82226   -0.65217   -0.24809    0.76596    0.98563   19.50000
  -0.78422   -0.99878   -1.00000   -0.15909   -1.00000   -0.22634    0.30868    0.81462   -0.81124   -1.00000   -0.67176    0.78723    1.00000   23.90000
  -0.26656   -0.92068   -1.00000    0.40176    1.00000    1.00000   -0.00709    0.64161   -0.88799   -0.65217   -0.17557   -0.55319   -0.55777   15.60000
  -0.71634   -0.99606   -1.00000   -0.49267   -1.00000   -0.55556    0.07875    0.05870   -0.37968   -0.65217   -0.61832    0.48936    1.00000   23.10000
  -0.64846   -0.99884   -0.75000   -0.58871   -1.00000   -0.90124   -0.11209   -0.61895   -0.02365   -0.73913   -0.39695    0.34043    0.99652   22.00000
  -0.41115   -0.99776   -0.40000   -0.67229   -1.00000   -0.82305   -0.02893    0.28115   -0.05310   -0.56522   -0.56870   -0.14894    0.98850   20.10000
   0.59492   -0.54864   -1.00000    0.29326   -1.00000    0.29630   -0.69074    0.81874   -0.94364    1.00000    0.82824    0.61702    0.43986    8.80000
  -0.72296   -0.99930   -1.00000   -0.65323   -1.00000   -0.46502    0.05346   -0.26673   -0.03085   -0.65217   -0.85878    0.61702    0.96218   20.70000
  -0.73234   -0.97645   -1.00000   -0.43695   -1.00000   -0.37037   -0.09025   -0.45623   -0.38728   -0.73913   -0.54199    0.78723    0.94932   23.10000
  -0.84713   -0.99976    0.80000   -0.88563   -1.00000   -0.89712    0.21364   -0.31617    1.00000   -0.65217   -1.00000   -0.06383    0.93726   30.10000
  -0.46192   -0.88321   -1.00000    0.29326    1.00000    0.58436   -0.01667    0.65808   -0.71026    1.00000    0.82824    0.61702    0.99259   22.70000
  -0.56181   -0.99873   -1.00000   -0.15909   -1.00000   -0.22634    0.16191    0.36354   -0.75466   -1.00000   -0.67176    0.78723    0.97524   22.40000
  -0.41446   -0.99887   -1.00000   -0.09311   -1.00000   -0.78601    0.02357    0.04634   -0.29353   -0.65217   -0.19466    0.29787    0.94705   21.20000
  -0.26600   -0.99273   -1.00000    0.57111   -1.00000   -0.01646   -0.13355    0.90525   -0.75624   -0.73913   -0.04580    0.82979    0.95860   18.40000
   0.12472   -0.50444   -1.00000    0.29326   -1.00000    0.46091   -0.13508    0.84346   -0.86603    1.00000    0.82824    0.61702    0.97252   10.50000
  -0.07671   -0.99584   -0.56000   -0.60411   -1.00000   -0.81070   -0.21671    0.38620    0.24131   -0.47826   -0.45420    0.38298    0.96081   18.50000
  -0.08333   -0.98033   -1.00000    0.57111   -1.00000   -0.01646   -0.20445    0.89083   -0.84536   -0.73913   -0.04580    0.82979    1.00000   14.30000
  -0.81291   -0.98640   -0.60000   -0.74267   -1.00000    0.07819    0.97088    0.73018   -0.87789   -0.65217   -0.70611   -0.91489    0.96369   50.00000
  -0.76545   -0.99875   -0.20000   -0.94208   -1.00000   -0.81893    0.12244   -0.14521    0.39358   -1.00000   -0.43511    0.51064    1.00000   22.90000
   0.08113   -0.90073   -1.00000    0.29326   -1.00000   -0.18107   -0.06419    0.88671   -0.74344    1.00000    0.82824    0.61702    0.66912   19.10000
  -0.62583   -0.99940   -1.00000   -0.65323   -1.00000   -0.46502   -0.04273   -0.29145   -0.33025   -0.65217   -0.85878    0.61702    0.99617   20.60000
  -0.28587   -0.98251   -1.00000   -0.43695   -1.00000   -0.37037   -0.06917    0.62307   -0.43106   -0.73913   -0.54199    0.78723    0.94881   17.50000
  -0.17660   -0.95170   -1.00000    0.40176   -1.00000    1.00000   -0.20789    1.00000   -0.92962   -0.65217   -0.17557   -0.55319   -0.14797   15.60000
  -0.84492   -0.98906   -1.00000   -0.30792   -1.00000   -0.34568    0.17800    0.63955   -0.60209   -0.73913   -0.55344    0.23404    1.00000   22.80000
   0.46523   -0.45178   -1.00000    0.29326   -1.00000    0.29630   -0.58191    1.00000   -0.93860    1.00000    0.82824    0.61702    1.00000   10.50000
  -0.27925   -0.98248   -0.60000   -0.74267   -1.00000    0.07819    0.32324    0.68280   -0.81753   -0.65217   -0.70611   -0.91489    0.93530   30.70000
  -0.80132   -0.99859   -1.00000   -0.87390   -1.00000   -0.69959    0.37421    0.05664   -0.10291   -0.82609   -0.86641    0.29787    1.00000   36.20000
  -0.87748   -0.99269   -1.00000   -0.57918   -1.00000   -0.49794    0.79575    0.39032   -0.54127   -0.39130   -0.54199    0.02128    0.90948   48.30000
  -0.08389   -0.99299   -1.00000   -0.30792   -1.00000   -0.34568   -0.09829    0.65397   -0.47822   -0.73913   -0.55344    0.23404    0.96873   17.80000
  -0.12528   -0.99793   -1.00000    0.84677   -1.00000   -0.19342   -0.11171    0.91349   -0.84055   -0.91304   -0.99618    0.38298    0.91165   18.80000
  -0.51600   -0.99757   -1.00000   -0.01540    1.00000   -0.32099    0.07760    0.84346   -0.59376   -0.65217   -0.66031   -0.19149    0.98406   23.00000
  -0.02649   -0.86814   -1.00000    0.29326   -1.00000    0.26749    0.08986    0.91761   -0.90048    1.00000    0.82824    0.61702    1.00000   12.50000
  -0.22406   -0.95183   -1.00000    0.40176   -1.00000    1.00000   -0.17685    0.96910   -0.91023   -0.65217   -0.17557   -0.55319    0.31943   19.40000
  -0.38521   -0.90936   -1.00000    0.29326   -1.00000   -0.39506    0.02242    0.80844   -0.64177    1.00000    0.82824    0.61702    0.99208   19.60000
  -0.19316   -0.69982   -1.00000    0.29326   -1.00000    0.26749   -0.10864    0.89083   -0.88133    1.00000    0.82824    0.61702    1.00000   12.70000
  -0.42660   -0.97482   -1.00000    0.40176    1.00000    1.00000   -0.44396    0.75283   -0.91259   -0.65217   -0.17557   -0.55319    0.72959   15.30000
  -0.40949   -0.99816   -0.75000   -0.45674   -1.00000   -0.42798   -0.06074    0.31205   -0.19415   -0.65217   -0.52672   -0.44681    0.99344   22.90000
  -0.02980   -0.83096   -1.00000    0.29326   -1.00000    0.34979    0.09446    0.96498   -0.80805    1.00000    0.82824    0.61702    0.53255   13.00000
  -0.79194   -0.97152   -1.00000    0.40176    1.00000   -0.09465    0.03047    0.84758   -0.87837   -0.65217   -0.17557   -0.55319    0.70760   27.00000
  -0.80353   -0.92204   -1.00000    0.29326    1.00000    0.37037    1.00000    0.64779   -0.85903    1.00000    0.82824    0.61702    0.78642   21.90000
  -0.65121   -0.99918    0.60000   -0.89370   -1.00000   -0.88477   -0.19448   -0.60865    0.71978   -0.73913   -0.43893    1.00000    0.92889   18.20000
  -0.46744   -0.99760   -0.40000   -0.67229   -1.00000   -0.82305    0.27841    0.05870   -0.05310   -0.56522   -0.56870   -0.14894    0.97151   22.00000
  -0.80132   -0.99864   -1.00000   -0.73680   -1.00000   -0.48560    0.14390   -0.37796   -0.63577   -0.65217   -0.58397   -0.14894    0.97004   29.40000
  -0.05519   -0.77610   -1.00000    0.29326   -1.00000    0.46091    0.12052    1.00000   -0.84563    1.00000    0.82824    0.61702    0.94871   15.40000
   0.43378   -0.96894   -1.00000   -0.43695   -1.00000   -0.37037   -0.08450    0.62925   -0.47978   -0.73913   -0.54199    0.78723    0.17142   13.20000
   0.32174   -0.73988   -1.00000    0.29326   -1.00000    0.29630   -0.43476    0.93821   -0.88353    1.00000    0.82824    0.61702    1.00000    9.70000
  -0.71468   -0.98538   -0.60000   -0.74267   -1.00000    0.07819    0.25733    1.00000   -0.83975   -0.65217   -0.70611   -0.91489    0.97494   30.10000
  -0.87031   -0.99924    0.60000   -0.92229   -1.00000   -0.92181    0.42786   -0.35736    0.12384   -0.91304   -0.45801   -1.00000    1.00000   33.30000
   0.07561   -0.68429   -1.00000    0.29326   -1.00000   -0.12757    0.18643    1.00000   -0.92763    1.00000    0.82824    0.61702   -0.82485   17.20000
  -0.29912   -0.97300   -1.00000    0.40176   -1.00000   -0.09465   -0.11324    0.88877   -0.76424   -0.65217   -0.17557   -0.55319    0.47244   17.40000
   0.17274    0.52669   -1.00000    0.29326   -1.00000    0.26749   -0.18682    1.00000   -0.94620    1.00000    0.82824    0.61702    0.93984    5.00000
  -0.60210   -0.99800   -1.00000   -0.09311   -1.00000   -0.78601    0.04426   -0.13285   -0.38655   -0.65217   -0.19466    0.29787    0.93106   21.40000
  -0.28422   -0.84725   -1.00000    0.29326   -1.00000    0.34979   -0.03430    0.67868   -0.71121    1.00000    0.82824    0.61702    1.00000   20.00000
  -0.30464   -0.99510   -1.00000   -0.32331   -1.00000   -0.17696   -0.05499    0.58187   -0.75109   -0.56522   -0.22137    0.40426    1.00000   16.80000
  -0.86313   -0.99743   -1.00000   -0.82185   -1.00000   -0.75309    0.72753    0.50566   -0.56977   -0.91304   -0.66031    0.14894    1.00000   38.70000
   0.78201   -0.69266   -1.00000    0.29326   -1.00000    0.46091   -0.09025    0.75077   -0.87433    1.00000    0.82824    0.61702   -0.65389    8.40000
  -0.72461   -0.99816   -1.00000   -0.24120   -1.00000   -0.88477    0.09446   -0.92379   -0.24384   -0.73913   -0.54962    0.40426    0.93358   24.20000
  -0.74448   -0.99829   -0.40000   -0.67229   -1.00000   -0.82305    0.11899   -0.67868   -0.07969   -0.56522   -0.56870   -0.14894    0.91180   23.70000
  -0.38576   -0.99898   -1.00000   -0.70454   -1.00000   -0.73663   -0.05959   -0.13079   -0.40027   -0.82609   -0.77099    0.25532    0.99541   22.50000
  -0.66832   -0.87182   -1.00000    0.29326   -1.00000   -0.39506    0.22207    0.48301   -0.59951    1.00000    0.82824    0.61702    0.98069   23.70000
  -0.06567   -0.99629   -1.00000   -0.40616   -1.00000   -0.44444   -0.12818    0.83316   -0.80333   -0.65217   -0.24809    0.76596    0.99380   19.50000
  -0.35927   -0.94667   -1.00000    0.29326   -1.00000   -0.18518   -0.11477   -0.19670   -0.52816    1.00000    0.82824    0.61702    0.86802   20.60000
  -0.19978   -0.82588   -1.00000    0.29326   -1.00000    0.34979    0.05001    0.66426   -0.69928    1.00000    0.82824    0.61702    0.37117   14.90000
  -0.68874   -0.99806   -0.40000   -0.67229   -1.00000   -0.82305    0.16689   -0.19052   -0.07969   -0.56522   -0.56870   -0.14894    0.93383   23.30000
   0.00166   -0.97792   -1.00000   -0.43695   -1.00000   -0.37037   -0.13700    1.00000   -0.46065   -0.73913   -0.54199    0.78723    0.98810   14.50000
  -0.64514   -0.99920   -0.44000    0.06892   -1.00000   -0.67490    0.10404    0.04428   -0.53873   -0.73913   -0.68321    0.19149    0.99047   22.90000
  -0.54525   -0.99229   -1.00000   -0.30792   -1.00000   -0.34568   -0.07607    0.52008   -0.64119   -0.73913   -0.55344    0.23404    0.99667   20.30000
   0.38466   -0.92549   -1.00000    0.40176    1.00000    1.00000   -0.29412    1.00000   -0.96508   -0.65217   -0.17557   -0.55319    1.00000   13.40000
  -0.77483   -0.99696   -1.00000   -0.52713   -1.00000   -0.74074   -0.00057   -0.92379   -0.16498   -0.82609   -0.82443    0.12766    0.93177   25.30000
  -0.61700   -0.99806   -0.32000   -0.58724   -1.00000   -0.80247    0.12435   -0.68074   -0.20667   -0.47826   -0.45801   -0.25532    0.93298   26.40000
  -0.46965   -0.99756   -1.00000   -0.82185   -1.00000   -0.75309   -0.00287    0.37384   -0.56977   -0.91304   -0.66031    0.14894    0.97443   21.40000
  -0.69702   -0.99914   -0.50000   -0.67742   -1.00000   -0.83128    0.17187    0.39032   -0.22322   -0.73913   -0.64122    0.36170    0.99360   23.90000
  -0.66556   -0.98523   -0.60000   -0.74267   -1.00000    0.07819    0.44549    1.00000   -0.86087   -0.65217   -0.70611   -0.91489    0.93136   36.00000
  -0.26656   -0.75090   -1.00000    0.29326   -1.00000    0.37037    0.09216    1.00000   -0.86736    1.00000    0.82824    0.61702    0.60588   16.70000
  -0.66336   -0.99936   -0.30000   -0.58944   -1.00000   -0.78231   -0.05346   -0.57981    0.00230   -1.00000   -0.55344   -0.08511    0.82526   19.40000
  -0.26214   -0.99615   -1.00000   -0.32331   -1.00000   -0.17696   -0.23050    0.45417   -0.76897   -0.56522   -0.22137    0.40426    0.99430   17.50000
  -0.45309   -0.94973   -1.00000    0.40176   -1.00000   -0.09465   -0.12129    0.83110   -0.76495   -0.65217   -0.17557   -0.55319    0.99097   22.70000
   0.03311   -0.99509   -0.75000   -0.45674   -1.00000   -0.42798    0.07913    0.88260   -0.05117   -0.65217   -0.52672   -0.44681    0.97791   15.00000
  -0.66556   -0.99851    0.20000   -0.90982   -1.00000   -0.89300   -0.10979   -0.67868    0.74244   -0.73913   -0.14504    0.21277    0.97695   18.60000
  -0.88521   -0.99935    0.90000   -0.83724   -1.00000   -0.87202    0.64476   -0.37590   -0.27463   -0.73913   -0.85878   -0.55319    0.97922   48.50000
  -0.73013   -0.99930    0.60000   -0.92229   -1.00000   -0.92181    0.42288   -0.27086    0.12384   -0.91304   -0.45801   -1.00000    0.97630   34.60000
  -0.43157   -0.85528   -1.00000    0.29326   -1.00000   -0.18107    0.09753    0.48095   -0.80525    1.00000    0.82824    0.61702   -0.50764   16.10000
  -0.59382   -0.99912   -1.00000   -0.79619   -1.00000   -0.69136   -0.01016   -0.39650   -0.13721   -0.73913   -0.07252   -0.08511    0.85713   19.80000
  -0.47296   -0.98383   -1.00000   -0.43695   -1.00000   -0.37037   -0.16996    0.37178   -0.51497   -0.73913   -0.54199    0.78723    0.96999   18.20000
  -0.25828   -0.68738   -1.00000    0.29326   -1.00000    0.34979    0.01437    0.89701   -0.80129    1.00000    0.82824    0.61702   -0.49412   11.70000
  -0.75773   -0.99247   -1.00000   -0.49267   -1.00000   -0.55556    0.09370   -0.23378   -0.34682   -0.65217   -0.61832    0.48936    1.00000   25.00000
  -0.20475   -0.94514   -1.00000    0.40176   -1.00000    1.00000   -0.34432    0.87642   -0.88964   -0.65217   -0.17557   -0.55319   -0.55464   13.10000
  -0.59327   -0.99826   -1.00000   -0.09311   -1.00000   -0.78601   -0.11362   -0.30587   -0.38655   -0.65217   -0.19466    0.29787    0.99576   20.30000
  -0.38190   -0.99970    0.60000   -0.90469   -1.00000   -1.00000    0.02280   -0.41092    0.44761   -1.00000   -0.79389    0.19149    0.72112   20.10000
  -0.21578   -0.99463   -1.00000   -0.30792   -1.00000   -0.34568   -0.14888    0.41710   -0.47220   -0.73913   -0.55344    0.23404    1.00000   19.80000
   0.22792   -0.99170   -1.00000   -0.25733    1.00000   -0.57202   -0.29373    0.76519   -0.53889   -0.73913   -0.65649    0.27660    0.99163   19.30000
   0.15177   -0.97472   -1.00000   -0.43695   -1.00000   -0.37037   -0.17532    0.87848   -0.43559   -0.73913   -0.54199    0.78723    0.81477   12.70000
  -0.52925   -0.98580   -1.00000   -0.43695   -1.00000   -0.37037   -0.02855    0.68074   -0.39396   -0.73913   -0.54199    0.78723    0.91487   18.20000
  -0.80408   -0.99894   -0.58000   -0.62024   -1.00000   -0.77778    0.13048   -0.62513    0.03395   -0.73913   -0.78626   -0.10638    1.00000   25.00000
  -0.78091   -0.99895   -1.00000   -0.78372   -1.00000   -0.57202    0.34815    0.23996   -0.58445   -0.91304   -0.68321    0.10638    0.99576   28.70000
  -0.03863   -0.99689   -0.75000   -0.45674   -1.00000   -0.42798    0.00057    0.91967   -0.12323   -0.65217   -0.52672   -0.44681    1.00000   27.10000
  -0.31788   -0.99719   -1.00000   -0.40616   -1.00000   -0.44444   -0.01667    0.69516   -0.81944   -0.65217   -0.24809    0.76596    0.95355   20.40000
   0.52097   -0.93765   -1.00000    0.40176   -1.00000    1.00000   -0.48573    0.95469   -0.96066   -0.65217   -0.17557   -0.55319    1.00000   11.80000
  -0.04636   -0.89519   -1.00000    0.29326   -1.00000    0.34979   -0.07454    0.75077   -0.73611    1.00000    0.82824    0.61702   -0.94876   12.70000
   0.22792   -0.76024   -1.00000    0.29326   -1.00000    0.46091    0.11056    0.89289   -0.84390    1.00000    0.82824    0.61702   -0.78446   11.80000
   0.16722   -0.78904   -1.00000    0.29326   -1.00000    0.46091   -0.20828    0.87436   -0.87495    1.00000    0.82824    0.61702    1.00000   12.80000
  -0.53753   -0.99856   -1.00000   -0.73680   -1.00000   -0.48560   -0.05767   -0.08754   -0.55891   -0.65217   -0.58397   -0.14894    0.98149   23.20000
  -0.09934   -0.67597   -1.00000    0.29326   -1.00000    0.46091    0.11132    0.86200   -0.84123    1.00000    0.82824    0.61702   -0.86298    9.60000
  -0.19592   -0.98328   -1.00000   -0.43695   -1.00000   -0.37037   -0.09446    0.87848   -0.40529   -0.73913   -0.54199    0.78723    0.98704   15.60000
  -0.46358   -0.89144   -1.00000    0.29326   -1.00000   -0.18518   -0.10174    0.03605   -0.63213    1.00000    0.82824    0.61702    0.95623   20.60000
   0.10651   -0.59851   -1.00000    0.29326   -1.00000    0.17696    0.02012    1.00000   -0.95335    1.00000    0.82824    0.61702    0.98406   10.20000
  -0.87748   -0.99982    1.00000   -0.93695   -1.00000   -0.89300    0.24737   -0.22554    0.30859   -0.65217   -0.73664   -0.46809    0.97983   31.60000
  -0.49559   -0.99708   -1.00000   -0.25733   -1.00000   -0.57202   -0.10711   -0.60041   -0.48789   -0.73913   -0.65649    0.27660    1.00000   22.60000
