  -0.51104   -0.99918   -0.44000    0.06892   -1.00000   -0.67490    0.03008    0.53244   -0.54798   -0.73913   -0.68321    0.19149    1.00000   20.60000
  -0.65121   -0.99970   -0.65000   -0.93255   -1.00000   -0.87202    0.35773    0.16581    0.47192   -0.82609   -0.88931    0.27660    0.98154   33.00000
   0.23786   -0.99360   -1.00000    0.57111   -1.00000   -0.01646    0.00134    0.86818   -0.91228   -0.73913   -0.04580    0.82979    0.95552   14.00000
   0.60486   -0.62222   -1.00000    0.29326   -1.00000    0.29630   -0.34240    0.96086   -0.94608    1.00000    0.82824    0.61702    1.00000    7.20000
  -0.12528   -0.99793   -1.00000    0.84677   -1.00000   -0.19342   -0.11171    0.91349   -0.84055   -0.91304   -0.99618    0.38298    0.91165   18.80000
   0.30684   -0.99676   -1.00000    0.84677   -1.00000   -0.19342   -0.12052    0.93821   -0.85181   -0.91304   -0.99618    0.38298    0.86590   17.30000
  -0.76987   -0.99699   -0.56000   -0.60411   -1.00000   -0.81070    0.12129   -0.79197    0.13979   -0.47826   -0.45420    0.38298    0.99687   24.40000
  -0.87031   -0.99924    0.60000   -0.92229   -1.00000   -0.92181    0.42786   -0.35736    0.12384   -0.91304   -0.45801   -1.00000    1.00000   33.30000
  -0.05519   -0.77610   -1.00000    0.29326   -1.00000    0.46091    0.12052    1.00000   -0.84563    1.00000    0.82824    0.61702    0.94871   15.40000
  -0.77042   -0.99949   -0.20000   -0.94208   -1.00000   -0.81893    0.29450   -0.34913    0.39358   -1.00000   -0.43511    0.51064    0.96445   26.60000
  -0.32395   -0.99827   -1.00000   -0.85337   -1.00000   -0.57613   -0.21709    0.78991   -0.66203   -0.82609   -0.97710    0.10638    0.97025   26.40000
  -0.01821   -0.78155   -1.00000    0.29326   -1.00000    0.46091    0.09025    0.94233   -0.82986    1.00000    0.82824    0.61702    0.94483   17.10000
  -0.69812   -0.99638   -1.00000   -0.49267   -1.00000   -0.55556    0.09791    0.01751   -0.37968   -0.65217   -0.61832    0.48936    1.00000   23.80000
  -0.55795   -0.99891   -1.00000   -0.65323   -1.00000   -0.46502   -0.07109   -0.12461   -0.33025   -0.65217   -0.85878    0.61702    1.00000   19.00000
  -0.06457   -0.89064   -1.00000    0.29326   -1.00000   -0.05761    0.12014    0.86818   -0.78618    1.00000    0.82824    0.61702    0.99652   16.70000
  -0.77483   -0.99696   -1.00000   -0.52713   -1.00000   -0.74074   -0.00057   -0.92379   -0.16498   -0.82609   -0.82443    0.12766    0.93177   25.30000
  -0.32285   -0.91704   -1.00000    0.29326   -1.00000    0.37037   -0.46273    0.82286   -0.88675    1.00000    0.82824    0.61702    0.59216   21.90000
  -0.57064   -0.99918    0.05000   -0.64370   -1.00000   -0.91770    0.15118   -0.58805    0.12534   -0.56522   -0.59542   -0.14894    0.87301   24.80000
  -0.65121   -0.99918    0.60000   -0.89370   -1.00000   -0.88477   -0.19448   -0.60865    0.71978   -0.73913   -0.43893    1.00000    0.92889   18.20000
   0.25055   -0.64361   -1.00000    0.29326   -1.00000    0.20988   -0.10519    0.90525   -0.85814    1.00000    0.82824    0.61702   -0.96288    8.30000
  -0.92384   -0.99965    0.65000   -0.88490   -1.00000   -0.87654    0.55164   -0.73635   -0.06512   -0.91304   -0.38550   -0.55319    0.99233   42.30000
  -0.06291   -0.78628   -1.00000    0.29326   -1.00000    0.34979    0.21364    0.87848   -0.75148    1.00000    0.82824    0.61702   -0.96793   14.90000
  -0.68764   -0.99893   -1.00000   -0.01320   -1.00000   -0.78601    0.14505   -0.00927   -0.12143   -0.73913   -0.61069   -0.27660    0.97957   27.10000
  -0.27815   -0.99634   -1.00000    0.84677   -1.00000   -0.19342   -0.07070    0.76107   -0.84299   -0.91304   -0.99618    0.38298    0.94009   21.40000
  -0.44757   -0.99376   -1.00000   -0.49267   -1.00000   -0.55556   -0.17724    0.47065   -0.34682   -0.65217   -0.61832    0.48936    0.97090   18.50000
  -0.67219   -0.99757   -1.00000   -0.40616   -1.00000   -0.44444    0.23395    0.40886   -0.68600   -0.65217   -0.24809    0.76596    0.99334   26.50000
   0.18874   -0.74926   -1.00000    0.29326   -1.00000    0.46091    0.17570    0.88877   -0.81902    1.00000    0.82824    0.61702   -0.44763   13.40000
  -0.58278   -0.99876   -1.00000   -0.65323   -1.00000   -0.46502   -0.07760    0.14521   -0.33025   -0.65217   -0.85878    0.61702    1.00000   18.70000
  -0.10651   -0.99765   -1.00000   -0.01540    1.00000   -0.32099   -0.08412    0.87230   -0.67996   -0.65217   -0.66031   -0.19149    1.00000   21.50000
  -0.78201   -0.99789   -1.00000   -0.85337   -1.00000   -0.57613    0.15041    0.90937   -0.68766   -0.82609   -0.97710    0.10638    1.00000   32.50000
  -0.34547   -0.99386   -1.00000   -0.32331   -1.00000   -0.17696   -0.09370   -0.18229   -0.77228   -0.56522   -0.22137    0.40426    1.00000   24.50000
  -0.67605   -0.98632   -1.00000   -0.57918   -1.00000   -0.49794    0.17149    0.60453   -0.61035   -0.39130   -0.54199    0.02128    1.00000   30.10000
  -0.81788   -0.99965    0.20000   -0.81891   -1.00000   -0.93416    0.24123   -0.85582   -0.07428   -1.00000   -0.70229   -0.36170    0.98220   31.10000
  -0.66556   -0.98523   -0.60000   -0.74267   -1.00000    0.07819    0.44549    1.00000   -0.86087   -0.65217   -0.70611   -0.91489    0.93136   36.00000
  -0.36258   -0.96651   -1.00000    0.40176   -1.00000    1.00000   -0.29373    1.00000   -0.91598   -0.65217   -0.17557   -0.55319    0.72112   19.60000
  -0.66832   -0.87182   -1.00000    0.29326   -1.00000   -0.39506    0.22207    0.48301   -0.59951    1.00000    0.82824    0.61702    0.98069   23.70000
  -0.17660   -0.95170   -1.00000    0.40176   -1.00000    1.00000   -0.20789    1.00000   -0.92962   -0.65217   -0.17557   -0.55319   -0.14797   15.60000
   0.60486   -0.99444   -1.00000   -0.52713   -1.00000   -0.74074   -0.29565    0.90319   -0.13787   -0.82609   -0.82443    0.12766    1.00000   14.40000
  -0.74945   -0.99723   -1.00000   -0.01320   -1.00000   -0.78601    0.19448   -0.41916   -0.12143   -0.73913   -0.61069   -0.27660    1.00000   28.60000
   0.36148   -0.83371   -1.00000    0.29326   -1.00000   -0.12757   -0.21211    0.95675   -0.94087    1.00000    0.82824    0.61702    0.58515   17.20000
  -0.64294   -0.99926   -1.00000   -0.78372   -1.00000   -0.57202    0.08986    0.46241   -0.64308   -0.91304   -0.68321    0.10638    0.98311   22.00000
  -0.17991   -0.87277   -1.00000    0.29326   -1.00000    0.46091    0.01859    1.00000   -0.84083    1.00000    0.82824    0.61702    0.99390   18.40000
  -0.71468   -0.98538   -0.60000   -0.74267   -1.00000    0.07819    0.25733    1.00000   -0.83975   -0.65217   -0.70611   -0.91489    0.97494   30.10000
  -0.26214   -0.99615   -1.00000   -0.32331   -1.00000   -0.17696   -0.23050    0.45417   -0.76897   -0.56522   -0.22137    0.40426    0.99430   17.50000
  -0.61038   -0.99726   -0.75000   -0.58871   -1.00000   -0.90124   -0.10941   -0.38002   -0.02365   -0.73913   -0.39695    0.34043    1.00000   20.90000
  -0.54746   -0.98613   -1.00000   -0.57918    1.00000   -0.49794    0.27151    0.54068   -0.61035   -0.39130   -0.54199    0.02128    0.96717   27.50000
  -0.30243   -0.99859   -1.00000    0.84677   -1.00000   -0.19342   -0.11516    0.37590   -0.79483   -0.91304   -0.99618    0.38298    0.96092   22.00000
  -0.14569    1.00000   -1.00000    0.29326   -1.00000    0.17696    0.30561    0.83316   -0.94782    1.00000    0.82824    0.61702    1.00000   10.40000
  -0.91225   -0.96600   -1.00000    0.40176    1.00000   -0.09465    0.84480    0.87436   -0.81224   -0.65217   -0.17557   -0.55319    0.95739   50.00000
  -0.93212   -0.85315   -1.00000    0.29326    1.00000    0.01235    0.32401    0.94851   -0.98676    1.00000    0.82824    0.61702    0.97554   50.00000
  -0.19592   -0.98328   -1.00000   -0.43695   -1.00000   -0.37037   -0.09446    0.87848   -0.40529   -0.73913   -0.54199    0.78723    0.98704   15.60000
  -0.92936   -0.99876   -0.60000   -0.78959    1.00000   -0.76173    0.56505   -0.03605   -0.25755   -0.65217   -0.88931   -0.51064    0.90000   46.00000
  -0.34216   -0.99810   -0.60000   -0.52346    1.00000   -0.67490   -0.09600    0.20700   -0.49297   -0.82609   -0.86260    0.27660    0.97196   20.70000
  -0.79249   -0.99835    0.20000   -0.90982   -1.00000   -0.89300    0.15654   -0.32029    0.74244   -0.73913   -0.14504    0.21277    0.86827   24.10000
   0.07119   -0.99363   -1.00000   -0.32331   -1.00000   -0.17696   -0.29910    0.44181   -0.69646   -0.56522   -0.22137    0.40426    1.00000   19.70000
  -0.31733   -0.72930   -1.00000    0.29326   -1.00000   -0.05761   -0.20023    0.74459   -0.85058    1.00000    0.82824    0.61702    0.46871   20.80000
  -0.41446   -0.99887   -1.00000   -0.09311   -1.00000   -0.78601    0.02357    0.04634   -0.29353   -0.65217   -0.19466    0.29787    0.94705   21.20000
  -0.93709   -0.99819   -0.10000   -0.78153   -1.00000   -0.78601    0.38609   -0.51802   -0.02696   -0.65217   -0.19466   -0.44681    0.96767   36.40000
  -0.47075   -0.94508   -1.00000    0.40176   -1.00000   -0.09465    0.08871    0.90113   -0.79396   -0.65217   -0.17557   -0.55319    0.66282   22.30000
  -0.83388   -0.99889    0.40000   -0.86950   -1.00000   -0.93827    0.33359   -0.85376    0.21820   -0.65217   -0.34733   -0.53191    0.87231   29.00000
  -0.46965   -0.99756   -1.00000   -0.82185   -1.00000   -0.75309   -0.00287    0.37384   -0.56977   -0.91304   -0.66031    0.14894    0.97443   21.40000
  -0.41501   -0.99700   -1.00000   -0.40616   -1.00000   -0.44444   -0.00134    0.79403   -0.76513   -0.65217   -0.24809    0.76596    0.97877   20.10000
  -0.28477   -0.99701   -1.00000   -0.73680   -1.00000   -0.48560   -0.22935    0.76313   -0.73329   -0.65217   -0.58397   -0.14894    1.00000   23.10000
  -0.49007   -0.99498   -1.00000   -0.25733   -1.00000   -0.57202    0.05959    0.02163   -0.41342   -0.73913   -0.65649    0.27660    0.98976   24.40000
  -0.75386   -0.99860   -1.00000   -0.82185   -1.00000   -0.75309    0.47729    0.22760   -0.56977   -0.91304   -0.66031    0.14894    1.00000   33.20000
  -0.83775   -0.99934    0.60000   -0.78666   -1.00000   -0.94650    0.04579   -0.69310   -0.00301   -0.73913   -0.42748   -0.25532    1.00000   23.50000
  -0.51159   -0.91756   -1.00000    0.29326   -1.00000   -0.18518    0.05422    0.00927   -0.47947    1.00000    0.82824    0.61702    0.95824   21.20000
  -0.11700   -0.87783   -1.00000    0.29326   -1.00000    0.34979    0.18567    0.96293   -0.77710    1.00000    0.82824    0.61702    0.79016   15.20000
   0.27925   -0.66242   -1.00000    0.29326   -1.00000   -0.05761   -0.33206    0.94439   -0.82339    1.00000    0.82824    0.61702    0.76086   12.00000
  -0.09437   -0.81905   -1.00000    0.29326   -1.00000   -0.18107   -0.28492    0.90525   -0.76353    1.00000    0.82824    0.61702    0.77649   13.80000
  -0.43157   -0.85528   -1.00000    0.29326   -1.00000   -0.18107    0.09753    0.48095   -0.80525    1.00000    0.82824    0.61702   -0.50764   16.10000
  -0.93322   -0.99941   -1.00000   -0.87390   -1.00000   -0.69959    0.31711   -0.11638   -0.10291   -0.82609   -0.86641    0.29787    0.98855   33.40000
  -0.66887   -0.99757   -0.60000   -0.52346   -1.00000   -0.67490    0.14083    0.14933   -0.49297   -0.82609   -0.86260    0.27660    0.99022   24.40000
  -0.64846   -0.98778   -0.60000   -0.74267   -1.00000    0.07819    0.39682    0.82698   -0.85441   -0.65217   -0.70611   -0.91489    0.95456   36.50000
  -0.38190   -0.99970    0.60000   -0.90469   -1.00000   -1.00000    0.02280   -0.41092    0.44761   -1.00000   -0.79389    0.19149    0.72112   20.10000
   0.52097   -0.93765   -1.00000    0.40176   -1.00000    1.00000   -0.48573    0.95469   -0.96066   -0.65217   -0.17557   -0.55319    1.00000   11.80000
  -0.09492   -0.65001   -1.00000    0.29326   -1.00000   -0.19753   -0.09370    0.40268   -0.67649    1.00000    0.82824    0.61702    0.85799   19.10000
  -0.12417   -0.79821   -1.00000    0.29326    1.00000    0.58436    0.01590    0.94645   -0.81948    1.00000    0.82824    0.61702    0.90332   17.80000
   0.55850   -0.77722   -1.00000    0.29326   -1.00000    0.26749   -0.12205    0.54274   -0.93256    1.00000    0.82824    0.61702    0.70377    6.30000
  -0.58664   -0.99782   -0.50000   -0.65763   -1.00000   -0.72016   -0.09331   -0.08754    0.05528   -0.39130   -0.62977    0.51064    1.00000   19.60000
  -0.50883   -0.99500   -1.00000   -0.40616   -1.00000   -0.44444    0.08986    0.69928   -0.71172   -0.65217   -0.24809    0.76596   -0.64456   18.60000
  -0.75607   -0.99332   -1.00000   -0.49267   -1.00000   -0.55556    0.05422   -0.46447   -0.22045   -0.65217   -0.61832    0.48936    1.00000   23.00000
  -0.52042   -0.93679   -1.00000    0.29326   -1.00000   -0.39506   -0.15654   -0.22966   -0.46008    1.00000    0.82824    0.61702    0.97993   21.80000
  -0.58996   -0.99250   -0.56000   -0.60411   -1.00000   -0.81070   -0.02395   -0.34089    0.25961   -0.47826   -0.45420    0.38298    0.96611   24.30000
  -0.67605   -0.99911    0.05000   -0.64370   -1.00000   -0.91770    0.05537   -0.12049    0.12534   -0.56522   -0.59542   -0.14894    1.00000   22.30000
  -0.51876   -0.99694   -1.00000   -0.29985   -1.00000   -0.33333    0.03200    0.67456   -0.79505   -0.56522   -0.06489    0.10638    0.95885   18.50000
  -0.61700   -0.99806   -0.32000   -0.58724   -1.00000   -0.80247    0.12435   -0.68074   -0.20667   -0.47826   -0.45801   -0.25532    0.93298   26.40000
  -0.22572   -0.99629   -1.00000   -0.29985   -1.00000   -0.33333   -0.09293    0.75695   -0.75748   -0.56522   -0.06489    0.10638    0.73781   18.30000
  -0.14846   -0.80250   -1.00000    0.29326   -1.00000   -0.18107   -0.23204    0.39444   -0.83015    1.00000    0.82824    0.61702   -0.98321   11.70000
  -0.59658   -0.99808   -1.00000   -0.73680   -1.00000   -0.48560    0.09408    0.67250   -0.72416   -0.65217   -0.58397   -0.14894    0.99294   23.60000
  -0.56126   -0.99870   -1.00000   -0.59677   -1.00000   -0.53086   -0.09101    0.34501   -0.59430   -0.65217   -0.64886    0.40426    1.00000   18.90000
  -0.02980   -0.83096   -1.00000    0.29326   -1.00000    0.34979    0.09446    0.96498   -0.80805    1.00000    0.82824    0.61702    0.53255   13.00000
  -0.61810   -0.99958   -1.00000   -0.89516   -1.00000   -0.45267    0.14160    0.16993   -0.06568   -1.00000   -0.10305   -0.29787    0.96500   16.50000
  -0.51600   -0.99757   -1.00000   -0.01540    1.00000   -0.32099    0.07760    0.84346   -0.59376   -0.65217   -0.66031   -0.19149    0.98406   23.00000
  -0.39625   -0.99876   -1.00000   -0.71188   -1.00000   -0.76543   -0.10443    0.01751    0.25199   -0.82609   -0.37023    0.31915    0.83716   17.20000
  -0.48179   -0.98688   -1.00000    0.57111   -1.00000   -0.01646    0.07722    0.95675   -0.78216   -0.73913   -0.04580    0.82979    0.94382   23.00000
  -0.53532   -0.99572   -0.56000   -0.60411   -1.00000   -0.81070    0.02127    0.57158    0.25961   -0.47826   -0.45420    0.38298    0.89530   20.50000
  -0.82119   -0.99869    0.40000   -0.86950   -1.00000   -0.93827    0.06687   -0.64573    0.21820   -0.65217   -0.34733   -0.53191    0.85546   22.50000
  -0.27925   -0.98248   -0.60000   -0.74267   -1.00000    0.07819    0.32324    0.68280   -0.81753   -0.65217   -0.70611   -0.91489    0.93530   30.70000
  -0.40949   -0.99901   -0.30000   -0.58944   -1.00000   -0.78231   -0.17800   -0.47477    0.00230   -1.00000   -0.55344   -0.08511    0.98548   17.10000
  -0.87748   -0.99982    1.00000   -0.93695   -1.00000   -0.89300    0.24737   -0.22554    0.30859   -0.65217   -0.73664   -0.46809    0.97983   31.60000
   0.38466   -0.92549   -1.00000    0.40176    1.00000    1.00000   -0.29412    1.00000   -0.96508   -0.65217   -0.17557   -0.55319    1.00000   13.40000
  -0.36976   -0.99878   -1.00000   -0.85337   -1.00000   -0.57613   -0.00671    0.35736   -0.60896   -0.82609   -0.97710    0.10638    0.95063   29.60000
  -0.76545   -0.99875   -0.20000   -0.94208   -1.00000   -0.81893    0.12244   -0.14521    0.39358   -1.00000   -0.43511    0.51064    1.00000   22.90000
  -0.68488   -0.98714   -0.60000   -0.74267   -1.00000   -0.21811    0.81491    0.32029   -0.76502   -0.65217   -0.70611   -0.91489    0.93767   50.00000
  -0.20033   -0.87468   -1.00000    0.29326   -1.00000    0.34979    0.10174    0.75077   -0.78427    1.00000    0.82824    0.61702   -0.49634   14.30000
   0.43874   -0.94666   -1.00000    0.40176   -1.00000    1.00000   -0.01552    1.00000   -0.94735   -0.65217   -0.17557   -0.55319   -0.12961   13.80000
  -0.31733   -0.96290   -1.00000    0.40176   -1.00000    1.00000   -0.01859    0.94439   -0.91117   -0.65217   -0.17557   -0.55319    0.87846   21.50000
  -0.56181   -0.99873   -1.00000   -0.15909   -1.00000   -0.22634    0.16191    0.36354   -0.75466   -1.00000   -0.67176    0.78723    0.97524   22.40000
  -0.52704   -0.99675   -1.00000   -0.29985   -1.00000   -0.33333   -0.05729    0.64161   -0.70577   -0.56522   -0.06489    0.10638    0.98795   19.20000
   0.32782   -0.75659   -1.00000    0.29326   -1.00000    0.20988    0.23434    0.81051   -0.87453    1.00000    0.82824    0.61702   -0.89283    7.50000
  -0.35982   -0.69617   -1.00000    0.29326   -1.00000    0.01235   -0.88427    1.00000   -0.93071    1.00000    0.82824    0.61702   -0.33885   23.10000
  -0.36313   -0.91360   -1.00000    0.29326    1.00000    0.58436    0.08603    0.81462   -0.74982    1.00000    0.82824    0.61702    0.97196   21.70000
  -0.12417   -0.99612   -1.00000   -0.32331   -1.00000   -0.17696   -0.19180   -0.46653   -0.69646   -0.56522   -0.22137    0.40426    0.98179   23.10000
  -0.98951   -0.95892   -1.00000    0.40176    1.00000   -0.09465    0.62522    0.96293   -0.83430   -0.65217   -0.17557   -0.55319    0.96324   50.00000
   0.01269   -0.35597   -1.00000    0.29326   -1.00000   -0.12757   -0.38916    1.00000   -0.91638    1.00000    0.82824    0.61702    0.06233   16.30000
   0.10651   -0.59851   -1.00000    0.29326   -1.00000    0.17696    0.02012    1.00000   -0.95335    1.00000    0.82824    0.61702    0.98406   10.20000
  -0.66060   -0.99908   -1.00000   -0.15909   -1.00000   -0.22634   -0.05384    0.60453   -0.74986   -1.00000   -0.67176    0.78723    1.00000   11.90000
  -0.66556   -0.89804   -1.00000    0.29326   -1.00000    0.58436    0.08718    0.75283   -0.74746    1.00000    0.82824    0.61702    0.88734   25.00000
  -0.35927   -0.94667   -1.00000    0.29326   -1.00000   -0.18518   -0.11477   -0.19670   -0.52816    1.00000    0.82824    0.61702    0.86802   20.60000
  -0.38245   -0.99477   -1.00000   -0.32331   -1.00000   -0.17696   -0.05806    0.28527   -0.76730   -0.56522   -0.22137    0.40426    1.00000   21.20000
  -0.60265   -0.99891   -0.34000   -0.87390   -1.00000   -0.64197    0.17072    0.13697   -0.59254   -0.47826   -0.86641    0.23404    0.98215   28.40000
   0.19260   -0.53445   -1.00000    0.29326   -1.00000    0.12757   -0.77889    1.00000   -0.99118    1.00000    0.82824    0.61702    0.86545   11.90000
  -0.51435   -0.99944   -1.00000   -0.71188   -1.00000   -0.76543   -0.05997   -0.06076    0.25199   -0.82609   -0.37023    0.31915    0.94321   17.50000
  -0.77704   -0.99968    0.70000   -0.97947   -1.00000   -0.89712    0.08143   -0.32441    0.46550   -0.91304   -0.51908    0.00000    1.00000   24.70000
  -0.63962   -0.98599   -1.00000   -0.43695   -1.00000   -0.37037   -0.08488    0.21318   -0.34929   -0.73913   -0.54199    0.78723    1.00000   20.40000
   0.22792   -0.99170   -1.00000   -0.25733    1.00000   -0.57202   -0.29373    0.76519   -0.53889   -0.73913   -0.65649    0.27660    0.99163   19.30000
  -0.88797   -0.99934   -0.60000   -0.78959   -1.00000   -0.76173    0.63211    0.26880   -0.35162   -0.65217   -0.88931   -0.51064    0.95164   45.40000
   0.15949   -0.73461   -1.00000    0.29326   -1.00000    0.37037    0.25043    0.51596   -0.87917    1.00000    0.82824    0.61702   -0.75728    8.40000
  -0.82064   -1.00000   -0.64000   -0.86437   -1.00000   -0.37037    0.15501    0.28321   -0.46159   -1.00000   -0.58397   -0.42553    1.00000   24.00000
   0.36424   -0.65897   -1.00000    0.29326   -1.00000    0.46091   -0.00709    1.00000   -0.85730    1.00000    0.82824    0.61702   -0.95461    8.70000
   1.00000   -0.58431   -1.00000    0.29326   -1.00000    0.16461   -0.77889    1.00000   -0.99865    1.00000    0.82824    0.61702    1.00000   13.80000
  -0.09879   -0.99448   -1.00000   -0.25733   -1.00000   -0.57202   -0.14850    0.43769   -0.41342   -0.73913   -0.65649    0.27660    0.96233   22.50000
  -0.14901   -0.91528   -1.00000    0.29326   -1.00000    0.11111   -0.08373    0.68486   -0.68320    1.00000    0.82824    0.61702   -0.89061   19.00000
   0.38190   -0.43712   -1.00000    0.29326   -1.00000    0.26749   -0.07032    1.00000   -0.91649    1.00000    0.82824    0.61702    1.00000    5.60000
  -0.39625   -0.90435   -1.00000    0.29326   -1.00000    0.58436   -0.02242    0.61483   -0.74911    1.00000    0.82824    0.61702    0.96893   22.60000
  -0.69868   -0.99835   -0.20000   -0.56378   -1.00000   -0.74486    0.11937   -0.39856   -0.45245   -0.73913   -0.74428    0.06383    1.00000   29.10000
  -0.60927   -0.99909   -1.00000   -0.78372   -1.00000   -0.57202    0.09446    0.30175   -0.64304   -0.91304   -0.68321    0.10638    0.97620   22.60000
  -0.53201   -0.99629   -1.00000   -0.52713   -1.00000   -0.74074   -0.18720   -0.36354   -0.27783   -0.82609   -0.82443    0.12766    1.00000   19.30000
  -0.62804   -0.98604   -1.00000   -0.43695   -1.00000   -0.37037   -0.12895    0.10402   -0.38728   -0.73913   -0.54199    0.78723    0.99355   19.90000
  -0.78808   -0.99775    0.60000   -0.89370   -1.00000   -0.88477   -0.08986   -0.65808    0.71978   -0.73913   -0.43893    1.00000    0.89480   20.60000
  -0.75276   -0.99950   -0.44000    0.06892   -1.00000   -0.67490    0.01552   -0.46447   -0.53873   -0.73913   -0.68321    0.19149    0.99713   25.00000
  -0.36589   -0.82392   -1.00000    0.29326   -1.00000    0.11111    0.01475    0.28733   -0.66649    1.00000    0.82824    0.61702    1.00000   21.40000
   0.46744   -0.94774   -1.00000    0.40176   -1.00000    1.00000   -0.37728    0.87230   -0.92725   -0.65217   -0.17557   -0.55319    0.79873   17.80000
  -0.83665   -0.99859   -0.10000   -0.78153   -1.00000   -0.78601    0.21786   -0.42534   -0.02696   -0.65217   -0.19466   -0.44681    0.96374   30.50000
  -0.84989   -0.99888   -1.00000   -0.85337   -1.00000   -0.57613    0.63633    0.04428   -0.62360   -0.82609   -0.97710    0.10638    0.97847   50.00000
  -0.37307   -0.99710   -0.75000   -0.58871   -1.00000   -0.90124   -0.22092   -0.30175   -0.02365   -0.73913   -0.39695    0.34043    1.00000   17.40000
  -0.51269   -0.99946   -1.00000   -0.65323   -1.00000   -0.46502   -0.10558    0.16787   -0.18424   -0.65217   -0.85878    0.61702    0.98946   18.50000
   0.21192   -0.46854   -1.00000    0.29326   -1.00000    0.17696    0.08028    0.92173   -0.95335    1.00000    0.82824    0.61702    1.00000   13.10000
  -0.38962   -0.99472   -1.00000   -0.49267   -1.00000   -0.55556   -0.03353   -0.15963   -0.22045   -0.65217   -0.61832    0.48936    1.00000   22.20000
  -0.21082   -0.99526   -1.00000   -0.25733    1.00000   -0.57202   -0.13930    0.04840   -0.54114   -0.73913   -0.65649    0.27660    0.96994   22.40000
   0.78201   -0.69266   -1.00000    0.29326   -1.00000    0.46091   -0.09025    0.75077   -0.87433    1.00000    0.82824    0.61702   -0.65389    8.40000
  -0.87307   -0.99953   -1.00000   -0.51540   -1.00000   -0.65432    0.38877    0.19876   -0.30208   -0.91304   -0.79008    0.10638    0.97947   34.70000
  -0.91170   -0.99935    0.60000   -0.67082   -1.00000   -0.89300    0.26461   -0.48507   -0.27487   -0.73913   -0.77863    0.40426    1.00000   28.50000
  -0.30464   -0.99510   -1.00000   -0.32331   -1.00000   -0.17696   -0.05499    0.58187   -0.75109   -0.56522   -0.22137    0.40426    1.00000   16.80000
  -0.93157   -0.99983    0.60000   -1.00000   -1.00000   -0.84774    0.65319   -0.40062   -0.17817   -0.73913   -0.74046   -0.61702    0.98654   50.00000
  -0.84382   -0.99943    0.90000   -0.92595   -1.00000   -0.92593    0.30830   -0.74459    0.18648   -0.82609   -0.17939   -0.06383    1.00000   34.90000
  -0.83002   -0.99985    0.80000   -0.94428   -1.00000   -0.92593    0.41330   -0.60865    0.37621   -0.65217   -0.85115    0.12766    0.99511   35.40000
  -0.35320   -0.99815   -0.58000   -0.62024   -1.00000   -0.77778   -0.07952   -0.11843    0.03395   -0.73913   -0.78626   -0.10638    0.99324   19.70000
  -0.78201   -0.99900   -1.00000   -0.65323   -1.00000   -0.46502    0.05576   -0.27497   -0.03085   -0.65217   -0.85878    0.61702    0.96374   22.20000
  -0.37804   -0.99342   -0.60000   -0.52346   -1.00000   -0.67490   -0.12052   -0.19258   -0.39994   -0.82609   -0.86260    0.27660    0.95839   21.10000
  -0.73234   -0.99515   -0.60000   -0.52346    1.00000   -0.67490    0.58268    0.00721   -0.41131   -0.82609   -0.86260    0.27660    0.96909   35.20000
  -0.84713   -0.99976    0.80000   -0.88563   -1.00000   -0.89712    0.21364   -0.31617    1.00000   -0.65217   -1.00000   -0.06383    0.93726   30.10000
  -0.72461   -0.99816   -1.00000   -0.24120   -1.00000   -0.88477    0.09446   -0.92379   -0.24384   -0.73913   -0.54962    0.40426    0.93358   24.20000
  -0.23731   -0.99422   -1.00000   -0.40616   -1.00000   -0.44444    0.02242    0.81874   -0.74256   -0.65217   -0.24809    0.76596    0.97141   19.40000
  -0.38907   -0.98277   -1.00000   -0.43695   -1.00000   -0.37037    0.12435    0.88465   -0.39527   -0.73913   -0.54199    0.78723    0.95481   18.40000
  -0.86589   -0.99877   -0.20000   -0.56378    1.00000   -0.74486    0.25120   -0.49125   -0.32104   -0.73913   -0.74428    0.06383    0.98260   33.10000
  -0.07671   -0.99584   -0.56000   -0.60411   -1.00000   -0.81070   -0.21671    0.38620    0.24131   -0.47826   -0.45420    0.38298    0.96081   18.50000
   0.07671   -0.77931   -1.00000    0.29326   -1.00000    0.17696    0.23893    0.97528   -0.95846    1.00000    0.82824    0.61702    1.00000   13.30000
  -0.28587   -0.98251   -1.00000   -0.43695   -1.00000   -0.37037   -0.06917    0.62307   -0.43106   -0.73913   -0.54199    0.78723    0.94881   17.50000
   0.18709   -0.65648   -1.00000    0.29326   -1.00000    0.17696    0.18337    0.86200   -0.96084    1.00000    0.82824    0.61702    0.82914   13.90000
   0.17881   -0.99035   -1.00000   -0.25733    1.00000   -0.57202   -0.31673    1.00000   -0.50070   -0.73913   -0.65649    0.27660    1.00000   20.00000
  -0.53311   -0.91746   -1.00000    0.29326   -1.00000    0.58436   -0.30983    0.92173   -0.82286    1.00000    0.82824    0.61702    0.91875   20.80000
  -0.90011   -0.99185   -0.56000   -0.60411   -1.00000   -0.81070    0.80034   -0.88671    0.41442   -0.47826   -0.45420    0.38298    1.00000   42.80000
  -0.72461   -0.99932   -0.50000   -0.67742   -1.00000   -0.83128    0.05039   -0.39650   -0.22322   -0.73913   -0.64122    0.36170    1.00000   24.80000
  -0.53477   -0.99787   -1.00000   -0.29985   -1.00000   -0.33333    0.20866    0.62101   -0.71848   -0.56522   -0.06489    0.10638    0.99339   22.80000
  -0.29415   -0.15352   -1.00000    0.29326   -1.00000    0.20988    0.01207    0.56128   -0.86664    1.00000    0.82824    0.61702   -0.90670   10.90000
  -0.54525   -0.99865   -1.00000   -0.79619   -1.00000   -0.69136   -0.11592   -0.52832   -0.25706   -0.73913   -0.07252   -0.08511    0.92708   19.30000
  -0.82947   -0.99810   -1.00000   -0.85337   -1.00000   -0.57613    0.37728    0.83934   -0.71428   -0.82609   -0.97710    0.10638    0.98598   37.90000
  -0.20475   -0.94514   -1.00000    0.40176   -1.00000    1.00000   -0.34432    0.87642   -0.88964   -0.65217   -0.17557   -0.55319   -0.55464   13.10000
  -0.14238   -0.99622   -1.00000   -0.25733    1.00000   -0.57202   -0.08067    0.83728   -0.50031   -0.73913   -0.65649    0.27660    0.98159   21.70000
  -0.40563   -0.99551   -0.56000   -0.60411   -1.00000   -0.81070   -0.22131    0.51596    0.24131   -0.47826   -0.45420    0.38298    0.87690   17.60000
  -0.93653   -0.99969    0.90000   -0.83724   -1.00000   -0.87202    0.71412   -0.40268   -0.27463   -0.73913   -0.85878   -0.55319    0.96798   50.00000
  -0.89845   -0.99830   -1.00000   -0.82185   -1.00000   -0.75309    0.63211   -0.29969   -0.56977   -0.91304   -0.66031    0.14894    0.98300   43.80000
  -0.85375   -0.99982    0.20000   -0.81891   -1.00000   -0.93416    0.16612   -0.67250   -0.07428   -1.00000   -0.70229   -0.36170    0.89813   29.10000
  -0.81512   -0.99583   -1.00000   -0.49267   -1.00000   -0.55556    0.09983   -0.75695   -0.22045   -0.65217   -0.61832    0.48936    0.98376   24.60000
  -0.88521   -0.99935    0.90000   -0.83724   -1.00000   -0.87202    0.64476   -0.37590   -0.27463   -0.73913   -0.85878   -0.55319    0.97922   48.50000
  -0.72682   -0.99837   -0.10000   -0.78153   -1.00000   -0.78601    0.23434   -0.21318   -0.51641   -0.65217   -0.19466   -0.44681    0.98472   32.00000
  -0.55960   -0.99209   -1.00000   -0.57918    1.00000   -0.49794    0.29910    0.76313   -0.68498   -0.39130   -0.54199    0.02128    0.97378   26.70000
  -0.55464   -0.99937   -1.00000   -0.65323   -1.00000   -0.46502   -0.11554   -0.10608   -0.25406   -0.65217   -0.85878    0.61702    1.00000   19.50000
   0.09216   -0.83453   -1.00000    0.29326   -1.00000    0.20988    0.00862    0.54892   -0.85341    1.00000    0.82824    0.61702   -0.51379   11.00000
  -0.86700   -0.99305   -1.00000   -0.57918   -1.00000   -0.51029    0.80303    0.55304   -0.67904   -0.39130   -0.54199    0.02128    0.94024   44.80000
  -0.10596   -0.99805   -1.00000    0.84677   -1.00000   -0.19342   -0.08028    0.85376   -0.82590   -0.91304   -0.99618    0.38298    0.90514   20.50000
  -0.80795   -0.99947   -1.00000   -0.87390   -1.00000   -0.69959    0.09944    0.14933   -0.10291   -0.82609   -0.86641    0.29787    0.98598   28.70000
  -0.26104   -0.96836   -1.00000    0.40176    1.00000    1.00000   -0.01590    0.91761   -0.88728   -0.65217   -0.17557   -0.55319    0.61733   17.00000
  -0.06567   -0.99629   -1.00000   -0.40616   -1.00000   -0.44444   -0.12818    0.83316   -0.80333   -0.65217   -0.24809    0.76596    0.99380   19.50000
  -0.80408   -0.99894   -0.58000   -0.62024   -1.00000   -0.77778    0.13048   -0.62513    0.03395   -0.73913   -0.78626   -0.10638    1.00000   25.00000
  -0.50276   -0.86922   -1.00000    0.29326   -1.00000   -0.39506    0.02740    0.27292   -0.58268    1.00000    0.82824    0.61702    1.00000   23.00000
  -0.15949   -0.98760   -1.00000    0.57111   -1.00000   -0.01646    0.06304    0.96293   -0.82157   -0.73913   -0.04580    0.82979    0.98875   18.10000
  -0.90066   -0.99887   -0.20000   -0.56378    1.00000   -0.74486    0.22514   -0.38208   -0.46385   -0.73913   -0.74428    0.06383    1.00000   32.40000
  -0.74448   -0.99829   -0.40000   -0.67229   -1.00000   -0.82305    0.11899   -0.67868   -0.07969   -0.56522   -0.56870   -0.14894    0.91180   23.70000
  -0.22130   -0.99697   -1.00000   -0.01320   -1.00000   -0.78601   -0.14581    0.13491   -0.05602   -0.73913   -0.61069   -0.27660    1.00000   20.30000
  -0.79801   -0.99826   -0.10000   -0.78153   -1.00000   -0.78601    0.38877   -0.25850   -0.37490   -0.65217   -0.19466   -0.44681    1.00000   34.90000
  -0.43488   -0.99786   -1.00000   -0.09311   -1.00000   -0.78601    0.04158    0.47477   -0.46847   -0.65217   -0.19466    0.29787    0.88280   20.00000
  -0.14183   -0.97866   -1.00000   -0.43695   -1.00000   -0.37037   -0.04733    0.76931   -0.39550   -0.73913   -0.54199    0.78723    0.54350   14.80000
  -0.81291   -0.98640   -0.60000   -0.74267   -1.00000    0.07819    0.97088    0.73018   -0.87789   -0.65217   -0.70611   -0.91489    0.96369   50.00000
  -0.56843   -0.99738   -1.00000   -0.52713   -1.00000   -0.74074   -0.03890   -0.23584   -0.16498   -0.82609   -0.82443    0.12766    0.96213   21.20000
  -0.56622   -0.98800   -0.60000   -0.74267   -1.00000    0.07819    0.39567    0.62513   -0.82131   -0.65217   -0.70611   -0.91489    0.97932   33.80000
   0.02704   -0.96389   -1.00000   -0.43695   -1.00000   -0.37037   -0.02855    0.93615   -0.52165   -0.73913   -0.54199    0.78723    0.25064   13.50000
  -0.09879   -0.99675   -1.00000    1.00000   -1.00000   -0.07819   -0.27457    0.84964   -0.87427   -0.73913    1.00000    0.59574    0.99087   15.20000
  -0.27870   -0.99984    0.50000   -0.74047   -1.00000   -0.89712   -0.10826   -0.07930    0.12579   -0.82609    0.07634    0.80851    1.00000   18.90000
  -0.10044   -0.77011   -1.00000    0.29326   -1.00000   -0.05761    0.00556    0.93203   -0.81069    1.00000    0.82824    0.61702    0.91326   14.60000
  -0.45033   -0.98210   -1.00000   -0.43695   -1.00000   -0.37037   -0.27381   -0.30587   -0.51497   -0.73913   -0.54199    0.78723    0.45580   20.20000
  -0.22406   -0.95183   -1.00000    0.40176   -1.00000    1.00000   -0.17685    0.96910   -0.91023   -0.65217   -0.17557   -0.55319    0.31943   19.40000
   0.53532   -0.99363   -1.00000   -0.25733   -1.00000   -0.57202   -0.29067   -0.85788   -0.55298   -0.73913   -0.65649    0.27660    0.75808   23.70000
  -0.61148   -0.99834   -1.00000   -0.59677   -1.00000   -0.53086   -0.12282   -0.20494   -0.48993   -0.65217   -0.64886    0.40426    1.00000   21.00000
  -0.62969   -0.99854   -1.00000   -0.70454   -1.00000   -0.73663   -0.01897    0.11020   -0.52387   -0.82609   -0.77099    0.25532    0.99118   22.20000
  -0.92108   -0.98799   -0.60000   -0.74267   -1.00000   -0.21811    0.49799    0.02369   -0.68311   -0.65217   -0.70611   -0.91489    0.96671   43.50000
  -0.64128   -0.99990    0.10000   -0.86877   -1.00000   -0.98354    0.10826   -0.40268    0.12353   -1.00000   -0.56870   -0.42553    0.98901   22.00000
  -0.73786   -0.99768   -1.00000   -0.15909   -1.00000   -0.22634    0.23893    0.77961   -0.77097   -1.00000   -0.67176    0.78723    0.98260   22.00000
   0.94536    0.02821   -1.00000    0.29326   -1.00000    0.26749   -0.63288    1.00000   -0.90386    1.00000    0.82824    0.61702   -0.55646    7.00000
  -0.40011   -0.99250   -1.00000    0.57111   -1.00000   -0.01646    0.11017    0.97734   -0.82015   -0.73913   -0.04580    0.82979    0.99062   19.20000
  -0.52759   -0.86929   -1.00000    0.29326   -1.00000    0.34979    0.13125    0.79197   -0.69591    1.00000    0.82824    0.61702    0.98447   20.20000
  -0.90066   -0.99829   -0.56000   -0.60411   -1.00000   -0.81070    0.30140   -0.91967    0.41442   -0.47826   -0.45420    0.38298    0.94548   29.60000
  -0.47461   -0.98159   -0.60000   -0.74267   -1.00000    0.07819    0.44319    0.88671   -0.82737   -0.65217   -0.70611   -0.91489    0.98245   31.00000
  -0.76932   -0.98845   -0.60000   -0.74267   -1.00000    0.07819    0.85361    0.82492   -0.78923   -0.65217   -0.70611   -0.91489    0.94937   48.80000
  -0.81402   -0.99810   -0.10000   -0.78153   -1.00000   -0.78601    0.29910   -0.61689   -0.02696   -0.65217   -0.19466   -0.44681    0.90307   37.00000
  -0.06015   -0.88116   -1.00000    0.29326   -1.00000    0.29630   -0.04579    0.63955   -0.81118    1.00000    0.82824    0.61702    0.90660   23.20000
  -0.93101   -0.99798   -0.20000   -0.56378   -1.00000   -0.74486    0.26193   -0.17817   -0.42935   -0.73913   -0.74428    0.06383    1.00000   32.00000
  -0.84989   -0.99974    0.90000   -0.92595   -1.00000   -0.92593    0.36961   -0.77343    0.18648   -0.82609   -0.17939   -0.06383    0.93646   32.90000
  -0.20088   -0.99737   -1.00000   -0.29985   -1.00000   -0.33333   -0.09868    0.85376   -0.77743   -0.56522   -0.06489    0.10638    0.99017   18.80000
  -0.45309   -0.94973   -1.00000    0.40176   -1.00000   -0.09465   -0.12129    0.83110   -0.76495   -0.65217   -0.17557   -0.55319    0.99097   22.70000
  -0.80905   -0.99727   -0.40000   -0.67229   -1.00000   -0.82305    0.08527   -0.89907    0.07410   -0.56522   -0.56870   -0.14894    0.88809   23.70000
   0.00386   -0.82768   -1.00000    0.29326   -1.00000    0.26749   -0.16229    0.97734   -0.90837    1.00000    0.82824    0.61702    0.98084    8.50000
  -0.72848   -0.99740   -1.00000   -0.82185   -1.00000   -0.75309    0.17417    0.13079   -0.56977   -0.91304   -0.66031    0.14894    0.80372   28.40000
   0.55629   -0.99539   -0.75000   -0.45674   -1.00000   -0.42798   -0.20674    1.00000   -0.09929   -0.65217   -0.52672   -0.44681    0.94821   16.50000
   0.20695   -0.79362   -1.00000    0.29326   -1.00000    0.29630   -0.24315    1.00000   -0.91801    1.00000    0.82824    0.61702    1.00000   11.30000
  -0.15066   -0.80419   -1.00000    0.29326   -1.00000    0.26749    0.11516    0.97528   -0.89159    1.00000    0.82824    0.61702    0.97519   13.10000
  -0.25828   -0.68738   -1.00000    0.29326   -1.00000    0.34979    0.01437    0.89701   -0.80129    1.00000    0.82824    0.61702   -0.49412   11.70000
  -0.28091   -0.70622   -1.00000    0.29326   -1.00000   -0.19753   -0.17532    0.10814   -0.69189    1.00000    0.82824    0.61702    1.00000   20.10000
  -0.43433   -0.97761   -1.00000   -0.43695   -1.00000   -0.37037    0.19295    0.73841   -0.43449   -0.73913   -0.54199    0.78723    0.91593   21.00000
  -0.46358   -0.89144   -1.00000    0.29326   -1.00000   -0.18518   -0.10174    0.03605   -0.63213    1.00000    0.82824    0.61702    0.95623   20.60000
  -0.76159   -0.99779   -0.20000   -0.56378    1.00000   -0.74486    0.42019   -0.05046   -0.33479   -0.73913   -0.74428    0.06383    0.96142   33.20000
  -0.88797   -0.99021   -1.00000   -0.57918   -1.00000   -0.51029    0.14620   -0.61895   -0.59161   -0.39130   -0.54199    0.02128    0.91649   31.50000
  -0.09934   -0.67597   -1.00000    0.29326   -1.00000    0.46091    0.11132    0.86200   -0.84123    1.00000    0.82824    0.61702   -0.86298    9.60000
   0.08885   -0.99098   -1.00000   -0.57918    1.00000   -0.49794   -0.00249    0.82080   -0.65110   -0.39130   -0.54199    0.02128    0.99163   21.70000
  -0.42550   -0.95967   -1.00000    0.40176   -1.00000   -0.09465   -0.11247    0.57158   -0.76424   -0.65217   -0.17557   -0.55319    0.14625   23.80000
