   1.00000   35.53000   47.14500    0.00000    4.57900    3.87500    0.92700    0.00000    8.06700
   2.00000   49.41000   71.18000    1.00000    4.76100    3.53700    1.14700    2.00000    4.30700
   0.00000  102.02000  101.26500    3.00000    2.27300    2.45900    1.08600    5.00000    4.28800
   0.00000  140.02000  119.20900    4.00000   -0.81200    2.47800    0.92600    3.00000    7.37800
   0.00000   26.02000   32.89700    2.00000    3.31400    2.01800    0.36600    1.00000    5.43000
   0.00000   77.82000   99.36500    4.00000    3.04800    2.81300    0.79100    4.00000    4.63200
   0.00000   56.15000   36.02200    2.00000    0.59000    1.87900    1.00100    2.00000    2.83800
   0.00000   26.02000   32.89700    2.00000    1.50600    1.85700    0.81500    1.00000    5.37100
   0.00000   50.94000   76.13200    1.00000    3.77000    3.09100    1.08100    3.00000    4.01000
   0.00000   54.57000   41.02800    0.00000    5.20800    3.69100    1.58500    0.00000    6.38300
   0.00000    0.00000    0.00000    0.00000    5.47200    2.65700    0.57700    0.00000    6.67000
   0.00000   36.28000   22.15600    0.00000   -0.31700    1.22500    1.33300    0.00000    0.49500
   0.00000   45.61000   28.26900    0.00000    2.27500    2.44500    1.29000    1.00000    4.47400
   0.00000   12.03000   18.01100    1.00000    6.72800    4.39200    1.55400    1.00000    6.53700
   0.00000    0.00000    0.00000    0.00000    1.67200    1.33400    0.56200    0.00000    2.64200
   0.00000    0.00000    0.00000    0.00000    1.81700    1.22500    0.50200    0.00000    3.25400
   0.00000   20.23000   42.68300    1.00000    0.34700    1.33400    0.96100    0.00000    2.57900
   0.00000   12.03000   18.01100    1.00000    1.58700    1.65400    1.73200    1.00000    2.35200
   0.00000   88.03000   86.37800    2.00000    2.27300    2.57500    1.15900    5.00000    3.63000
   0.00000   12.89000   16.78600    0.00000    2.06600    2.28400    0.86700    1.00000    3.53000
   0.00000    0.00000    0.00000    0.00000    3.55800    1.97800    1.00000    0.00000    6.72000
   0.00000   37.30000   67.82800    1.00000    3.69600    3.11700    1.14900    0.00000    5.17000
   0.00000   95.37000   54.33600    0.00000    2.43300    2.91500    1.39400    2.00000    8.56400
   2.00000   58.20000   86.31100    2.00000    3.65200    3.55700    1.23700    2.00000    4.24900
   0.00000   20.23000   42.68300    1.00000    4.83300    2.91300    1.22900    0.00000    6.36000
   0.00000   62.73000   86.37800    2.00000    2.59000    2.54600    1.27700    5.00000    3.60100
   0.00000    0.00000    0.00000    0.00000    4.09200    2.12000    0.53000    0.00000    5.38900
   1.00000   44.45000   16.78600    0.00000    3.33000    2.28100    0.70100    1.00000    6.54000
   0.00000    0.00000    0.00000    0.00000    5.47200    2.67600    0.57700    0.00000    5.64000
   1.00000   69.48000  142.26200    0.00000    4.09600    3.88400    1.16900    2.00000    5.74200
   0.00000    9.23000   11.00000    0.00000    4.19000    2.22500    0.58000    0.00000    7.01200
   1.00000   54.37000   92.97300    1.00000    3.37400    3.06100    0.91000    0.00000    3.59900
   0.00000   92.31000   70.94100    2.00000    2.19500    3.08200    0.99900    3.00000    7.04400
   0.00000   54.57000   41.02800    0.00000    3.74200    3.13600    1.77300    0.00000    6.04200
   0.00000    9.23000   11.00000    0.00000    5.45300    2.88700    0.49500    0.00000    6.72300
   0.00000   47.56000   65.15500    1.00000    1.45900    2.72000    1.26500    1.00000    6.52000
   0.00000   28.24000    0.00000    0.00000    3.87600    2.61400    0.65200    0.00000    5.59700
   0.00000   45.34000   34.10600    0.00000    1.29700    2.04200    1.93300    0.00000    2.82900
   0.00000   41.57000   57.28000    1.00000    0.73400    2.54800    1.85300    2.00000    3.25000
   0.00000   17.07000   25.14500    0.00000    4.91200    2.65900    0.49100    0.00000    6.39400
   0.00000    3.24000    3.12400    0.00000    4.76100    3.27300    1.05200    1.00000    5.55100
   0.00000   46.15000   54.99900    0.00000    2.11000    3.86600    1.52100    0.00000    5.29100
   1.00000   49.33000   85.83900    2.00000    1.06000    2.27200    1.00700    1.00000    4.21600
   1.00000   23.79000   31.05900    0.00000   -0.31700    1.15500    1.40300    1.00000    1.05700
   1.00000  182.83000  315.56100    5.00000    1.66200    5.83100    1.35100    0.00000    3.88400
   0.00000   56.15000   36.02200    2.00000   -0.27300    1.55900    0.87600    2.00000    3.82500
   0.00000   96.31000   77.72700    1.00000    1.12600    3.53600    1.15700    3.00000    3.59400
   0.00000   91.64000  101.49400    0.00000    2.50700    2.33400    0.54300    2.00000    5.40200
   0.00000   12.53000   11.00000    0.00000    4.45200    2.86200    0.54300    0.00000    6.50800
   1.00000   44.45000   16.78600    0.00000    1.15700    1.33400    0.68500    1.00000    5.41800
   0.00000   79.93000   16.78600    1.00000    1.76900    2.23900    0.79300    1.00000    4.49400
   0.00000   45.82000   50.74700    0.00000    3.11000    2.14100    0.47800    1.00000    4.62000
   1.00000  193.91000  332.83000    5.00000   -0.13900    4.73000    1.55100    1.00000    3.27700
   0.00000   26.02000   32.89700    2.00000    3.61700    2.07400    0.28800    1.00000    5.55900
   0.00000   94.88000  149.49800    0.00000    4.20700    3.04700    1.28300    3.00000    6.24000
   0.00000   41.57000   57.28000    1.00000    3.18000    3.29200    1.01400    2.00000    4.99200
   2.00000   52.60000   72.29000    0.00000    2.00500    2.46800    1.28100    0.00000    3.77000
   1.00000   74.92000  138.78300    1.00000    3.16000    2.82700    1.14000    2.00000    5.30100
   0.00000   26.02000   32.89700    2.00000    2.12700    1.92400    0.59700    1.00000    6.40900
   0.00000    0.00000    0.00000    0.00000    4.58800    2.74400    0.80700    0.00000    6.19000
   0.00000    0.00000    0.00000    0.00000    2.94200    1.98900    1.06300    0.00000    4.50200
   0.00000   60.13000   76.44800    0.00000    2.28800    2.84800    1.59100    4.00000    3.22000
   1.00000   67.51000  103.97300    1.00000    3.20400    3.34400    0.93800    0.00000    2.95500
   1.00000   75.99000   73.77400    1.00000    0.05700    2.09300    1.12300    2.00000    6.96400
   1.00000   92.35000  174.45500    1.00000    3.84000    3.37300    0.80200    1.00000    4.25700
   0.00000    0.00000    0.00000    0.00000    3.56200    2.28100    1.15000    0.00000    5.54800
   1.00000   37.30000   67.82800    1.00000    4.54800    3.10100    1.13700    0.00000    4.56000
   2.00000   52.60000   72.29000    0.00000    6.33800    4.16000    1.40200    0.00000    6.19400
   0.00000    0.00000    0.00000    0.00000    4.63400    2.02700    0.46100    0.00000    4.87400
   0.00000   81.95000  157.06100    4.00000    1.35800    3.32500    1.24800    1.00000    3.27700
   0.00000   66.05000   93.43000    1.00000    1.34800    2.09000    0.78400    1.00000    4.02400
   1.00000   36.26000   60.14400    0.00000    3.30000    3.46900    1.10200    2.00000    4.92000
   0.00000   35.25000   43.89700    2.00000    1.24600    2.03100    1.08100    1.00000    4.01100
   1.00000   86.52000  117.43700    2.00000    2.03100    2.67900    1.19800    6.00000    6.44700
   0.00000   17.07000   25.14500    0.00000    1.76900    1.98900    0.92700    0.00000    3.97600
   1.00000   37.30000   67.82800    1.00000    0.13300    1.40100    1.58200    0.00000    3.17000
   0.00000    0.00000    0.00000    0.00000    3.26700    2.11900    1.25000    0.00000    5.37300
   1.00000  180.08000  310.81000    5.00000    0.14300    4.80500    1.59700    2.00000    3.79500
   0.00000   45.82000   50.74700    0.00000    3.11000    2.16000    0.47800    1.00000    4.66000
   0.00000   15.79000    0.00000    1.00000    1.83400    2.17600    0.81000    1.00000    5.06900
   2.00000  103.56000  133.77500    0.00000    3.16800    4.05500    1.15300    3.00000    6.38900
   0.00000   98.61000   57.46000    0.00000    2.05400    2.89100    1.44200    3.00000    9.14000
   0.00000   45.82000   50.74700    0.00000    2.57400    2.14100    1.01400    1.00000    4.55800
   0.00000   13.14000    9.50700    0.00000    2.85900    2.61400    0.82700    0.00000    4.99500
   0.00000   12.03000   18.01100    1.00000    2.19300    2.13400    1.11700    1.00000    5.46000
   0.00000   56.15000   36.02200    2.00000   -0.66500    1.72600    0.67600    2.00000    3.58900
   0.00000   45.82000   50.74700    0.00000    2.84200    2.15400    0.72600    1.00000    4.26800
   1.00000   52.33000   62.43800    0.00000    0.56700    2.23900    1.54200    1.00000    2.66800
   0.00000    0.00000    0.00000    0.00000    2.60400    1.47500    0.50500    0.00000    3.46000
   1.00000   74.57000  147.15300    2.00000    1.78900    3.37300    1.17500    3.00000    3.43200
   1.00000   92.14000  107.09700    1.00000    4.27500    4.17400    1.17400    1.00000    4.11200
   0.00000   38.33000   54.15600    1.00000    1.73700    2.47200    0.63800    1.00000    6.84800
   0.00000    0.00000    0.00000    0.00000    5.55100    3.23100    0.68900    0.00000    6.00400
   0.00000    0.00000    0.00000    0.00000    3.56200    2.03100    1.15000    0.00000    5.45000
   0.00000    0.00000    0.00000    0.00000    2.22600    1.26500    2.50000    0.00000    3.64300
   0.00000    9.23000   11.00000    0.00000    4.06800    2.75800    0.69500    0.00000    5.97900
   0.00000   26.02000   32.89700    2.00000    2.19300    2.05600    0.99200    1.00000    6.13000
   0.00000   62.73000   86.37800    2.00000    2.27300    2.47800    1.25400    5.00000    3.33100
   0.00000   52.04000   65.79400    4.00000    3.58600    2.75800    0.51800    2.00000    5.38100
   0.00000   49.17000   55.44800    0.00000    4.16800    3.32900    1.04200    3.00000    4.72000
   0.00000    0.00000    0.00000    0.00000    2.73400    1.85700    0.83100    0.00000    3.89000
   1.00000   90.51000   65.67000    1.00000   -0.75900    1.92900    1.40200    1.00000    4.10700
   0.00000    0.00000    0.00000    0.00000    5.45300    2.83700    0.73500    0.00000    6.85800
   1.00000   65.72000  101.27100    2.00000   -0.23400    1.97500    1.09100    2.00000    3.71600
   0.00000   94.89000   20.76500    0.00000    2.49200    2.65900    1.19400    0.00000    6.79000
  11.00000  278.80000  413.19100    5.00000   -0.32100    6.43900    1.55700   11.00000    4.77900
   0.00000    0.00000    0.00000    0.00000    3.47700    1.85700    1.42900    0.00000    4.81900
   0.00000    0.00000    0.00000    0.00000    3.51600    1.67800    1.66700    0.00000    4.34000
   1.00000  181.62000  324.87300    7.00000   -0.87500    3.59500    0.94500    2.00000    6.43000
   0.00000    0.00000    0.00000    0.00000    2.63800    1.40100    0.63200    0.00000    4.33000
   0.00000    0.00000    0.00000    0.00000    1.36400    1.15500    0.57600    0.00000    2.65900
   0.00000   20.23000   42.68300    1.00000    1.85900    1.91800    0.94900    0.00000    3.76000
   0.00000   34.14000   50.29000    0.00000    2.23300    2.41500    0.86600    0.00000    5.54500
   1.00000   75.01000  128.30600    1.00000    1.14600    3.50500    1.23200    3.00000    3.67400
   0.00000    0.00000    0.00000    0.00000    2.45900    1.47500    1.50000    0.00000    4.00200
   1.00000  116.67000  180.36600    4.00000   -1.96000    2.02100    1.83000    1.00000    3.90800
   0.00000    9.23000   11.00000    0.00000    5.79900    2.93000    0.48600    0.00000    7.01900
   0.00000    0.00000    0.00000    0.00000    3.25900    2.04800    1.11100    0.00000    3.77200
   0.00000   20.23000   42.68300    1.00000    3.31400    2.02700    0.40900    0.00000    4.49500
   1.00000   74.57000  132.19300    2.00000    1.67100    3.50100    1.09500    3.00000    3.74200
   0.00000   18.46000   22.00000    0.00000    1.46600    2.15000    1.22000    0.00000    2.93700
   0.00000   35.25000   43.89700    2.00000    1.24600    2.04600    1.08100    1.00000    5.64200
   0.00000   21.26000   73.89100    1.00000    4.15300    3.38300    1.12100    1.00000    5.78300
   0.00000    0.00000    0.00000    0.00000    3.26700    2.31800    0.96300    0.00000    4.10000
   0.00000   63.87000    6.24900    0.00000    0.19800    1.97500    0.85800    2.00000    5.47000
   2.00000  124.73000   67.25700    0.00000    1.02000    2.96900    0.94600    1.00000    5.60000
   0.00000   17.07000   25.14500    0.00000    1.94700    2.00500    1.27600    0.00000    3.06100
   0.00000    0.00000    0.00000    0.00000    4.36600    2.03100    0.57000    0.00000    5.55000
   1.00000   97.99000  195.87800    4.00000   -1.20400    2.21400    1.06600    0.00000    3.17700
   0.00000   12.89000   16.78600    0.00000    2.66000    2.40800    0.97600    1.00000    3.61800
   0.00000    0.00000    0.00000    0.00000    5.46900    2.57300    0.46500    0.00000    6.62300
   2.00000   59.32000   78.20400    0.00000    4.79400    3.99000    0.64500    1.00000    9.94500
   0.00000  103.35000  161.25900    2.00000    2.40100    3.05300    0.79800    1.00000    4.14000
   0.00000  164.90000  144.33300    4.00000    0.16000    3.32300    0.83300    4.00000    4.33000
   0.00000   20.23000   42.68300    1.00000    2.12700    1.92400    0.63300    0.00000    4.42600
   1.00000   83.67000   84.18400    1.00000    0.34900    2.39700    2.09200    1.00000    5.76000
   0.00000   12.03000   18.01100    1.00000    1.85900    1.98900    1.06200    1.00000    5.79000
   0.00000   20.23000   42.68300    1.00000    2.19300    1.96000    1.02000    0.00000    4.03800
   0.00000   12.03000   18.01100    1.00000    0.81700    1.80000    1.48800    1.00000    3.93000
   0.00000   75.74000   93.69400    3.00000    2.19500    4.36500    1.08600    2.00000    5.13200
   0.00000    0.00000    0.00000    0.00000    2.22600    1.26500    0.57000    0.00000    3.71800
   0.00000   45.61000   28.26900    0.00000    1.57900    2.39700    1.16200    1.00000    4.43700
   1.00000   37.30000   67.82800    1.00000    0.99600    1.74600    1.54700    0.00000    3.35800
   0.00000  165.15000  185.89700    0.00000    0.57500    2.60800    1.80900    3.00000    3.85000
   0.00000   45.82000   50.74700    0.00000    2.24100    2.10800    0.94200    1.00000    4.04000
   0.00000   12.47000   14.12400    0.00000    3.82700    3.36200    1.37300    1.00000    5.10200
   0.00000  129.95000   30.53000    0.00000    1.14500    2.63700    1.44400    0.00000    9.15000
   0.00000   56.15000   36.02200    2.00000    3.11200    2.99700    0.70100    2.00000    3.53100
   2.00000   74.60000  135.65700    2.00000   -0.45000    1.82300    1.07500    0.00000    2.76400
   1.00000   87.28000  110.68800    1.00000    2.84300    3.24400    0.74500    3.00000    4.02200
   0.00000   20.23000   42.68300    1.00000    2.27400    2.00500    1.59600    0.00000    3.11500
   1.00000   61.82000   73.32400    0.00000    0.73600    2.40500    1.54600    4.00000    3.02800
   0.00000   29.46000   53.68300    1.00000    1.24600    2.03100    1.11400    0.00000    3.68000
   0.00000   30.18000   48.53100    0.00000    4.27000    3.35400    0.86700    3.00000    6.21200
   0.00000   40.46000   85.36700    2.00000    3.95600    3.12300    0.95900    0.00000    5.37000
   1.00000   87.66000  139.99500    3.00000    1.58900    3.51400    1.33900    2.00000    3.81900
   0.00000    9.23000   11.00000    0.00000    2.72300    2.32100    1.16500    0.00000    7.33700
   0.00000   38.69000   64.68300    1.00000   -0.12900    2.15000    1.97100    0.00000    1.53000
   0.00000    0.00000    0.00000    0.00000    3.38600    2.28400    0.80500    0.00000    4.14700
   0.00000   45.82000   50.74700    0.00000    2.57400    2.16800    1.01400    1.00000    3.97800
   0.00000   12.03000   18.01100    1.00000    0.80000    1.50900    1.84600    1.00000    3.11800
   0.00000    0.00000    0.00000    0.00000    6.47000    2.82100    0.46900    0.00000    8.44000
   0.00000   20.23000   42.68300    1.00000    2.12700    1.90800    0.63300    0.00000    4.23800
   0.00000    0.00000    0.00000    0.00000    2.87600    1.85700    0.69900    0.00000    3.91800
   0.00000   45.82000   50.74700    0.00000    2.24100    2.09000    0.94200    1.00000    4.14000
   0.00000  121.26000    6.24900    0.00000    0.45400    2.22700    0.67700    2.00000    6.05900
   4.00000  166.75000  250.10200    6.00000    1.63200    5.36900    1.14500    6.00000    4.27000
   1.00000   90.37000  131.63500    3.00000    0.33200    2.70600    1.31300    3.00000    2.07200
   0.00000   61.35000   36.02200    2.00000   -0.27300    1.47500    0.87600    2.00000    3.39200
   2.00000   59.32000   78.20400    0.00000    4.11500    3.93400    0.76000    1.00000   10.04700
   0.00000    0.00000    0.00000    0.00000    3.47800    1.90800    0.57500    0.00000    4.78700
   1.00000   20.31000   28.26900    0.00000    2.82100    2.50200    1.28300    1.00000    3.07800
   1.00000   26.30000   36.14500    0.00000    0.99600    1.72300    1.80500    0.00000    2.82700
   0.00000  119.33000  134.93100    0.00000    0.28900    2.58700    1.98900    2.00000    3.33900
   0.00000   20.23000   42.68300    1.00000    0.34700    1.33400    1.76800    0.00000    0.93500
   0.00000    7.76000    0.00000    0.00000    2.12200    2.70000    1.05300    2.00000    5.01000
   0.00000   12.89000   16.78600    0.00000    0.46800    1.80000    1.03800    1.00000    1.81500
   0.00000    0.00000    0.00000    0.00000    5.98900    2.71200    0.52900    0.00000    6.99000
   0.00000    0.00000    0.00000    0.00000    2.22600    1.50900    0.82600    0.00000    2.60800
   0.00000   70.14000   50.90800    3.00000    0.59000    1.90900    0.90700    2.00000    3.85000
   0.00000   91.64000  101.49400    0.00000    2.23900    2.29600    0.88400    2.00000    5.44100
   0.00000    9.23000   11.00000    0.00000    2.27400    2.15000    1.75400    0.00000    3.70000
   0.00000   42.52000   44.31300    0.00000    1.47300    2.24100    1.15800    0.00000    4.07200
   0.00000    9.23000   11.00000    0.00000    0.80000    1.50900    2.00300    0.00000    1.73000
   0.00000   29.46000   53.68300    1.00000    2.73600    2.18300    0.62000    0.00000    5.52700
   0.00000   57.28000   71.69400    3.00000    2.12400    3.45500    1.06900    2.00000    4.30500
   0.00000   87.43000   55.41100    2.00000   -1.22200    1.57500    1.36200    1.00000    6.61800
   0.00000   26.02000   32.89700    2.00000    2.12700    1.90800    0.59700    1.00000    5.19000
   0.00000   38.69000   64.68300    1.00000    0.22400    2.10800    1.90400    0.00000    1.88800
   0.00000   36.60000   20.26300    0.00000    1.35400    1.89000    2.07300    3.00000    1.43000
   0.00000   12.53000   11.00000    0.00000    1.53300    2.27400    1.02600    0.00000    4.01800
   0.00000   26.02000   32.89700    2.00000    2.72900    1.97900    0.46200    1.00000    5.16000
   0.00000   26.02000   32.89700    2.00000    1.85900    1.91800    0.91700    1.00000    5.16800
   0.00000   29.46000   53.68300    1.00000   -0.08100    1.57700    1.95200    0.00000    0.59000
   0.00000   20.23000   42.68300    1.00000    2.63700    2.34400    0.75800    0.00000    4.61000
   0.00000   67.01000   70.94100    2.00000    1.05200    2.67600    1.13700    3.00000    6.11900
   0.00000    0.00000    0.00000    0.00000    2.94200    1.90800    1.06300    0.00000    3.79100
   1.00000   67.79000  107.83900    2.00000    2.34700    3.24300    1.40000    1.00000    3.91700
   0.00000   38.80000    0.00000    1.00000    0.84500    1.15500    1.17700    0.00000    5.56200
   0.00000   20.23000   42.68300    1.00000    1.94000    1.99700    1.61000    0.00000    3.22600
   1.00000   44.45000   16.78600    0.00000    2.53900    1.84000    0.92000    1.00000    5.42900
   0.00000    7.76000    0.00000    0.00000    1.58600    2.67400    1.16600    2.00000    4.82300
   0.00000   45.82000   50.74700    0.00000    2.50900    2.10800    0.61700    1.00000    3.84000
   0.00000   12.89000   16.78600    0.00000    2.06600    2.28400    0.86700    1.00000    3.71100
   0.00000   20.23000   42.68300    1.00000    3.12700    2.57000    0.79700    0.00000    5.38000
   0.00000   20.23000   42.68300    1.00000    3.90900    2.12000    0.28100    0.00000    5.56000
   0.00000   50.93000    0.00000    0.00000    0.55200    2.48500    1.14700    3.00000    2.54000
   2.00000  118.65000  210.60000    1.00000    3.77300    3.75900    0.95000    1.00000    4.50100
   0.00000  107.02000   52.33000    0.00000    0.64000    2.61400    1.23300    1.00000    5.76200
   0.00000    0.00000    0.00000    0.00000    3.13800    1.50900    1.70000    0.00000    3.87000
   0.00000    0.00000    0.00000    0.00000    2.08100    1.40100    0.50100    0.00000    3.48500
   2.00000  104.06000  189.34000    3.00000    1.92900    3.19700    1.02100    0.00000    4.18700
   0.00000   48.02000   61.16600    2.00000    2.58900    2.91900    0.82600    2.00000    4.23400
   0.00000   54.57000   41.02800    0.00000    5.65000    4.02600    1.57500    0.00000    7.10000
   0.00000   17.07000   25.14500    0.00000    0.20200    1.22500    1.66000    0.00000    0.67300
   1.00000   57.53000  110.51200    2.00000    1.64300    2.09000    0.81400    0.00000    3.06800
   0.00000    0.00000    0.00000    0.00000    4.41600    2.57000    0.72300    0.00000    5.42200
   0.00000    0.00000    0.00000    0.00000    4.41600    2.60500    0.72300    0.00000    5.62600
   0.00000   20.23000   42.68300    1.00000   -0.81400    1.00000    2.35300    0.00000    0.98900
   1.00000  203.06000  358.24400    6.00000    0.95700    5.83900    1.34500    0.00000    4.56600
   0.00000  137.46000  152.24100    0.00000    2.35900    2.52700    0.82500    3.00000    4.39000
   1.00000  181.62000  324.87300    7.00000   -0.39200    3.62900    0.86300    2.00000    3.57300
   1.00000   64.18000    0.00000    0.00000   -0.04900    1.15500    1.50000    0.00000    4.56000
   0.00000    0.00000    0.00000    0.00000    2.85100    1.98900    0.93800    0.00000    3.53300
   0.00000   45.82000   50.74700    0.00000    2.24100    2.11900    0.94200    1.00000    4.01000
   0.00000  102.78000   20.26300    0.00000    3.32200    2.90100    0.87400    0.00000    7.67600
   0.00000   26.02000   32.89700    2.00000    3.31400    2.03100    0.36600    1.00000    4.76100
   0.00000   70.14000   50.90800    3.00000   -0.27300    1.57700    0.75600    2.00000    3.93600
   0.00000   20.23000   42.68300    1.00000   -0.17200    1.15500    1.91100    0.00000    0.59000
   0.00000   26.02000   32.89700    2.00000    2.72900    1.97500    0.46200    1.00000    5.43700
   1.00000   46.53000   78.82800    1.00000    2.75800    2.85600    1.02200    0.00000    3.79400
   0.00000   40.46000   85.36700    2.00000    0.70600    1.68900    1.59400    0.00000    1.22000
   0.00000   15.79000    0.00000    1.00000    2.85900    2.61400    0.75200    1.00000    4.70000
   0.00000  110.96000   13.84300    0.00000    3.08900    3.01500    0.88900    0.00000    6.44200
   0.00000   29.46000   53.68300    1.00000    3.84200    2.88700    0.61400    0.00000    6.10900
   0.00000  110.96000   13.84300    0.00000    1.97100    2.52000    1.01200    0.00000    8.20700
   0.00000   61.35000   36.02200    2.00000    1.62800    2.23100    0.75000    2.00000    3.29800
   0.00000   29.46000   53.68300    1.00000    2.73600    2.18700    0.62000    0.00000    5.37200
   0.00000   42.52000   44.31300    0.00000    2.77700    2.64300    1.05500    0.00000    4.57000
   0.00000  111.56000   99.40000    2.00000    0.65800    3.42600    1.18900    4.00000    2.68500
   0.00000   47.56000   65.15500    1.00000    1.19100    2.89900    1.26500    1.00000    3.47000
   0.00000   54.57000   41.02800    0.00000    4.44900    2.98800    1.49700    0.00000    6.56000
   0.00000   50.94000   76.13200    1.00000    4.01300    3.21800    1.10400    3.00000    5.02000
   1.00000  134.73000  159.53600    2.00000    1.64900    2.52700    0.81800    3.00000    3.13800
   0.00000  111.87000  144.17700    1.00000    2.70200    2.62600    1.04700    2.00000    6.00000
   2.00000   59.32000   93.16400    0.00000    4.27900    3.96200    0.90700    1.00000    9.13300
   0.00000   86.34000  105.33100    1.00000    1.61600    2.97000    0.98300    5.00000    4.16800
   0.00000   29.46000   53.68300    1.00000    1.62900    2.35300    1.20000    0.00000    2.61400
   0.00000   73.58000   63.84200    2.00000    0.89400    3.13600    1.38800    3.00000    3.00800
   0.00000  103.67000  119.50500    1.00000    3.54600    2.84700    1.21100    3.00000    3.72500
   1.00000   50.24000   26.66300    0.00000    3.24700    2.78900    1.20600    1.00000    6.07400
   0.00000   54.57000   41.02800    0.00000    3.23400    2.90100    1.98400    0.00000    4.86200
   0.00000   52.49000  103.37700    3.00000   -0.91700    1.84000    1.75000    1.00000    2.95700
   0.00000   91.64000  101.49400    0.00000    1.88600    2.28700    0.76900    2.00000    3.59100
   0.00000    0.00000    0.00000    0.00000    2.74600    1.66700    1.40000    0.00000    3.80900
   0.00000   20.23000   42.68300    1.00000    2.46100    1.97500    0.73700    0.00000    5.69100
   1.00000  133.44000   75.19300    0.00000    0.90600    3.03400    0.94100    3.00000    7.85800
   0.00000   41.13000   61.16600    2.00000   -1.09500    1.72600    1.46300    2.00000    1.18800
   0.00000   21.26000   29.01100    1.00000    2.82600    2.70900    1.18400    1.00000    5.03600
   0.00000   94.83000  178.34000    3.00000    1.66100    3.39100    0.94200    0.00000    3.96100
   2.00000  138.26000   86.13300    0.00000    0.49100    2.85400    1.14600    0.00000    8.34900
   1.00000   58.20000  116.23200    2.00000    3.50800    3.28100    0.80300    2.00000    7.80200
   0.00000   47.56000   65.15500    1.00000    1.57000    2.64400    1.37600    1.00000    4.91000
   2.00000   64.16000   92.47000    0.00000    3.61300    4.24500    1.17500    4.00000    4.83500
   0.00000   75.99000   73.77400    1.00000    0.78700    2.26600    1.18500    2.00000    5.55100
   0.00000    0.00000    0.00000    0.00000    4.63400    2.01800    0.46100    0.00000    5.60000
   2.00000   98.18000   62.11900    0.00000    0.79600    1.84000    0.74300    2.00000    6.25100
