   1.00000   37.30000   67.82800    1.00000    2.06000    2.06000    1.52900    0.00000    3.08000
   1.00000   90.37000  131.63500    3.00000    0.33200    2.70600    1.31300    3.00000    2.07200
   2.00000   58.20000   86.31100    2.00000    3.65200    3.55700    1.23700    2.00000    4.24900
   0.00000    0.00000    0.00000    0.00000    2.94200    1.91800    1.06300    0.00000    3.65300
   0.00000   45.61000   28.26900    0.00000    3.01200    2.55700    0.90100    1.00000    6.45800
   0.00000    0.00000    0.00000    0.00000    3.29100    1.54900    2.00000    0.00000    4.92700
   0.00000    0.00000    0.00000    0.00000    3.25900    2.04800    1.11100    0.00000    3.77200
   0.00000    3.24000    3.12400    0.00000    9.14800    5.49700    1.55900    1.00000    5.96000
   1.00000   20.31000   28.26900    0.00000    2.82100    2.50200    1.28300    1.00000    3.07800
   2.00000   59.32000   78.20400    0.00000    4.79400    3.99000    0.64500    1.00000    9.94500
   1.00000  114.19000  100.65200    3.00000    0.82100    3.06000    1.08200    6.00000    2.53300
   0.00000   45.82000   50.74700    0.00000    3.11000    2.16500    0.47800    1.00000    4.43400
   0.00000    0.00000    0.00000    0.00000    3.12400    1.80000    1.41700    0.00000    4.34000
   0.00000   26.02000   32.89700    2.00000    3.61700    2.07400    0.28800    1.00000    5.55900
   0.00000   57.53000  110.51200    2.00000    3.31000    3.26700    1.16900    0.00000    4.53500
   0.00000   37.30000   67.82800    1.00000    1.66700    2.03100    0.86700    0.00000    4.46200
   2.00000   75.27000  111.45600    2.00000    0.77900    2.70900    1.02900    2.00000    2.20100
   0.00000    0.00000    0.00000    0.00000    6.23200    2.72800    0.49300    0.00000    7.61000
   2.00000   52.60000   72.29000    0.00000    2.57700    2.70700    1.31300    0.00000    3.60300
   1.00000  122.91000  210.53700    3.00000    0.86800    3.59000    1.46200    3.00000    2.62600
   0.00000   29.46000   53.68300    1.00000   -0.08100    1.57700    1.95200    0.00000    0.59000
   0.00000   71.06000   94.28900    0.00000    0.97700    3.19100    1.14600    0.00000    2.50600
   0.00000   29.46000   53.68300    1.00000    3.02800    2.22500    0.54800    0.00000    6.17600
   2.00000   59.32000   78.20400    0.00000    3.90700    3.93400    0.90800    1.00000    9.06300
   0.00000   75.74000   93.69400    3.00000    2.19500    4.36500    1.08600    2.00000    5.13200
   2.00000  107.65000  178.91700    0.00000    4.21900    3.94500    1.07800    1.00000    5.03000
   0.00000    0.00000    0.00000    0.00000    1.81700    1.33400    0.71800    0.00000    2.49000
   0.00000   73.58000   63.84200    2.00000    0.89400    3.13600    1.38800    3.00000    3.00800
   0.00000   45.82000   50.74700    0.00000    2.57400    2.16800    1.01400    1.00000    3.97800
   0.00000   12.03000   18.01100    1.00000    1.58700    1.65400    1.73200    1.00000    2.35200
   0.00000    0.00000    0.00000    0.00000    3.56200    2.28100    1.15000    0.00000    5.54800
   1.00000  181.62000  324.87300    7.00000   -0.87500    3.59500    0.94500    2.00000    6.43000
   0.00000   12.89000   16.78600    0.00000    2.66000    2.40800    0.97600    1.00000    3.61800
   0.00000  126.44000  152.84800    3.00000   -0.17200    2.62900    1.02500    4.00000    3.83900
   0.00000    0.00000    0.00000    0.00000    1.67200    1.22500    0.56200    0.00000    3.28000
   0.00000   91.64000  101.49400    0.00000    2.23900    2.33400    0.88400    2.00000    3.71800
   0.00000   28.24000    0.00000    0.00000    2.85100    2.17600    0.65600    0.00000    3.35700
   0.00000   48.02000   61.16600    2.00000    2.58900    2.91900    0.82600    2.00000    4.23400
   0.00000    0.00000    0.00000    0.00000    6.16600    2.95900    0.57000    0.00000    8.27100
   0.00000   26.02000   32.89700    2.00000    1.85900    1.91800    0.91700    1.00000    5.16800
   0.00000   20.23000   42.68300    1.00000    2.19300    1.97500    1.02000    0.00000    4.76500
   0.00000  347.32000  571.95200   18.00000   -6.44600    4.62400    1.39000    5.00000    3.08800
   0.00000   70.14000   50.90800    3.00000   -0.79200    1.40100    0.64700    2.00000    3.97900
   0.00000   54.57000   41.02800    0.00000    4.44900    2.98800    1.49700    0.00000    6.56000
   1.00000   74.57000  132.19300    2.00000    1.67100    3.50100    1.09500    3.00000    3.74200
   1.00000   92.14000  107.09700    1.00000    4.27500    4.17400    1.17400    1.00000    4.11200
   1.00000   35.53000   47.14500    0.00000    3.96700    3.36800    1.53300    0.00000    5.47500
   0.00000   87.43000   55.41100    2.00000   -1.22200    1.57500    1.36200    1.00000    6.61800
   0.00000   60.98000   61.40400    0.00000    3.42900    2.74900    1.08000    0.00000    5.30000
   0.00000    0.00000    0.00000    0.00000    6.47000    2.80500    0.46900    0.00000    8.78000
   0.00000   40.46000   85.36700    2.00000    3.95600    3.12300    0.95900    0.00000    5.37000
   0.00000    0.00000    0.00000    0.00000    2.22600    1.40100    0.82600    0.00000    3.33900
   3.00000  115.14000  206.60900    3.00000   -1.16900    2.33300    1.49600    1.00000    2.73600
   0.00000   86.71000   27.18500    0.00000    2.06000    2.39400    1.08800    0.00000    6.57900
   0.00000    0.00000    0.00000    0.00000    4.33200    2.70000    0.75800    0.00000    5.40600
   0.00000    0.00000    0.00000    0.00000    2.41900    1.22500    0.66700    0.00000    3.74000
   1.00000   49.57000   64.63000    0.00000   -0.25900    1.98900    1.10300    3.00000    3.34000
   0.00000    9.23000   11.00000    0.00000    1.58700    1.84000    1.05000    0.00000    2.77800
   0.00000    0.00000    0.00000    0.00000    4.76000    2.86800    0.70000    0.00000    6.28100
   0.00000    9.23000   11.00000    0.00000    1.85900    1.98900    1.16400    0.00000    3.43200
   0.00000   12.53000   11.00000    0.00000    1.53300    2.27400    1.02600    0.00000    4.01800
   0.00000   75.13000  100.77400    3.00000    4.51200    3.66200    0.70200    5.00000    6.65000
   0.00000   12.89000   16.78600    0.00000    0.46800    1.80000    1.03800    1.00000    1.81500
   1.00000   76.21000  117.51100    3.00000    1.11900    2.25000    0.37500    2.00000    3.64400
   0.00000  119.33000  134.93100    0.00000    0.28900    2.58700    1.98900    2.00000    3.33900
   0.00000    0.00000    0.00000    0.00000    3.26700    2.11900    1.25000    0.00000    4.86700
   0.00000   20.23000   42.68300    1.00000    2.72900    1.97500    0.50000    0.00000    4.79700
   2.00000   52.60000   72.29000    0.00000    3.61800    3.19700    1.35600    0.00000    4.87800
   0.00000   42.52000   44.31300    0.00000    4.74600    2.90500    0.91600    0.00000    4.71100
   0.00000   45.82000   50.74700    0.00000    2.24100    2.09000    0.94200    1.00000    4.14000
   1.00000   80.74000   61.16600    2.00000   -0.31000    1.91800    0.57800    2.00000    4.22100
   0.00000  115.41000   71.51200    0.00000    1.60200    2.68700    1.28800    1.00000    7.34100
   0.00000   40.46000   85.36700    2.00000    0.70600    1.76800    1.59400    0.00000    1.22000
   0.00000   79.93000   16.78600    1.00000    1.76900    2.23900    0.79300    1.00000    4.49400
   0.00000    3.24000    3.12400    0.00000    4.76100    3.27300    1.05200    1.00000    5.55100
   0.00000   50.94000   76.13200    1.00000    3.77000    3.09100    1.08100    3.00000    4.01000
   1.00000   67.51000  103.97300    1.00000    3.20400    3.34400    0.93800    0.00000    2.95500
   1.00000  203.06000  358.24400    6.00000    0.95700    5.83900    1.34500    0.00000    4.56600
   1.00000   44.45000   16.78600    0.00000    2.53900    1.84000    0.92000    1.00000    5.42900
   1.00000   20.31000   28.26900    0.00000   -0.27300    1.40100    2.07300    1.00000    0.70400
   0.00000   98.61000   57.46000    0.00000    2.05400    2.89100    1.44200    3.00000    9.14000
   1.00000   97.99000  195.87800    4.00000   -1.20400    2.21400    1.06600    0.00000    3.17700
   0.00000   54.57000   41.02800    0.00000    4.78900    3.58000    1.50500    0.00000    5.51200
   0.00000   20.23000   42.68300    1.00000    3.31400    2.02700    0.40900    0.00000    5.46100
   0.00000  110.96000   13.84300    0.00000    1.32100    2.40200    0.98800    0.00000    7.12800
   2.00000   59.32000   78.20400    0.00000    4.11500    3.93400    0.76000    1.00000   10.04700
   0.00000    0.00000    0.00000    0.00000    3.13800    1.50900    1.70000    0.00000    3.87000
   1.00000   58.11000   32.89700    2.00000   -0.31700    1.22500    0.57500    1.00000    3.63800
   0.00000    0.00000    0.00000    0.00000    6.23200    2.76600    0.49300    0.00000    7.50900
   0.00000    0.00000    0.00000    0.00000    3.47800    1.92400    0.57500    0.00000    4.13800
   0.00000  121.26000    6.24900    0.00000    1.76100    2.66000    0.77900    2.00000    5.97600
   1.00000   67.79000  107.83900    2.00000    2.34700    3.24300    1.40000    1.00000    3.91700
   4.00000  215.34000  327.62900    3.00000    0.18900    4.67700    1.33300    0.00000    6.06400
   0.00000   20.23000   42.68300    1.00000    3.61700    2.07400    0.34000    0.00000    5.76000
   0.00000    0.00000    0.00000    0.00000    6.47000    2.82100    0.46900    0.00000    8.44000
   1.00000   61.82000   73.32400    0.00000    0.73600    2.40500    1.54600    4.00000    3.02800
   0.00000   45.82000   50.74700    0.00000    2.57400    2.14100    1.01400    1.00000    4.55800
   0.00000   45.82000   50.74700    0.00000    2.24100    2.11900    0.94200    1.00000    4.01000
   2.00000   59.32000   93.16400    0.00000    4.27900    3.96200    0.90700    1.00000    9.13300
   0.00000   20.23000   42.68300    1.00000    2.27400    2.00500    1.59600    0.00000    3.11500
   1.00000   44.45000   16.78600    0.00000    1.15700    1.33400    0.68500    1.00000    5.41800
   0.00000   36.28000   22.15600    0.00000   -0.31700    1.22500    1.33300    0.00000    0.49500
   0.00000   61.35000   36.02200    2.00000    1.62800    2.23100    0.75000    2.00000    3.29800
   0.00000  111.87000  144.17700    1.00000    1.39500    2.33400    0.71600    2.00000    4.60600
   0.00000   63.87000    6.24900    0.00000    0.19800    1.97500    0.85800    2.00000    5.47000
   0.00000    7.76000    0.00000    0.00000    1.58600    2.67400    1.16600    2.00000    4.82300
   0.00000    9.23000   11.00000    0.00000    2.72300    2.32100    1.16500    0.00000    7.33700
   0.00000  140.02000  119.20900    4.00000   -0.81200    2.47800    0.92600    3.00000    7.37800
   2.00000   74.60000  135.65700    2.00000   -0.45000    1.82300    1.07500    0.00000    2.76400
   0.00000    0.00000    0.00000    0.00000    2.06700    1.80000    1.25000    0.00000    3.94100
   0.00000  157.69000  194.92400    1.00000    1.54300    2.52700    0.64700    3.00000    3.43000
   0.00000   40.46000   85.36700    2.00000    3.63500    3.12000    1.03000    0.00000    4.96200
   0.00000   91.64000  101.49400    0.00000    1.88600    2.28700    0.76900    2.00000    3.59100
   0.00000   13.14000    9.50700    0.00000    3.74300    2.99500    0.78300    0.00000    4.73700
   0.00000    0.00000    0.00000    0.00000    5.45300    2.83700    0.73500    0.00000    6.85800
   0.00000    0.00000    0.00000    0.00000    4.36600    2.03100    0.57000    0.00000    5.55000
   0.00000    0.00000    0.00000    0.00000    3.94500    2.32400    0.67800    0.00000    5.00900
   0.00000   77.82000   99.36500    4.00000    3.04800    2.81300    0.79100    4.00000    4.63200
   0.00000  110.96000   13.84300    0.00000    1.97100    2.52000    1.01200    0.00000    8.20700
   0.00000    0.00000    0.00000    0.00000    3.26700    2.11900    1.25000    0.00000    5.37300
   0.00000   41.57000   57.28000    1.00000    1.83800    2.61100    1.17500    2.00000    3.15500
   1.00000   46.53000   78.82800    1.00000    2.08600    2.45500    0.94100    0.00000    3.04700
   0.00000   20.23000   42.68300    1.00000    1.85900    1.92400    0.94900    0.00000    3.71000
   2.00000  110.45000  141.04700    1.00000    2.76700    3.48800    1.21600    2.00000    4.07100
   0.00000   54.57000   41.02800    0.00000    3.74200    3.13600    1.77300    0.00000    6.04200
   1.00000   75.99000   73.77400    1.00000    0.05700    2.09300    1.12300    2.00000    6.96400
   1.00000   64.18000    0.00000    0.00000   -0.04900    1.15500    1.50000    0.00000    4.56000
   0.00000   12.89000   16.78600    0.00000    2.06600    2.28400    0.86700    1.00000    3.71100
   1.00000  114.76000   56.99900    1.00000   -0.75500    2.21400    1.03300    1.00000    5.13000
   0.00000   26.02000   32.89700    2.00000    2.12700    1.91800    0.59700    1.00000    6.10800
   0.00000   41.57000   57.28000    1.00000    3.18000    3.29200    1.01400    2.00000    4.99200
   0.00000    0.00000    0.00000    0.00000    4.41600    2.57000    0.72300    0.00000    5.42200
   1.00000   37.30000   67.82800    1.00000    0.13300    1.40100    1.58200    0.00000    3.17000
   0.00000    0.00000    0.00000    0.00000    3.47700    1.85700    1.42900    0.00000    4.81900
   0.00000  111.87000  144.17700    1.00000    1.74800    2.37700    0.83900    2.00000    4.79000
   1.00000   23.79000   31.05900    0.00000   -0.31700    1.15500    1.40300    1.00000    1.05700
   0.00000    0.00000    0.00000    0.00000    4.92600    2.07400    0.47800    0.00000    4.67400
   1.00000   52.33000   62.43800    0.00000    0.56700    2.23900    1.54200    1.00000    2.66800
   0.00000   50.94000   76.13200    1.00000    4.01300    3.21800    1.10400    3.00000    5.02000
   0.00000   45.82000   50.74700    0.00000    2.84200    2.14100    0.72600    1.00000    4.61100
   0.00000   79.63000   77.87500    2.00000    1.32600    3.02400    1.12600    5.00000    5.05400
   2.00000   52.60000   72.29000    0.00000    4.09100    3.56800    1.15000    0.00000    5.19000
   0.00000   29.46000   53.68300    1.00000    1.24600    2.03100    1.11400    0.00000    3.68000
   0.00000   28.24000    0.00000    0.00000    4.76000    2.99500    0.65000    0.00000    6.02700
   0.00000   20.23000   42.68300    1.00000    2.12700    1.92400    0.63300    0.00000    4.42600
   0.00000   17.07000   25.14500    0.00000    1.94700    2.00500    1.27600    0.00000    3.06100
   0.00000    0.00000    0.00000    0.00000    2.22600    1.40100    0.82600    0.00000    3.63100
   0.00000   20.23000   42.68300    1.00000    2.63700    2.34400    0.75800    0.00000    4.61000
   0.00000   20.23000   42.68300    1.00000    3.31400    2.03100    0.40900    0.00000    4.86400
   0.00000   56.15000   36.02200    2.00000    1.94500    2.46100    0.80500    2.00000    3.35100
   1.00000   26.30000   36.14500    0.00000    0.58600    1.57700    1.88100    0.00000    2.09000
   1.00000   44.45000   16.78600    0.00000    3.26500    2.13400    0.63700    1.00000    6.13100
   0.00000    0.00000    0.00000    0.00000    1.11500    1.00000    0.58800    0.00000    4.63200
   0.00000   56.15000   36.02200    2.00000   -0.66500    1.72600    0.67600    2.00000    3.58900
   0.00000   94.88000  149.49800    0.00000    4.20700    3.04700    1.28300    3.00000    6.24000
   0.00000   47.36000   56.05500    0.00000    3.37300    3.47100    0.99200    3.00000    4.94300
   2.00000   88.90000   33.57100    0.00000    4.40500    2.45600    0.56800    2.00000    6.39900
   0.00000   26.02000   32.89700    2.00000    1.85900    1.90800    0.91700    1.00000    5.31200
   0.00000   40.46000   85.36700    2.00000    5.25500    3.00100    0.48500    0.00000    4.83800
   0.00000   43.24000   59.40900    0.00000    4.39600    3.54200    0.91000    3.00000    4.57900
   0.00000   20.23000   42.68300    1.00000    0.34700    1.33400    0.96100    0.00000    2.57900
   0.00000   52.49000  103.37700    3.00000   -0.91700    1.84000    1.75000    1.00000    2.95700
   0.00000   45.82000   50.74700    0.00000    3.11000    2.16000    0.47800    1.00000    4.66000
   2.00000   64.16000   92.47000    0.00000    3.61300    4.24500    1.17500    4.00000    4.83500
   0.00000   63.22000   80.14400    0.00000    1.93600    3.85200    1.15100    0.00000    8.02800
   1.00000   35.53000   47.14500    0.00000    4.57900    3.87500    1.12400    0.00000    7.69300
   0.00000   47.56000   65.15500    1.00000    1.19100    2.89900    1.26500    1.00000    3.47000
   0.00000   38.57000    6.24900    0.00000    0.59000    1.70000    1.19000    2.00000    2.23200
   2.00000   98.18000   62.11900    0.00000    0.79600    1.84000    0.74300    2.00000    6.25100
   0.00000    0.00000    0.00000    0.00000    5.16500    3.11100    0.73200    0.00000    6.21900
   0.00000   26.02000   32.89700    2.00000    3.31400    2.03100    0.36600    1.00000    4.76100
   0.00000   55.05000   61.74700    0.00000    4.29600    3.05500    0.60300    1.00000    5.87800
   2.00000  118.65000  210.60000    1.00000    3.77300    3.75900    0.95000    1.00000    4.50100
   1.00000  116.67000  180.36600    4.00000   -1.96000    2.02100    1.83000    1.00000    3.90800
   0.00000    0.00000    0.00000    0.00000    3.67700    2.34400    0.86800    0.00000    4.98000
   0.00000  121.26000    6.24900    0.00000    2.86900    3.09500    0.86200    2.00000    6.18800
   0.00000   15.79000    0.00000    1.00000    2.85900    2.61400    0.75200    1.00000    4.70000
   0.00000   24.06000   35.77600    2.00000    3.32600    2.83700    0.84900    2.00000    4.65100
   0.00000   28.24000    0.00000    0.00000    1.17300    1.66700    0.66700    0.00000    2.42100
   2.00000   59.32000  123.08400    0.00000    4.21700    4.11100    0.99400    1.00000    8.67800
   0.00000    0.00000    0.00000    0.00000    2.22600    1.50900    0.82600    0.00000    2.60800
   0.00000  129.62000  165.83400    6.00000    2.70300    3.07800    0.77500    7.00000    4.40400
   0.00000   95.37000   54.33600    0.00000    2.43300    2.91500    1.39400    2.00000    8.56400
   2.00000   75.39000   67.20400    0.00000    2.98100    2.78400    1.07200    1.00000    6.47500
   0.00000    0.00000    0.00000    0.00000    5.47200    2.65700    0.57700    0.00000    6.67000
   0.00000   40.46000   85.36700    2.00000   -1.05300    1.33400    1.82700    0.00000    0.12200
   0.00000    0.00000    0.00000    0.00000    3.51600    1.67800    1.66700    0.00000    4.34000
   0.00000    0.00000    0.00000    0.00000    4.06300    1.97500    0.49900    0.00000    4.83000
   0.00000    0.00000    0.00000    0.00000    4.58800    2.74400    0.80700    0.00000    6.19000
   2.00000  138.26000   86.13300    0.00000    0.49100    2.85400    1.14600    0.00000    8.34900
   2.00000   69.67000   97.43500    0.00000    3.12200    3.72300    1.26000    0.00000    7.37100
   0.00000   50.93000    0.00000    0.00000    0.55200    2.48500    1.14700    3.00000    2.54000
   1.00000   46.53000   78.82800    1.00000    2.37800    2.47200    0.98800    0.00000    3.47400
   0.00000    0.00000    0.00000    0.00000    2.08100    1.40100    0.50100    0.00000    3.48500
   0.00000   75.99000   73.77400    1.00000    0.78700    2.26600    1.18500    2.00000    5.55100
   0.00000    0.00000    0.00000    0.00000    2.74600    1.66700    1.40000    0.00000    3.80900
   0.00000    0.00000    0.00000    0.00000    2.60800    1.85700    1.00000    0.00000    3.00200
   0.00000   26.02000   32.89700    2.00000    2.72900    1.97500    0.46200    1.00000    5.43700
   1.00000  237.75000  223.04700    8.00000    0.08300    3.24900    1.04000    7.00000    2.92800
   3.00000   81.70000  115.44500    1.00000    5.44000    4.62300    1.51700    1.00000    4.85000
   0.00000   34.14000   50.29000    0.00000    2.23300    2.41500    0.86600    0.00000    5.54500
   0.00000   45.82000   50.74700    0.00000    3.11000    2.14100    0.47800    1.00000    4.62000
   1.00000   20.31000   28.26900    0.00000    0.19800    1.78200    1.55900    1.00000    4.90600
   0.00000   38.33000   54.15600    1.00000    2.22200    2.72500    1.01200    1.00000    5.94200
   0.00000   20.23000   42.68300    1.00000    1.20900    1.43000    0.47600    0.00000    3.00200
   0.00000    0.00000    0.00000    0.00000    4.33200    2.72700    0.75800    0.00000    6.70000
   0.00000   45.61000   28.26900    0.00000    1.97100    2.29400    1.27500    1.00000    4.60800
   0.00000   20.23000   42.68300    1.00000    3.61700    2.07400    0.34000    0.00000    6.11000
   0.00000    0.00000    0.00000    0.00000    2.85100    1.98900    0.93800    0.00000    3.53300
   0.00000   45.82000   50.74700    0.00000    1.88700    2.04800    0.84200    1.00000    3.61500
   0.00000   81.95000  157.06100    4.00000    1.35800    3.32500    1.24800    1.00000    3.27700
   0.00000   47.56000   65.15500    1.00000    1.57000    2.64400    1.37600    1.00000    4.91000
   0.00000   28.24000    0.00000    0.00000    3.16900    2.22400    0.71100    0.00000    4.75600
   0.00000  121.26000    6.24900    0.00000    0.45400    2.22700    0.67700    2.00000    6.05900
   1.00000  181.62000  324.87300    7.00000   -0.39200    3.62900    0.86300    2.00000    3.57300
   0.00000   29.46000   53.68300    1.00000    1.24600    2.04600    1.11400    0.00000    3.48000
   0.00000   62.73000   86.37800    2.00000    2.59000    2.54600    1.27700    5.00000    3.60100
   0.00000   62.73000   86.37800    2.00000    2.27300    2.47800    1.25400    5.00000    3.33100
   1.00000   29.10000   43.15600    1.00000    3.07600    2.43800    0.77300    1.00000    4.71400
   0.00000   12.03000   18.01100    1.00000    6.72800    4.39200    1.55400    1.00000    6.53700
   0.00000   70.14000   50.90800    3.00000    0.59000    1.90900    0.90700    2.00000    3.85000
   1.00000   69.48000  142.26200    0.00000    4.09600    3.88400    1.16900    2.00000    5.74200
   0.00000    0.00000    0.00000    0.00000    5.12400    2.51500    0.45600    0.00000    6.77700
   2.00000   59.32000   78.20400    0.00000    4.83200    4.07400    0.96200    1.00000    8.58200
   1.00000   87.66000  139.99500    3.00000    1.58900    3.51400    1.33900    2.00000    3.81900
   1.00000   65.72000  101.27100    2.00000   -0.23400    1.97500    1.09100    2.00000    3.71600
   0.00000   12.53000   11.00000    0.00000    0.40800    1.68900    1.03800    0.00000    3.58700
   0.00000    0.00000    0.00000    0.00000    3.56200    2.03100    1.15000    0.00000    5.45000
   0.00000   45.61000   28.26900    0.00000    3.09200    2.81400    0.94800    1.00000    5.54800
   0.00000   42.52000   44.31300    0.00000    2.77700    2.64300    1.05500    0.00000    4.57000
   1.00000   46.53000   78.82800    1.00000    2.35400    2.45500    0.74300    0.00000    3.78300
   0.00000   91.64000  101.49400    0.00000    2.23900    2.29600    0.88400    2.00000    5.44100
   0.00000   52.04000   65.79400    4.00000    0.89300    1.91800    0.73200    2.00000    4.26300
   0.00000    9.23000   11.00000    0.00000    4.06800    2.75800    0.69500    0.00000    5.97900
   0.00000   28.24000    0.00000    0.00000    3.16900    2.23800    0.71100    0.00000    4.02500
   0.00000    0.00000    0.00000    0.00000    4.63400    2.02700    0.46100    0.00000    4.87400
   0.00000   82.67000   47.44700    1.00000    3.74700    2.93500    1.51300    1.00000    8.11300
   0.00000   20.23000   42.68300    1.00000    2.29600    1.92400    0.52100    0.00000    4.46400
   0.00000   92.31000   70.94100    2.00000    2.19500    3.08200    0.99900    3.00000    7.04400
   0.00000   20.23000   42.68300    1.00000    3.90900    2.12000    0.28100    0.00000    5.56000
   0.00000    0.00000    0.00000    0.00000    1.81700    1.22500    0.50200    0.00000    3.25400
   0.00000    0.00000    0.00000    0.00000    2.94200    1.90800    1.06300    0.00000    3.79100
   0.00000  115.41000   71.51200    0.00000    1.91900    2.72000    1.29100    1.00000    7.67100
   0.00000    0.00000    0.00000    0.00000    2.60400    1.43000    0.50500    0.00000    3.84200
   0.00000   17.07000   25.14500    0.00000    1.76900    1.98900    0.92700    0.00000    3.97600
   0.00000   35.25000   43.89700    2.00000    1.24600    2.03100    1.08100    1.00000    4.01100
   0.00000   17.07000   25.14500    0.00000   -0.31700    1.15500    1.74000    0.00000    0.55000
   0.00000   58.92000  107.36600    2.00000   -0.93700    2.29900    1.93600    0.00000    0.46000
   0.00000   66.05000   93.43000    1.00000    1.34800    2.09000    0.78400    1.00000    4.02400
   0.00000   45.61000   28.26900    0.00000    1.57900    2.39700    1.16200    1.00000    4.43700
   0.00000   56.15000   36.02200    2.00000   -0.27300    1.55900    0.87600    2.00000    3.82500
   1.00000   32.67000   45.05500    0.00000    3.35500    3.09700    0.88900    2.00000    4.82100
   0.00000  115.41000   71.51200    0.00000    2.22300    2.90300    1.29500    1.00000    8.15000
   0.00000    0.00000    0.00000    0.00000    2.60400    1.55900    0.66400    0.00000    3.65500
   0.00000  137.46000  152.24100    0.00000    2.35900    2.52700    0.82500    3.00000    4.39000
   0.00000    0.00000    0.00000    0.00000    5.98900    2.73300    0.52900    0.00000    6.98900
   0.00000   96.31000   77.72700    1.00000    1.12600    3.53600    1.15700    3.00000    3.59400
   1.00000   84.32000  125.10800    2.00000    0.13900    2.74800    1.26700    2.00000    2.35900
  11.00000  278.80000  413.19100    5.00000   -0.32100    6.43900    1.55700   11.00000    4.77900
   0.00000    0.00000    0.00000    0.00000    4.82300    2.29900    1.60000    0.00000    5.29900
   1.00000   54.37000   92.97300    1.00000    3.37400    3.06100    0.91000    0.00000    3.59900
   0.00000  132.42000  196.33200    2.00000    4.47800    4.98400    1.08700    4.00000    5.44000
   0.00000   28.24000    0.00000    0.00000    3.87600    2.61400    0.65200    0.00000    5.59700
   0.00000   93.06000  157.65600    2.00000    2.01400    3.76700    1.18900    0.00000    4.33300
   0.00000   12.03000   18.01100    1.00000   -0.17200    1.15500    2.17700    1.00000    2.95800
   0.00000    0.00000    0.00000    0.00000    2.73400    1.85700    0.83100    0.00000    3.89000
   0.00000    0.00000    0.00000    0.00000    2.94200    1.98900    1.06300    0.00000    4.50200
