  -0.15949   -0.98760   -1.00000    0.57111   -1.00000   -0.01646    0.06304    0.96293   -0.82157   -0.73913   -0.04580    0.82979    0.98875   18.10000
  -0.57395   -0.99859   -1.00000   -0.85337   -1.00000   -0.57613   -0.01016    0.22142   -0.73296   -0.82609   -0.97710    0.10638    1.00000   36.20000
   0.02539   -0.78443   -1.00000    0.29326   -1.00000    0.26749    0.08948    1.00000   -0.90736    1.00000    0.82824    0.61702    0.89515   12.10000
  -0.18433   -0.98125   -1.00000   -0.43695   -1.00000   -0.37037   -0.21901    0.70546   -0.39528   -0.73913   -0.54199    0.78723    0.52857   13.90000
  -0.38962   -0.99472   -1.00000   -0.49267   -1.00000   -0.55556   -0.03353   -0.15963   -0.22045   -0.65217   -0.61832    0.48936    1.00000   22.20000
   0.17881   -0.99035   -1.00000   -0.25733    1.00000   -0.57202   -0.31673    1.00000   -0.50070   -0.73913   -0.65649    0.27660    1.00000   20.00000
  -0.72461   -0.99816   -1.00000   -0.24120   -1.00000   -0.88477    0.09446   -0.92379   -0.24384   -0.73913   -0.54962    0.40426    0.93358   24.20000
  -0.86313   -0.99743   -1.00000   -0.82185   -1.00000   -0.75309    0.72753    0.50566   -0.56977   -0.91304   -0.66031    0.14894    1.00000   38.70000
  -0.66887   -0.99757   -0.60000   -0.52346   -1.00000   -0.67490    0.14083    0.14933   -0.49297   -0.82609   -0.86260    0.27660    0.99022   24.40000
  -0.60210   -0.99800   -1.00000   -0.09311   -1.00000   -0.78601    0.04426   -0.13285   -0.38655   -0.65217   -0.19466    0.29787    0.93106   21.40000
  -0.98620   -0.99939    0.50000   -0.81745   -1.00000   -0.82305    0.32707   -0.73430   -0.22314   -0.82609   -0.75191    0.21277    0.99355   34.90000
  -0.69702   -0.99914   -0.50000   -0.67742   -1.00000   -0.83128    0.17187    0.39032   -0.22322   -0.73913   -0.64122    0.36170    0.99360   23.90000
  -0.35872   -0.99764   -1.00000    1.00000   -1.00000   -0.07819   -0.07185    0.66014   -0.82171   -0.73913    1.00000    0.59574    1.00000   20.10000
   0.17274    0.52669   -1.00000    0.29326   -1.00000    0.26749   -0.18682    1.00000   -0.94620    1.00000    0.82824    0.61702    0.93984    5.00000
   0.00166   -0.97792   -1.00000   -0.43695   -1.00000   -0.37037   -0.13700    1.00000   -0.46065   -0.73913   -0.54199    0.78723    0.98810   14.50000
  -0.00386   -0.67558   -1.00000    0.29326   -1.00000   -0.12757    0.26116    1.00000   -0.93891    1.00000    0.82824    0.61702   -0.09708   27.50000
  -0.39790   -0.94090   -1.00000   -0.30792   -1.00000   -0.34568   -0.45890   -0.28115   -0.74724   -0.73913   -0.55344    0.23404    0.76575   16.10000
  -0.61038   -0.99726   -0.75000   -0.58871   -1.00000   -0.90124   -0.10941   -0.38002   -0.02365   -0.73913   -0.39695    0.34043    1.00000   20.90000
  -0.18653   -0.99716   -1.00000   -0.40616   -1.00000   -0.44444   -0.12244    0.93203   -0.82226   -0.65217   -0.24809    0.76596    0.98563   19.50000
  -0.71468   -0.98538   -0.60000   -0.74267   -1.00000    0.07819    0.25733    1.00000   -0.83975   -0.65217   -0.70611   -0.91489    0.97494   30.10000
  -0.58996   -0.99250   -0.56000   -0.60411   -1.00000   -0.81070   -0.02395   -0.34089    0.25961   -0.47826   -0.45420    0.38298    0.96611   24.30000
  -0.83444   -0.98864   -1.00000   -0.57918   -1.00000   -0.49794    0.45507    0.41504   -0.45104   -0.39130   -0.54199    0.02128    0.96555   31.50000
  -0.89735   -0.99533   -0.56000   -0.60411   -1.00000   -0.81070    0.10251   -0.87642    0.13979   -0.47826   -0.45420    0.38298    0.90000   24.80000
  -0.88797   -0.99934   -0.60000   -0.78959   -1.00000   -0.76173    0.63211    0.26880   -0.35162   -0.65217   -0.88931   -0.51064    0.95164   45.40000
  -0.49007   -0.99498   -1.00000   -0.25733   -1.00000   -0.57202    0.05959    0.02163   -0.41342   -0.73913   -0.65649    0.27660    0.98976   24.40000
  -0.53532   -0.99572   -0.56000   -0.60411   -1.00000   -0.81070    0.02127    0.57158    0.25961   -0.47826   -0.45420    0.38298    0.89530   20.50000
  -0.75276   -0.99950   -0.44000    0.06892   -1.00000   -0.67490    0.01552   -0.46447   -0.53873   -0.73913   -0.68321    0.19149    0.99713   25.00000
  -0.51159   -0.91756   -1.00000    0.29326   -1.00000   -0.18518    0.05422    0.00927   -0.47947    1.00000    0.82824    0.61702    0.95824   21.20000
  -0.66556   -0.99851    0.20000   -0.90982   -1.00000   -0.89300   -0.10979   -0.67868    0.74244   -0.73913   -0.14504    0.21277    0.97695   18.60000
  -0.64294   -0.99926   -1.00000   -0.78372   -1.00000   -0.57202    0.08986    0.46241   -0.64308   -0.91304   -0.68321    0.10638    0.98311   22.00000
   0.09216   -0.83453   -1.00000    0.29326   -1.00000    0.20988    0.00862    0.54892   -0.85341    1.00000    0.82824    0.61702   -0.51379   11.00000
  -0.30298   -0.91992   -1.00000    0.29326   -1.00000   -0.19753    0.10213    0.48507   -0.67866    1.00000    0.82824    0.61702    0.98220   23.20000
  -0.09492   -0.65001   -1.00000    0.29326   -1.00000   -0.19753   -0.09370    0.40268   -0.67649    1.00000    0.82824    0.61702    0.85799   19.10000
  -0.06291   -0.78628   -1.00000    0.29326   -1.00000    0.34979    0.21364    0.87848   -0.75148    1.00000    0.82824    0.61702   -0.96793   14.90000
  -0.28753   -0.90522   -1.00000    0.29326    1.00000    0.58436   -0.14083    0.77343   -0.85903    1.00000    0.82824    0.61702    0.77881   16.80000
  -0.30795   -0.99853   -1.00000    0.84677   -1.00000   -0.19342   -0.06381    0.67250   -0.80580   -0.91304   -0.99618    0.38298    0.90302   20.30000
   0.59271   -0.13801   -1.00000    0.29326   -1.00000    0.26749   -0.27496    1.00000   -0.93453    1.00000    0.82824    0.61702    1.00000    5.00000
  -0.55464   -0.99937   -1.00000   -0.65323   -1.00000   -0.46502   -0.11554   -0.10608   -0.25406   -0.65217   -0.85878    0.61702    1.00000   19.50000
  -0.95916   -0.98721   -1.00000   -0.57918   -1.00000   -0.49794    0.83024    0.45005   -0.50735   -0.39130   -0.54199    0.02128    0.94458   41.70000
  -0.29415   -0.15352   -1.00000    0.29326   -1.00000    0.20988    0.01207    0.56128   -0.86664    1.00000    0.82824    0.61702   -0.90670   10.90000
  -0.38521   -0.90936   -1.00000    0.29326   -1.00000   -0.39506    0.02242    0.80844   -0.64177    1.00000    0.82824    0.61702    0.99208   19.60000
  -0.67219   -0.99757   -1.00000   -0.40616   -1.00000   -0.44444    0.23395    0.40886   -0.68600   -0.65217   -0.24809    0.76596    0.99334   26.50000
  -0.73234   -0.97645   -1.00000   -0.43695   -1.00000   -0.37037   -0.09025   -0.45623   -0.38728   -0.73913   -0.54199    0.78723    0.94932   23.10000
  -0.74062   -0.96996   -1.00000    0.40176   -1.00000   -0.09465   -0.04005    1.00000   -0.88584   -0.65217   -0.17557   -0.55319    0.78309   24.30000
  -0.23731   -0.99422   -1.00000   -0.40616   -1.00000   -0.44444    0.02242    0.81874   -0.74256   -0.65217   -0.24809    0.76596    0.97141   19.40000
  -0.80408   -0.99894   -0.58000   -0.62024   -1.00000   -0.77778    0.13048   -0.62513    0.03395   -0.73913   -0.78626   -0.10638    1.00000   25.00000
  -0.67605   -0.99911    0.05000   -0.64370   -1.00000   -0.91770    0.05537   -0.12049    0.12534   -0.56522   -0.59542   -0.14894    1.00000   22.30000
  -0.56622   -0.98800   -0.60000   -0.74267   -1.00000    0.07819    0.39567    0.62513   -0.82131   -0.65217   -0.70611   -0.91489    0.97932   33.80000
  -0.92936   -0.99876   -0.60000   -0.78959    1.00000   -0.76173    0.56505   -0.03605   -0.25755   -0.65217   -0.88931   -0.51064    0.90000   46.00000
  -0.54525   -0.99865   -1.00000   -0.79619   -1.00000   -0.69136   -0.11592   -0.52832   -0.25706   -0.73913   -0.07252   -0.08511    0.92708   19.30000
   0.18985   -0.84165   -1.00000    0.29326   -1.00000   -0.05761   -0.02587    0.69310   -0.83774    1.00000    0.82824    0.61702   -0.98890   13.40000
  -0.12197   -0.80924   -1.00000    0.29326   -1.00000   -0.18107    0.06802    0.71370   -0.83212    1.00000    0.82824    0.61702   -0.58077   14.50000
  -0.15066   -0.80419   -1.00000    0.29326   -1.00000    0.26749    0.11516    0.97528   -0.89159    1.00000    0.82824    0.61702    0.97519   13.10000
  -0.41115   -0.99776   -0.40000   -0.67229   -1.00000   -0.82305   -0.02893    0.28115   -0.05310   -0.56522   -0.56870   -0.14894    0.98850   20.10000
  -0.78201   -0.99900   -1.00000   -0.65323   -1.00000   -0.46502    0.05576   -0.27497   -0.03085   -0.65217   -0.85878    0.61702    0.96374   22.20000
  -0.88521   -0.99935    0.90000   -0.83724   -1.00000   -0.87202    0.64476   -0.37590   -0.27463   -0.73913   -0.85878   -0.55319    0.97922   48.50000
  -0.32395   -0.99827   -1.00000   -0.85337   -1.00000   -0.57613   -0.21709    0.78991   -0.66203   -0.82609   -0.97710    0.10638    0.97025   26.40000
  -0.05519   -0.77610   -1.00000    0.29326   -1.00000    0.46091    0.12052    1.00000   -0.84563    1.00000    0.82824    0.61702    0.94871   15.40000
  -0.45199   -0.89568   -1.00000    0.29326   -1.00000   -0.05761    0.31021    0.33265   -0.74478    1.00000    0.82824    0.61702    0.88794   29.80000
  -0.76987   -0.99699   -0.56000   -0.60411   -1.00000   -0.81070    0.12129   -0.79197    0.13979   -0.47826   -0.45420    0.38298    0.99687   24.40000
  -0.20033   -0.87468   -1.00000    0.29326   -1.00000    0.34979    0.10174    0.75077   -0.78427    1.00000    0.82824    0.61702   -0.49634   14.30000
  -0.70861   -0.87131   -1.00000    0.29326   -1.00000   -0.39506    0.34125    0.52626   -0.58516    1.00000    0.82824    0.61702    0.99183   25.00000
   0.43874   -0.94666   -1.00000    0.40176   -1.00000    1.00000   -0.01552    1.00000   -0.94735   -0.65217   -0.17557   -0.55319   -0.12961   13.80000
   0.25055   -0.64361   -1.00000    0.29326   -1.00000    0.20988   -0.10519    0.90525   -0.85814    1.00000    0.82824    0.61702   -0.96288    8.30000
   0.82340   -0.75044   -1.00000    0.29326   -1.00000    0.16461   -0.48458    1.00000   -0.99189    1.00000    0.82824    0.61702    1.00000   13.80000
  -0.03863   -0.99689   -0.75000   -0.45674   -1.00000   -0.42798    0.00057    0.91967   -0.12323   -0.65217   -0.52672   -0.44681    1.00000   27.10000
  -0.04636   -0.89519   -1.00000    0.29326   -1.00000    0.34979   -0.07454    0.75077   -0.73611    1.00000    0.82824    0.61702   -0.94876   12.70000
  -0.47627   -0.99783   -0.40000   -0.67229   -1.00000   -0.82305    0.07185    0.02987    0.07410   -0.56522   -0.56870   -0.14894    0.87821   22.20000
  -0.76490   -0.99980    0.60000   -0.88636   -1.00000   -0.79424    0.17800   -0.44799    0.31208   -0.73913   -0.64504   -0.06383    0.96994   24.50000
  -0.57285   -0.99569   -1.00000   -0.25733   -1.00000   -0.57202    0.00441   -0.18641   -0.48789   -0.73913   -0.65649    0.27660    0.98351   25.00000
  -0.77704   -0.99968    0.70000   -0.97947   -1.00000   -0.89712    0.08143   -0.32441    0.46550   -0.91304   -0.51908    0.00000    1.00000   24.70000
  -0.81291   -0.98640   -0.60000   -0.74267   -1.00000    0.07819    0.97088    0.73018   -0.87789   -0.65217   -0.70611   -0.91489    0.96369   50.00000
  -0.55795   -0.99891   -1.00000   -0.65323   -1.00000   -0.46502   -0.07109   -0.12461   -0.33025   -0.65217   -0.85878    0.61702    1.00000   19.00000
  -0.09934   -0.67597   -1.00000    0.29326   -1.00000    0.46091    0.11132    0.86200   -0.84123    1.00000    0.82824    0.61702   -0.86298    9.60000
  -0.53753   -0.99856   -1.00000   -0.73680   -1.00000   -0.48560   -0.05767   -0.08754   -0.55891   -0.65217   -0.58397   -0.14894    0.98149   23.20000
  -0.44757   -0.99376   -1.00000   -0.49267   -1.00000   -0.55556   -0.17724    0.47065   -0.34682   -0.65217   -0.61832    0.48936    0.97090   18.50000
  -0.61148   -0.99834   -1.00000   -0.59677   -1.00000   -0.53086   -0.12282   -0.20494   -0.48993   -0.65217   -0.64886    0.40426    1.00000   21.00000
  -0.92384   -0.99980    0.80000   -0.75880   -1.00000   -0.96296    0.49186   -0.35530   -0.05310   -0.82609   -0.78244   -0.29787    0.94675   44.00000
  -0.27870   -0.99984    0.50000   -0.74047   -1.00000   -0.89712   -0.10826   -0.07930    0.12579   -0.82609    0.07634    0.80851    1.00000   18.90000
  -0.53035   -0.99916    0.60000   -0.78666   -1.00000   -0.94650   -0.14696   -0.41916   -0.00301   -0.73913   -0.42748   -0.25532    1.00000   19.40000
  -0.41832   -0.99726   -1.00000   -0.40616   -1.00000   -0.44444    0.11631    0.94027   -0.76297   -0.65217   -0.24809    0.76596    0.99163   19.80000
   0.55629   -0.99539   -0.75000   -0.45674   -1.00000   -0.42798   -0.20674    1.00000   -0.09929   -0.65217   -0.52672   -0.44681    0.94821   16.50000
   0.04249    0.65287   -1.00000    0.29326   -1.00000    0.20988   -0.08182    1.00000   -0.87760    1.00000    0.82824    0.61702   -0.91865    8.80000
  -0.22406   -0.95183   -1.00000    0.40176   -1.00000    1.00000   -0.17685    0.96910   -0.91023   -0.65217   -0.17557   -0.55319    0.31943   19.40000
  -0.56181   -0.99873   -1.00000   -0.15909   -1.00000   -0.22634    0.16191    0.36354   -0.75466   -1.00000   -0.67176    0.78723    0.97524   22.40000
   0.80353   -0.96353   -1.00000    0.57111   -1.00000   -0.01646   -0.44127    1.00000   -0.94366   -0.73913   -0.04580    0.82979    1.00000   14.40000
  -0.75773   -0.99247   -1.00000   -0.49267   -1.00000   -0.55556    0.09370   -0.23378   -0.34682   -0.65217   -0.61832    0.48936    1.00000   25.00000
  -0.37196   -0.67793   -1.00000    0.29326   -1.00000   -0.05761    0.02242    0.75283   -0.85058    1.00000    0.82824    0.61702    0.93151   21.40000
  -0.09879   -0.99448   -1.00000   -0.25733   -1.00000   -0.57202   -0.14850    0.43769   -0.41342   -0.73913   -0.65649    0.27660    0.96233   22.50000
  -0.55022   -0.99657   -1.00000   -0.24120   -1.00000   -0.88477   -0.08028   -0.69928   -0.24384   -0.73913   -0.54962    0.40426    0.89934   21.70000
   0.02704   -0.96389   -1.00000   -0.43695   -1.00000   -0.37037   -0.02855    0.93615   -0.52165   -0.73913   -0.54199    0.78723    0.25064   13.50000
  -0.28698   -0.91712   -1.00000    0.29326   -1.00000    0.34979    0.07875    0.76107   -0.73856    1.00000    0.82824    0.61702    0.97241   17.70000
  -0.27815   -0.99634   -1.00000    0.84677   -1.00000   -0.19342   -0.07070    0.76107   -0.84299   -0.91304   -0.99618    0.38298    0.94009   21.40000
  -0.48179   -0.98688   -1.00000    0.57111   -1.00000   -0.01646    0.07722    0.95675   -0.78216   -0.73913   -0.04580    0.82979    0.94382   23.00000
  -0.74448   -0.99972    0.70000   -0.72947   -1.00000   -0.81893    0.13240   -0.48919    0.34687   -0.73913   -0.37405    0.12766    0.97746   23.10000
  -0.68764   -0.96811   -1.00000    0.40176   -1.00000    1.00000    0.13010    1.00000   -0.88428   -0.65217   -0.17557   -0.55319    0.83565   23.30000
   0.53422   -0.94690   -1.00000    0.40176   -1.00000    1.00000   -0.47691    0.91143   -0.93976   -0.65217   -0.17557   -0.55319    0.97383   14.60000
   0.10651   -0.59851   -1.00000    0.29326   -1.00000    0.17696    0.02012    1.00000   -0.95335    1.00000    0.82824    0.61702    0.98406   10.20000
  -0.90066   -0.99829   -0.56000   -0.60411   -1.00000   -0.81070    0.30140   -0.91967    0.41442   -0.47826   -0.45420    0.38298    0.94548   29.60000
   0.59437   -0.67793   -1.00000    0.29326   -1.00000    0.29630   -0.49454    1.00000   -0.91636    1.00000    0.82824    0.61702    0.87907   10.20000
  -0.34216   -0.99810   -0.60000   -0.52346    1.00000   -0.67490   -0.09600    0.20700   -0.49297   -0.82609   -0.86260    0.27660    0.97196   20.70000
  -0.74448   -0.99087   -1.00000   -0.57918   -1.00000   -0.51029    0.38034    0.58599   -0.62060   -0.39130   -0.54199    0.02128    0.87483   31.60000
  -0.74834   -0.99892   -1.00000   -0.73680   -1.00000   -0.48560    0.05537    0.45211   -0.60209   -0.65217   -0.58397   -0.14894    0.99344   24.60000
   0.08113   -0.90073   -1.00000    0.29326   -1.00000   -0.18107   -0.06419    0.88671   -0.74344    1.00000    0.82824    0.61702    0.66912   19.10000
  -0.26876   -0.87219   -1.00000    0.29326   -1.00000   -0.18518   -0.02165    0.58393   -0.56055    1.00000    0.82824    0.61702    0.97872   19.10000
  -0.31733   -0.72930   -1.00000    0.29326   -1.00000   -0.05761   -0.20023    0.74459   -0.85058    1.00000    0.82824    0.61702    0.46871   20.80000
  -0.36976   -0.99878   -1.00000   -0.85337   -1.00000   -0.57613   -0.00671    0.35736   -0.60896   -0.82609   -0.97710    0.10638    0.95063   29.60000
  -0.91225   -0.96600   -1.00000    0.40176    1.00000   -0.09465    0.84480    0.87436   -0.81224   -0.65217   -0.17557   -0.55319    0.95739   50.00000
  -0.75607   -0.99332   -1.00000   -0.49267   -1.00000   -0.55556    0.05422   -0.46447   -0.22045   -0.65217   -0.61832    0.48936    1.00000   23.00000
  -0.79249   -0.99835    0.20000   -0.90982   -1.00000   -0.89300    0.15654   -0.32029    0.74244   -0.73913   -0.14504    0.21277    0.86827   24.10000
  -0.27815   -0.98504   -1.00000   -0.43695   -1.00000   -0.37037   -0.13700    0.80021   -0.35393   -0.73913   -0.54199    0.78723    0.89904   16.60000
   0.37472   -0.41701   -1.00000    0.29326   -1.00000    0.20988   -0.33206    0.77549   -0.90581    1.00000    0.82824    0.61702   -0.35932   10.40000
  -0.65342   -0.99925   -1.00000   -0.65323   -1.00000   -0.46502   -0.05116   -0.34913   -0.11690   -0.65217   -0.85878    0.61702    1.00000   21.10000
  -0.73344   -0.99585   -0.56000   -0.60411   -1.00000   -0.81070    0.20981   -0.69928    0.21796   -0.47826   -0.45420    0.38298    0.98406   26.20000
   0.03311   -0.99509   -0.75000   -0.45674   -1.00000   -0.42798    0.07913    0.88260   -0.05117   -0.65217   -0.52672   -0.44681    0.97791   15.00000
  -0.42550   -0.95967   -1.00000    0.40176   -1.00000   -0.09465   -0.11247    0.57158   -0.76424   -0.65217   -0.17557   -0.55319    0.14625   23.80000
   0.08885   -0.99098   -1.00000   -0.57918    1.00000   -0.49794   -0.00249    0.82080   -0.65110   -0.39130   -0.54199    0.02128    0.99163   21.70000
  -0.46358   -0.89144   -1.00000    0.29326   -1.00000   -0.18518   -0.10174    0.03605   -0.63213    1.00000    0.82824    0.61702    0.95623   20.60000
  -0.59658   -0.99808   -1.00000   -0.73680   -1.00000   -0.48560    0.09408    0.67250   -0.72416   -0.65217   -0.58397   -0.14894    0.99294   23.60000
  -0.53477   -0.99787   -1.00000   -0.29985   -1.00000   -0.33333    0.20866    0.62101   -0.71848   -0.56522   -0.06489    0.10638    0.99339   22.80000
  -0.32340   -0.85054   -1.00000    0.29326   -1.00000    0.34979    0.05614    0.64985   -0.70814    1.00000    0.82824    0.61702    1.00000   19.50000
  -0.74448   -0.99829   -0.40000   -0.67229   -1.00000   -0.82305    0.11899   -0.67868   -0.07969   -0.56522   -0.56870   -0.14894    0.91180   23.70000
   0.36258   -0.90803   -1.00000    0.40176   -1.00000    1.00000   -0.26921    1.00000   -0.94868   -0.65217   -0.17557   -0.55319    1.00000   15.60000
   0.21192   -0.46854   -1.00000    0.29326   -1.00000    0.17696    0.08028    0.92173   -0.95335    1.00000    0.82824    0.61702    1.00000   13.10000
  -0.15232   -0.99515   -1.00000   -0.29985   -1.00000   -0.33333   -0.03008    0.90525   -0.74204   -0.56522   -0.06489    0.10638    1.00000   18.70000
  -0.92108   -0.99980    0.80000   -0.94501    1.00000   -0.93416    0.67158   -0.54892   -0.13514   -1.00000   -0.95801   -0.78723    0.99304   50.00000
  -0.18929   -0.89197   -1.00000    0.29326   -1.00000    0.34979    0.20330    0.79403   -0.73303    1.00000    0.82824    0.61702    0.28554   16.40000
   0.38466   -0.92549   -1.00000    0.40176    1.00000    1.00000   -0.29412    1.00000   -0.96508   -0.65217   -0.17557   -0.55319    1.00000   13.40000
  -0.56126   -0.99870   -1.00000   -0.59677   -1.00000   -0.53086   -0.09101    0.34501   -0.59430   -0.65217   -0.64886    0.40426    1.00000   18.90000
   0.60486   -0.99444   -1.00000   -0.52713   -1.00000   -0.74074   -0.29565    0.90319   -0.13787   -0.82609   -0.82443    0.12766    1.00000   14.40000
  -0.58499   -0.99934    0.60000   -0.76686   -1.00000   -0.97119   -0.11286   -0.66632    0.47145   -1.00000   -0.51145   -0.19149    0.99133   20.90000
  -0.38190   -0.99970    0.60000   -0.90469   -1.00000   -1.00000    0.02280   -0.41092    0.44761   -1.00000   -0.79389    0.19149    0.72112   20.10000
  -0.68874   -0.99806   -0.40000   -0.67229   -1.00000   -0.82305    0.16689   -0.19052   -0.07969   -0.56522   -0.56870   -0.14894    0.93383   23.30000
  -0.67605   -0.98632   -1.00000   -0.57918   -1.00000   -0.49794    0.17149    0.60453   -0.61035   -0.39130   -0.54199    0.02128    1.00000   30.10000
  -0.81788   -0.99965    0.20000   -0.81891   -1.00000   -0.93416    0.24123   -0.85582   -0.07428   -1.00000   -0.70229   -0.36170    0.98220   31.10000
  -0.69923   -0.99957    0.10000   -0.75660   -1.00000   -0.59259    0.20138    0.10196   -0.16295   -0.65217   -0.30153    0.06383    1.00000   23.90000
  -0.29029   -0.99222   -1.00000    0.57111   -1.00000   -0.01646    0.10864    0.96704   -0.86902   -0.73913   -0.04580    0.82979    0.98578   17.10000
  -0.82064   -1.00000   -0.64000   -0.86437   -1.00000   -0.37037    0.15501    0.28321   -0.46159   -1.00000   -0.58397   -0.42553    1.00000   24.00000
  -0.83665   -0.99859   -0.10000   -0.78153   -1.00000   -0.78601    0.21786   -0.42534   -0.02696   -0.65217   -0.19466   -0.44681    0.96374   30.50000
  -0.19978   -0.82588   -1.00000    0.29326   -1.00000    0.34979    0.05001    0.66426   -0.69928    1.00000    0.82824    0.61702    0.37117   14.90000
  -0.43157   -0.85528   -1.00000    0.29326   -1.00000   -0.18107    0.09753    0.48095   -0.80525    1.00000    0.82824    0.61702   -0.50764   16.10000
  -0.72682   -0.99837   -0.10000   -0.78153   -1.00000   -0.78601    0.23434   -0.21318   -0.51641   -0.65217   -0.19466   -0.44681    0.98472   32.00000
  -0.06236   -0.97244   -1.00000   -0.43695   -1.00000   -0.37037   -0.01092    0.82904   -0.48216   -0.73913   -0.54199    0.78723    1.00000   15.20000
  -0.88797   -0.99021   -1.00000   -0.57918   -1.00000   -0.51029    0.14620   -0.61895   -0.59161   -0.39130   -0.54199    0.02128    0.91649   31.50000
  -0.67936   -0.99575   -1.00000   -0.24120   -1.00000   -0.88477    0.02855   -0.93203   -0.24384   -0.73913   -0.54962    0.40426    0.90050   23.40000
   0.36148   -0.83371   -1.00000    0.29326   -1.00000   -0.12757   -0.21211    0.95675   -0.94087    1.00000    0.82824    0.61702    0.58515   17.20000
  -0.05795   -0.99499   -1.00000   -0.52713   -1.00000   -0.74074   -0.05384    0.70134   -0.17071   -0.82609   -0.82443    0.12766    0.97902   16.60000
  -0.67826   -0.99866   -1.00000   -0.85337   -1.00000   -0.57613    0.61104    0.65602   -0.70694   -0.82609   -0.97710    0.10638    0.99324   39.80000
  -0.65949   -0.99409   -1.00000   -0.30792   -1.00000   -0.34568    0.03660    0.64573   -0.61204   -0.73913   -0.55344    0.23404    0.98230   21.60000
  -0.39294   -0.98945   -1.00000   -0.30792   -1.00000   -0.34568   -0.02203    0.15139   -0.47762   -0.73913   -0.55344    0.23404    0.99662   21.00000
  -0.93157   -0.99983    0.60000   -1.00000   -1.00000   -0.84774    0.65319   -0.40062   -0.17817   -0.73913   -0.74046   -0.61702    0.98654   50.00000
  -0.51104   -0.99918   -0.44000    0.06892   -1.00000   -0.67490    0.03008    0.53244   -0.54798   -0.73913   -0.68321    0.19149    1.00000   20.60000
  -0.39625   -0.90435   -1.00000    0.29326   -1.00000    0.58436   -0.02242    0.61483   -0.74911    1.00000    0.82824    0.61702    0.96893   22.60000
  -0.43488   -0.99786   -1.00000   -0.09311   -1.00000   -0.78601    0.04158    0.47477   -0.46847   -0.65217   -0.19466    0.29787    0.88280   20.00000
  -0.26656   -0.92068   -1.00000    0.40176    1.00000    1.00000   -0.00709    0.64161   -0.88799   -0.65217   -0.17557   -0.55319   -0.55777   15.60000
  -0.83609   -0.99933    0.60000   -0.67082   -1.00000   -0.89300    0.17609   -0.57776   -0.27487   -0.73913   -0.77863    0.40426    1.00000   27.90000
  -0.80353   -0.99922   -0.50000   -0.67742   -1.00000   -0.83128    0.21326   -0.36972   -0.22322   -0.73913   -0.64122    0.36170    1.00000   28.00000
  -0.62969   -0.99854   -1.00000   -0.70454   -1.00000   -0.73663   -0.01897    0.11020   -0.52387   -0.82609   -0.77099    0.25532    0.99118   22.20000
  -0.34547   -0.99386   -1.00000   -0.32331   -1.00000   -0.17696   -0.09370   -0.18229   -0.77228   -0.56522   -0.22137    0.40426    1.00000   24.50000
  -0.22848   -0.99803   -0.75000   -0.45674   -1.00000   -0.42798   -0.10787   -0.25644   -0.21409   -0.65217   -0.52672   -0.44681    0.96772   21.70000
  -0.12417   -0.79821   -1.00000    0.29326    1.00000    0.58436    0.01590    0.94645   -0.81948    1.00000    0.82824    0.61702    0.90332   17.80000
  -0.22958   -0.72483   -1.00000    0.29326   -1.00000   -0.18107   -0.12780    0.16993   -0.84214    1.00000    0.82824    0.61702   -0.87730   10.20000
  -0.66225   -0.99994    0.80000   -0.81598   -1.00000   -0.93827    0.35160   -0.63131    0.12353   -1.00000   -0.62595   -0.42553    0.98901   32.20000
  -0.84216   -0.97264   -1.00000    0.40176   -1.00000   -0.09465    0.29603    0.94645   -0.86402   -0.65217   -0.17557   -0.55319    0.83121   41.30000
  -0.07671   -0.98790   -1.00000    0.57111   -1.00000   -0.01646   -0.00747    0.95675   -0.90195   -0.73913   -0.04580    0.82979    1.00000   17.80000
  -0.93101   -0.99798   -0.20000   -0.56378   -1.00000   -0.74486    0.26193   -0.17817   -0.42935   -0.73913   -0.74428    0.06383    1.00000   32.00000
  -0.52870   -0.99818   -1.00000   -0.09311   -1.00000   -0.78601   -0.01169   -0.11638   -0.46150   -0.65217   -0.19466    0.29787    0.94987   20.80000
  -0.89128   -0.95495   -1.00000    0.40176   -1.00000   -0.09465    0.67388    0.92173   -0.83335   -0.65217   -0.17557   -0.55319    0.86081   50.00000
  -0.22130   -0.99697   -1.00000   -0.01320   -1.00000   -0.78601   -0.14581    0.13491   -0.05602   -0.73913   -0.61069   -0.27660    1.00000   20.30000
  -0.53311   -0.91746   -1.00000    0.29326   -1.00000    0.58436   -0.30983    0.92173   -0.82286    1.00000    0.82824    0.61702    0.91875   20.80000
  -0.41446   -0.99887   -1.00000   -0.09311   -1.00000   -0.78601    0.02357    0.04634   -0.29353   -0.65217   -0.19466    0.29787    0.94705   21.20000
  -0.30243   -0.99859   -1.00000    0.84677   -1.00000   -0.19342   -0.11516    0.37590   -0.79483   -0.91304   -0.99618    0.38298    0.96092   22.00000
  -0.26214   -0.99615   -1.00000   -0.32331   -1.00000   -0.17696   -0.23050    0.45417   -0.76897   -0.56522   -0.22137    0.40426    0.99430   17.50000
  -0.43433   -0.97761   -1.00000   -0.43695   -1.00000   -0.37037    0.19295    0.73841   -0.43449   -0.73913   -0.54199    0.78723    0.91593   21.00000
  -0.25828   -0.80581   -1.00000    0.29326   -1.00000    0.26749    0.00862    0.84758   -0.87967    1.00000    0.82824    0.61702    1.00000   13.80000
  -0.65121   -0.99007   -1.00000   -0.57918    1.00000   -0.49794    0.21288    0.30999   -0.54127   -0.39130   -0.54199    0.02128    0.81492   29.00000
  -0.45309   -0.94973   -1.00000    0.40176   -1.00000   -0.09465   -0.12129    0.83110   -0.76495   -0.65217   -0.17557   -0.55319    0.99097   22.70000
   0.41556   -0.06659   -1.00000    0.29326   -1.00000    0.26749   -0.24507    0.69928   -0.91310    1.00000    0.82824    0.61702    0.65989    8.50000
  -0.72130   -0.99837   -1.00000   -0.09311   -1.00000   -0.78601    0.03928   -0.93615   -0.43222   -0.65217   -0.19466    0.29787    0.99001   24.10000
  -0.35982   -0.69617   -1.00000    0.29326   -1.00000    0.01235   -0.88427    1.00000   -0.93071    1.00000    0.82824    0.61702   -0.33885   23.10000
  -0.53642   -0.99621   -1.00000   -0.59677   -1.00000   -0.53086   -0.07837   -0.43769   -0.50573   -0.65217   -0.64886    0.40426    0.98250   24.70000
  -0.93709   -0.99819   -0.10000   -0.78153   -1.00000   -0.78601    0.38609   -0.51802   -0.02696   -0.65217   -0.19466   -0.44681    0.96767   36.40000
  -0.37804   -0.99772   -1.00000   -0.40616   -1.00000   -0.44444    0.00939    0.06076   -0.70024   -0.65217   -0.24809    0.76596    0.98280   21.70000
  -0.48289   -0.94843   -1.00000    0.40176   -1.00000   -0.09465    0.05691    0.91967   -0.82351   -0.65217   -0.17557   -0.55319    0.49665   23.80000
  -0.82119   -0.99869    0.40000   -0.86950   -1.00000   -0.93827    0.06687   -0.64573    0.21820   -0.65217   -0.34733   -0.53191    0.85546   22.50000
  -0.08278   -0.97425   -1.00000   -0.43695   -1.00000   -0.37037   -0.17992    0.89701   -0.51666   -0.73913   -0.54199    0.78723    0.80771   13.10000
  -0.72461   -0.99932   -0.50000   -0.67742   -1.00000   -0.83128    0.05039   -0.39650   -0.22322   -0.73913   -0.64122    0.36170    1.00000   24.80000
  -0.87748   -0.99982    1.00000   -0.93695   -1.00000   -0.89300    0.24737   -0.22554    0.30859   -0.65217   -0.73664   -0.46809    0.97983   31.60000
   0.94536    0.02821   -1.00000    0.29326   -1.00000    0.26749   -0.63288    1.00000   -0.90386    1.00000    0.82824    0.61702   -0.55646    7.00000
  -0.74945   -0.99723   -1.00000   -0.01320   -1.00000   -0.78601    0.19448   -0.41916   -0.12143   -0.73913   -0.61069   -0.27660    1.00000   28.60000
   0.50773   -0.59361   -1.00000    0.29326   -1.00000    0.20988    0.10098    1.00000   -0.87176    1.00000    0.82824    0.61702   -0.86419    7.20000
   0.02594   -0.68012   -1.00000    0.29326   -1.00000    0.26749    0.06610    1.00000   -0.91916    1.00000    0.82824    0.61702    1.00000    7.20000
  -0.68488   -0.98714   -0.60000   -0.74267   -1.00000   -0.21811    0.81491    0.32029   -0.76502   -0.65217   -0.70611   -0.91489    0.93767   50.00000
  -0.77483   -0.99696   -1.00000   -0.52713   -1.00000   -0.74074   -0.00057   -0.92379   -0.16498   -0.82609   -0.82443    0.12766    0.93177   25.30000
  -0.46192   -0.88321   -1.00000    0.29326    1.00000    0.58436   -0.01667    0.65808   -0.71026    1.00000    0.82824    0.61702    0.99259   22.70000
  -0.83775   -0.99934    0.60000   -0.78666   -1.00000   -0.94650    0.04579   -0.69310   -0.00301   -0.73913   -0.42748   -0.25532    1.00000   23.50000
  -0.25828   -0.68738   -1.00000    0.29326   -1.00000    0.34979    0.01437    0.89701   -0.80129    1.00000    0.82824    0.61702   -0.49412   11.70000
   0.60486   -0.62222   -1.00000    0.29326   -1.00000    0.29630   -0.34240    0.96086   -0.94608    1.00000    0.82824    0.61702    1.00000    7.20000
  -0.52042   -0.93679   -1.00000    0.29326   -1.00000   -0.39506   -0.15654   -0.22966   -0.46008    1.00000    0.82824    0.61702    0.97993   21.80000
  -0.26104   -0.96836   -1.00000    0.40176    1.00000    1.00000   -0.01590    0.91761   -0.88728   -0.65217   -0.17557   -0.55319    0.61733   17.00000
   0.22792   -0.99170   -1.00000   -0.25733    1.00000   -0.57202   -0.29373    0.76519   -0.53889   -0.73913   -0.65649    0.27660    0.99163   19.30000
  -0.33223   -0.98099   -1.00000   -0.43695   -1.00000   -0.37037   -0.07875    0.77755   -0.47573   -0.73913   -0.54199    0.78723    0.97796   19.60000
  -0.06567   -0.99629   -1.00000   -0.40616   -1.00000   -0.44444   -0.12818    0.83316   -0.80333   -0.65217   -0.24809    0.76596    0.99380   19.50000
  -0.66556   -0.89804   -1.00000    0.29326   -1.00000    0.58436    0.08718    0.75283   -0.74746    1.00000    0.82824    0.61702    0.88734   25.00000
  -0.80353   -0.92204   -1.00000    0.29326    1.00000    0.37037    1.00000    0.64779   -0.85903    1.00000    0.82824    0.61702    0.78642   21.90000
  -0.86700   -0.99305   -1.00000   -0.57918   -1.00000   -0.51029    0.80303    0.55304   -0.67904   -0.39130   -0.54199    0.02128    0.94024   44.80000
  -0.34437   -0.99689   -1.00000   -0.29985   -1.00000   -0.33333   -0.16842    0.28321   -0.70363   -0.56522   -0.06489    0.10638    0.97277   19.30000
  -0.52152   -0.99830   -1.00000   -0.01320   -1.00000   -0.78601   -0.06189   -0.18847   -0.20467   -0.73913   -0.61069   -0.27660    1.00000   21.70000
  -0.38245   -0.99477   -1.00000   -0.32331   -1.00000   -0.17696   -0.05806    0.28527   -0.76730   -0.56522   -0.22137    0.40426    1.00000   21.20000
  -0.64846   -0.99884   -0.75000   -0.58871   -1.00000   -0.90124   -0.11209   -0.61895   -0.02365   -0.73913   -0.39695    0.34043    0.99652   22.00000
   0.15177   -0.97472   -1.00000   -0.43695   -1.00000   -0.37037   -0.17532    0.87848   -0.43559   -0.73913   -0.54199    0.78723    0.81477   12.70000
  -0.46965   -0.99756   -1.00000   -0.82185   -1.00000   -0.75309   -0.00287    0.37384   -0.56977   -0.91304   -0.66031    0.14894    0.97443   21.40000
  -0.28422   -0.84725   -1.00000    0.29326   -1.00000    0.34979   -0.03430    0.67868   -0.71121    1.00000    0.82824    0.61702    1.00000   20.00000
  -0.14183   -0.97866   -1.00000   -0.43695   -1.00000   -0.37037   -0.04733    0.76931   -0.39550   -0.73913   -0.54199    0.78723    0.54350   14.80000
  -0.81402   -0.99810   -0.10000   -0.78153   -1.00000   -0.78601    0.29910   -0.61689   -0.02696   -0.65217   -0.19466   -0.44681    0.90307   37.00000
  -0.64846   -0.98778   -0.60000   -0.74267   -1.00000    0.07819    0.39682    0.82698   -0.85441   -0.65217   -0.70611   -0.91489    0.95456   36.50000
  -0.59327   -0.99826   -1.00000   -0.09311   -1.00000   -0.78601   -0.11362   -0.30587   -0.38655   -0.65217   -0.19466    0.29787    0.99576   20.30000
  -0.35927   -0.94667   -1.00000    0.29326   -1.00000   -0.18518   -0.11477   -0.19670   -0.52816    1.00000    0.82824    0.61702    0.86802   20.60000
  -0.53201   -0.99629   -1.00000   -0.52713   -1.00000   -0.74074   -0.18720   -0.36354   -0.27783   -0.82609   -0.82443    0.12766    1.00000   19.30000
  -0.68488   -0.99656   -1.00000   -0.52713   -1.00000   -0.74074    0.01552   -0.92585   -0.16498   -0.82609   -0.82443    0.12766    0.98770   24.70000
  -0.80132   -0.99859   -1.00000   -0.87390   -1.00000   -0.69959    0.37421    0.05664   -0.10291   -0.82609   -0.86641    0.29787    1.00000   36.20000
  -0.84713   -0.99976    0.80000   -0.88563   -1.00000   -0.89712    0.21364   -0.31617    1.00000   -0.65217   -1.00000   -0.06383    0.93726   30.10000
  -0.91170   -0.99935    0.60000   -0.67082   -1.00000   -0.89300    0.26461   -0.48507   -0.27487   -0.73913   -0.77863    0.40426    1.00000   28.50000
   0.30684   -0.99676   -1.00000    0.84677   -1.00000   -0.19342   -0.12052    0.93821   -0.85181   -0.91304   -0.99618    0.38298    0.86590   17.30000
  -0.59437   -0.99912   -1.00000   -0.15909   -1.00000   -0.22634   -0.01935    0.52008   -0.78941   -1.00000   -0.67176    0.78723    1.00000   20.60000
  -0.36258   -0.96651   -1.00000    0.40176   -1.00000    1.00000   -0.29373    1.00000   -0.91598   -0.65217   -0.17557   -0.55319    0.72112   19.60000
  -0.83388   -0.99889    0.40000   -0.86950   -1.00000   -0.93827    0.33359   -0.85376    0.21820   -0.65217   -0.34733   -0.53191    0.87231   29.00000
  -0.41887   -0.97332   -1.00000    0.57111   -1.00000   -0.01646    0.05959    0.95263   -0.79241   -0.73913   -0.04580    0.82979    1.00000   19.60000
  -0.84492   -0.98906   -1.00000   -0.30792   -1.00000   -0.34568    0.17800    0.63955   -0.60209   -0.73913   -0.55344    0.23404    1.00000   22.80000
  -0.50883   -0.99500   -1.00000   -0.40616   -1.00000   -0.44444    0.08986    0.69928   -0.71172   -0.65217   -0.24809    0.76596   -0.64456   18.60000
  -0.15177   -0.99632   -0.75000   -0.45674   -1.00000   -0.42798   -0.06381    0.70958   -0.00654   -0.65217   -0.52672   -0.44681    0.94861   18.90000
  -0.46744   -0.99760   -0.40000   -0.67229   -1.00000   -0.82305    0.27841    0.05870   -0.05310   -0.56522   -0.56870   -0.14894    0.97151   22.00000
  -0.70144   -0.99927    0.05000   -0.64370   -1.00000   -0.91770    0.01475   -0.41504    0.12534   -0.56522   -0.59542   -0.14894    1.00000   23.20000
  -0.13300   -0.84913   -1.00000    0.29326   -1.00000    0.34979    0.22169    0.84758   -0.78285    1.00000    0.82824    0.61702   -1.00000   13.40000
  -0.17991   -0.87277   -1.00000    0.29326   -1.00000    0.46091    0.01859    1.00000   -0.84083    1.00000    0.82824    0.61702    0.99390   18.40000
  -0.81512   -0.99583   -1.00000   -0.49267   -1.00000   -0.55556    0.09983   -0.75695   -0.22045   -0.65217   -0.61832    0.48936    0.98376   24.60000
  -0.92108   -0.98799   -0.60000   -0.74267   -1.00000   -0.21811    0.49799    0.02369   -0.68311   -0.65217   -0.70611   -0.91489    0.96671   43.50000
  -0.67991   -0.99903   -0.34000   -0.87390   -1.00000   -0.64197    0.26001    0.38826   -0.62660   -0.47826   -0.86641    0.23404    1.00000   28.20000
  -0.00442   -0.44261   -1.00000    0.29326   -1.00000    0.26749   -0.31481    0.91761   -0.89575    1.00000    0.82824    0.61702    1.00000    8.30000
  -0.78808   -0.99775    0.60000   -0.89370   -1.00000   -0.88477   -0.08986   -0.65808    0.71978   -0.73913   -0.43893    1.00000    0.89480   20.60000
  -0.82781   -0.99541   -0.60000   -0.78959   -1.00000   -0.76173    0.24583   -0.39650   -0.45965   -0.65217   -0.88931   -0.51064    1.00000   35.10000
  -0.84989   -0.99888   -1.00000   -0.85337   -1.00000   -0.57613    0.63633    0.04428   -0.62360   -0.82609   -0.97710    0.10638    0.97847   50.00000
  -0.10044   -0.77011   -1.00000    0.29326   -1.00000   -0.05761    0.00556    0.93203   -0.81069    1.00000    0.82824    0.61702    0.91326   14.60000
  -0.63962   -0.98599   -1.00000   -0.43695   -1.00000   -0.37037   -0.08488    0.21318   -0.34929   -0.73913   -0.54199    0.78723    1.00000   20.40000
  -0.73013   -0.99930    0.60000   -0.92229   -1.00000   -0.92181    0.42288   -0.27086    0.12384   -0.91304   -0.45801   -1.00000    0.97630   34.60000
   0.23344   -0.79021   -1.00000    0.29326   -1.00000    0.20988    0.08028    0.90937   -0.84748    1.00000    0.82824    0.61702   -0.69540    9.50000
  -0.52759   -0.86929   -1.00000    0.29326   -1.00000    0.34979    0.13125    0.79197   -0.69591    1.00000    0.82824    0.61702    0.98447   20.20000
