  -1.00000   -0.50000    1.00000    1.00000   -1.00000    0.00000    0.00000   -1.00000   -0.33250   -0.60000   -0.20000   -0.20000   -1.00000   -1.00000    0.00000    0.00000   -1.00000    0.00000   -0.60000   -0.33250   -1.00000   -1.00000   -1.00000   -1.00000   -1.00000    0.00000   -1.00000    0.66500
  -1.00000    0.00000   -0.60000   -1.00000   -1.00000   -1.00000   -1.00000    0.00000   -1.00000    0.20000   -0.60000   -1.00000   -1.00000   -1.00000   -1.00000   -1.00000   -1.00000   -1.00000   -1.00000   -0.33250   -1.00000   -1.00000   -1.00000   -1.00000   -1.00000    0.00000   -1.00000    0.64600
  -1.00000    1.00000   -0.20000   -1.00000   -1.00000   -1.00000   -1.00000    1.00000   -1.00000    0.20000   -0.20000   -0.20000   -1.00000    0.00000    0.00000    0.00000   -1.00000    0.00000   -0.60000   -0.33250   -1.00000   -1.00000   -1.00000   -1.00000   -1.00000    0.00000   -1.00000    0.63900
  -1.00000   -1.00000   -1.00000   -1.00000   -1.00000   -1.00000   -1.00000   -1.00000   -1.00000   -1.00000   -0.20000    0.20000    0.00000   -1.00000    0.00000    0.00000   -1.00000    0.00000   -0.60000   -0.33250   -1.00000   -1.00000   -1.00000   -1.00000   -1.00000    0.00000   -1.00000    0.62800
  -1.00000   -0.50000    0.20000    0.00000   -1.00000    1.00000    0.00000   -1.00000   -0.33250   -0.60000   -0.20000    0.20000    0.00000   -1.00000    1.00000    0.00000   -1.00000    0.00000   -0.60000   -0.33250   -1.00000   -1.00000   -1.00000   -1.00000   -1.00000    0.00000   -1.00000    0.67400
  -0.33250   -0.50000   -0.20000   -1.00000   -1.00000    0.00000    0.00000   -1.00000   -0.33250   -0.60000   -0.20000    0.60000   -0.50000   -1.00000    0.00000    0.00000   -1.00000    0.00000   -0.60000    0.33250    0.33250   -1.00000   -1.00000    0.00000    0.00000    0.00000   -0.33250    0.83800
  -1.00000   -1.00000   -1.00000   -1.00000   -1.00000   -1.00000   -1.00000   -1.00000   -1.00000   -1.00000    0.20000   -0.60000   -1.00000   -1.00000   -1.00000    0.00000   -1.00000    0.00000    0.20000   -0.33250   -1.00000   -1.00000   -1.00000   -1.00000   -1.00000    0.00000   -1.00000    0.56800
  -1.00000   -1.00000   -1.00000   -1.00000   -1.00000   -1.00000   -1.00000   -1.00000   -1.00000   -1.00000    0.60000    0.20000   -0.75000   -1.00000   -1.00000   -1.00000    0.00000    1.00000   -0.20000   -0.33250   -1.00000   -1.00000   -1.00000   -1.00000   -1.00000    0.00000   -1.00000    0.58900
  -0.33250   -0.50000   -0.60000   -1.00000   -1.00000   -1.00000    0.00000   -1.00000    1.00000   -0.60000   -0.20000   -0.20000   -1.00000   -1.00000    0.00000    0.00000   -1.00000    0.00000   -0.60000    0.33250   -0.33250   -1.00000   -1.00000   -1.00000    0.00000    0.00000    1.00000    0.89300
  -1.00000   -1.00000   -0.60000   -1.00000   -1.00000   -1.00000   -1.00000   -1.00000   -0.33250   -1.00000   -0.60000   -1.00000   -1.00000   -1.00000   -1.00000   -1.00000   -1.00000   -1.00000   -1.00000   -0.33250   -1.00000   -1.00000   -1.00000   -1.00000   -1.00000    0.00000   -1.00000    0.60200
  -0.33250   -0.50000   -0.20000   -1.00000   -1.00000    0.00000    0.00000   -1.00000   -0.33250   -0.60000   -0.20000    1.00000    1.00000   -1.00000    0.00000    0.00000   -1.00000    0.00000   -0.60000    0.33250    0.33250   -1.00000   -1.00000    0.00000    0.00000    0.00000   -0.33250    0.76300
  -1.00000   -1.00000    0.60000    0.50000   -1.00000    0.00000   -1.00000   -1.00000   -0.33250   -1.00000   -0.60000   -1.00000   -1.00000   -1.00000   -1.00000   -1.00000   -1.00000   -1.00000   -1.00000   -0.33250   -1.00000   -1.00000   -1.00000   -1.00000   -1.00000    0.00000   -1.00000    0.58200
  -1.00000    0.00000   -0.60000   -1.00000   -1.00000   -1.00000    0.00000   -1.00000   -0.33250    0.20000   -0.20000   -0.60000   -1.00000    1.00000   -1.00000    1.00000   -1.00000   -1.00000   -0.60000   -0.33250   -0.33250   -1.00000   -1.00000   -1.00000   -1.00000    0.00000   -0.33250    0.90000
  -0.33250   -0.50000   -0.20000   -1.00000   -1.00000    0.00000    0.00000   -1.00000   -0.33250   -0.60000   -0.20000    0.20000    0.00000   -1.00000    1.00000    0.00000   -1.00000    0.00000   -0.60000    0.33250    0.33250   -1.00000   -1.00000    0.00000    0.00000    0.00000   -0.33250    0.82900
  -1.00000   -0.50000    0.20000    0.00000   -1.00000    0.00000    0.00000   -1.00000   -0.33250   -0.60000   -0.60000   -1.00000   -1.00000   -1.00000   -1.00000   -1.00000   -1.00000   -1.00000   -1.00000   -0.33250   -1.00000   -1.00000   -1.00000   -1.00000   -1.00000    0.00000   -1.00000    0.61900
  -1.00000   -0.50000   -0.20000   -0.50000    1.00000    1.00000   -1.00000   -1.00000   -0.33250   -1.00000   -0.60000   -1.00000   -1.00000   -1.00000   -1.00000   -1.00000   -1.00000   -1.00000   -1.00000   -0.33250   -1.00000   -1.00000   -1.00000   -1.00000   -1.00000    0.00000   -1.00000    0.54500
  -1.00000    0.00000   -0.60000   -1.00000   -1.00000   -1.00000   -1.00000    0.00000   -1.00000    0.20000   -0.20000   -0.20000   -1.00000   -1.00000    0.00000    0.00000   -1.00000    0.00000   -0.60000   -0.33250   -1.00000   -1.00000   -1.00000   -1.00000   -1.00000    0.00000   -1.00000    0.73800
  -1.00000   -0.50000    0.60000   -0.25000   -1.00000    0.00000    0.00000   -1.00000   -0.33250   -0.60000   -0.60000   -1.00000   -1.00000   -1.00000   -1.00000   -1.00000   -1.00000   -1.00000   -1.00000   -1.00000   -1.00000   -1.00000   -1.00000   -1.00000   -1.00000    0.00000   -1.00000    0.70000
  -0.33250   -0.50000   -0.20000   -1.00000   -1.00000    0.00000    0.00000   -1.00000   -0.33250   -0.60000   -0.60000   -0.20000   -1.00000   -1.00000    0.00000    1.00000   -1.00000    0.00000   -0.60000    0.33250    0.33250   -1.00000   -1.00000    0.00000    0.00000    0.00000   -0.33250    0.74100
  -1.00000   -0.50000    0.60000   -0.50000   -1.00000    0.00000    0.00000   -1.00000   -0.33250   -0.60000   -0.20000   -0.20000   -1.00000   -1.00000    0.00000    0.00000   -1.00000    0.00000   -0.60000   -0.33250   -1.00000   -1.00000   -1.00000   -1.00000   -1.00000    0.00000   -1.00000    0.73400
  -1.00000   -1.00000   -1.00000   -1.00000   -1.00000   -1.00000   -1.00000   -1.00000   -1.00000   -1.00000    1.00000   -0.20000   -1.00000   -1.00000   -1.00000   -1.00000    1.00000   -1.00000    0.20000   -0.33250   -1.00000   -1.00000   -1.00000   -1.00000   -1.00000    0.00000   -1.00000    0.53400
  -1.00000   -1.00000   -1.00000   -1.00000   -1.00000   -1.00000   -1.00000   -1.00000   -1.00000   -1.00000   -0.60000   -0.60000   -1.00000   -1.00000   -1.00000   -1.00000   -1.00000    0.00000   -1.00000   -0.33250   -1.00000   -1.00000   -1.00000   -1.00000   -1.00000    0.00000   -1.00000    0.57200
  -1.00000   -1.00000   -1.00000   -1.00000   -1.00000   -1.00000   -1.00000   -1.00000   -1.00000   -1.00000   -0.20000   -0.20000   -1.00000   -1.00000    0.00000    0.00000   -1.00000    0.00000   -0.60000   -0.33250   -1.00000   -1.00000   -1.00000   -1.00000   -1.00000    0.00000   -1.00000    0.61900
  -1.00000   -1.00000   -1.00000   -1.00000   -1.00000   -1.00000   -1.00000   -1.00000   -1.00000   -1.00000   -1.00000   -1.00000   -1.00000   -1.00000   -1.00000   -1.00000   -1.00000   -1.00000   -1.00000   -0.33250   -1.00000   -1.00000   -1.00000   -1.00000   -1.00000    0.00000   -1.00000    0.63400
  -1.00000    0.00000   -0.60000   -1.00000    1.00000    1.00000    1.00000   -1.00000   -0.33250   -0.20000    0.20000   -0.60000   -1.00000    1.00000    1.00000    1.00000   -1.00000    0.00000   -0.20000   -0.33250   -1.00000   -1.00000   -1.00000   -1.00000   -1.00000    0.00000   -1.00000    0.56900
  -0.33250   -0.50000   -0.20000   -1.00000   -1.00000    0.00000    0.00000   -1.00000   -0.33250   -0.60000   -0.20000    1.00000    0.50000   -1.00000    0.00000    0.00000   -1.00000    0.00000   -0.60000    0.33250    0.33250   -1.00000   -1.00000    0.00000    0.00000    0.00000   -0.33250    0.76300
  -1.00000   -1.00000   -1.00000   -1.00000   -1.00000   -1.00000   -1.00000   -1.00000   -1.00000   -1.00000   -0.20000    1.00000    0.50000   -1.00000    0.00000    0.00000   -1.00000    0.00000   -0.60000   -0.33250   -1.00000   -1.00000   -1.00000   -1.00000   -1.00000    0.00000   -1.00000    0.51600
  -1.00000   -0.50000   -0.20000   -1.00000   -1.00000    0.00000    0.00000   -1.00000   -0.33250   -0.60000   -0.20000   -0.20000   -1.00000   -1.00000    0.00000    0.00000   -1.00000    0.00000   -0.60000   -0.33250   -1.00000   -1.00000   -1.00000   -1.00000   -1.00000    0.00000   -1.00000    0.74200
  -1.00000    0.00000   -0.60000   -1.00000    1.00000    1.00000    1.00000   -1.00000   -0.33250   -0.20000   -0.60000   -1.00000   -1.00000   -1.00000   -1.00000   -1.00000   -1.00000   -1.00000   -1.00000   -0.33250   -1.00000   -1.00000   -1.00000   -1.00000   -1.00000    0.00000   -1.00000    0.57100
  -1.00000   -1.00000   -0.60000   -1.00000   -1.00000   -1.00000   -1.00000   -1.00000   -0.33250   -1.00000    0.20000   -0.60000   -1.00000    1.00000    1.00000    1.00000   -1.00000    0.00000   -0.20000   -0.33250   -0.33250   -1.00000   -1.00000   -1.00000   -1.00000    0.00000   -0.33250    0.72000
  -1.00000   -0.50000   -0.20000   -1.00000   -1.00000    0.00000    0.00000   -1.00000   -0.33250   -0.60000   -0.20000    0.20000    0.00000   -1.00000    1.00000    0.00000   -1.00000    0.00000   -0.60000   -0.33250   -1.00000   -1.00000   -1.00000   -1.00000   -1.00000    0.00000   -1.00000    0.74900
  -1.00000   -1.00000   -1.00000   -1.00000   -1.00000   -1.00000   -1.00000   -1.00000   -1.00000   -1.00000   -0.60000   -1.00000   -1.00000   -1.00000   -1.00000   -1.00000   -1.00000   -1.00000   -1.00000   -0.33250   -1.00000   -1.00000   -1.00000   -1.00000   -1.00000    0.00000   -1.00000    0.53100
  -1.00000   -0.50000    0.20000   -0.75000    0.00000    1.00000    0.00000   -1.00000   -1.00000   -0.60000   -0.60000   -1.00000   -1.00000   -1.00000   -1.00000   -1.00000   -1.00000   -1.00000   -1.00000   -0.33250   -1.00000   -1.00000   -1.00000   -1.00000   -1.00000    0.00000   -1.00000    0.58400
  -1.00000   -0.50000   -0.20000   -1.00000   -1.00000    0.00000    0.00000   -1.00000   -0.33250   -0.60000   -0.60000   -1.00000   -1.00000   -1.00000   -1.00000   -1.00000   -1.00000   -1.00000   -1.00000   -0.33250   -1.00000   -1.00000   -1.00000   -1.00000   -1.00000    0.00000   -1.00000    0.63400
  -1.00000   -1.00000   -0.60000   -1.00000   -1.00000   -1.00000   -1.00000   -1.00000   -0.33250   -1.00000   -0.20000   -0.20000   -1.00000   -1.00000    0.00000    0.00000   -1.00000    0.00000   -0.60000   -0.33250   -0.33250   -1.00000   -1.00000   -1.00000   -1.00000    0.00000   -0.33250    0.74500
