   1.56900    3.52600    0.71100    1.58600    0.00000    3.00000    3.66000
   2.11000    4.20500    1.51200    1.04600    0.00000    2.00000    5.00200
   2.51000    3.25200    0.22300    1.07700    0.00000    0.00000    4.22000
   2.27400    3.74000    0.13400    1.58100    0.00000    0.00000    4.39600
   0.09400    1.35900    0.13400    1.13000    1.00000    0.00000    3.47000
   1.24600    2.88800    0.25100    0.94400    0.00000    0.00000    1.93500
   2.21200    2.02500    0.93200    0.85100    1.00000    0.00000    4.67200
   4.59400    2.08600    1.68500    0.39600    0.00000    0.00000    6.72000
   1.71700    2.81900    0.73200    1.48300    0.00000    0.00000    2.94100
   5.12400    2.93100    1.71000    0.93500    2.00000    2.00000    7.01700
  -0.78600    1.25100    0.25100    1.12600    0.00000    0.00000    5.07200
   2.23900    2.37700    0.82700    0.93800    0.00000    0.00000    3.91000
   1.99600    3.04900    0.76200    1.25800    0.00000    2.00000    4.36900
   1.69700    2.64100    0.49600    1.07700    0.00000    1.00000    3.53700
   2.79100    3.40100    0.73200    1.18500    0.00000    1.00000    3.52900
   1.70100    2.50800    0.58000    0.94100    0.00000    0.00000    3.79900
   3.54600    4.27800    0.40500    1.34500    0.00000    0.00000    4.66800
   3.21300    2.62400    1.62100    1.50200    0.00000    0.00000    6.31400
  -0.93700    3.15500    0.63800    2.12800    0.00000    0.00000    1.10200
   2.29400    4.25500    1.69500    1.08700    0.00000    0.00000    4.47500
   2.60400    3.27700    0.48600    1.34300    0.00000    0.00000    3.73600
   2.22300    3.06700    1.28600    1.30900    0.00000    0.00000    5.31800
   1.58700    2.87500    0.58200    2.31100    0.00000    0.00000    3.07500
   2.12700    2.21600    0.58200    0.83900    0.00000    0.00000    4.35300
   0.73600    2.80100    0.72800    2.22600    0.00000    2.00000    3.10900
   2.68900    2.01900    1.31700    1.28800    0.00000    0.00000    4.36800
   3.28900    3.64100    0.40500    1.53100    0.00000    1.00000    3.18200
   3.90900    2.08600    1.50100    0.76600    0.00000    0.00000    6.09300
   3.88700    3.69000    0.22300    0.88300    0.00000    0.00000    6.64400
   2.20900    3.55700    0.33100    1.30100    2.00000    1.00000    4.71100
   3.25900    3.40700    0.00000    1.11100    0.00000    0.00000    4.19200
   2.12700    2.21600    0.58200    0.83900    0.00000    0.00000    3.97900
   2.52600    2.71000    0.93000    0.72400    0.00000    0.00000    4.83800
   4.63900    4.53200    0.40500    1.18900    2.00000    3.00000    5.10400
   2.94200    3.17900    0.00000    1.06300    0.00000    0.00000    3.82200
   2.42000    3.08700    0.22300    0.96000    1.00000    0.00000    3.97900
   3.16700    3.67500    1.71800    1.24800    0.00000    0.00000    4.13600
   0.82800    2.22200    0.71100    0.84900    0.00000    0.00000    3.64100
   3.11000    2.95000    1.77200    1.35100    0.00000    4.00000    5.38300
   0.20200    1.81800    0.13400    1.44500    0.00000    0.00000    1.55900
   2.48100    2.07900    0.98800    0.83600    0.00000    1.00000    2.60800
   1.11200    2.28300    1.07000    1.22300    0.00000    0.00000    4.27800
   3.11500    2.57200    1.83400    1.35000    0.00000    2.00000    8.47100
  -1.05300    1.96800    0.33100    1.89100    0.00000    0.00000    1.47000
   4.41600    3.25200    0.49900    0.83200    0.00000    0.00000    4.38400
   1.57900    3.38000    0.70200    1.52700    0.00000    1.00000    3.84100
   2.57300    2.16400    1.43700    1.22700    0.00000    2.00000    6.20700
   0.65500    2.13700    0.22300    1.17900    0.00000    0.00000    3.84100
   0.84600    2.51200    0.13400    1.29300    0.00000    0.00000    2.01600
   2.27400    3.66900    0.22300    1.77800    0.00000    0.00000    3.60400
   1.45900    3.43200    0.63800    1.38500    0.00000    1.00000    5.33900
   4.57900    4.03100    1.11300    1.10600    1.00000    2.00000    7.64000
  -0.14500    1.96500    0.40500    1.16900    1.00000    0.00000    3.66000
   1.49000    2.77800    0.40500    1.17000    1.00000    0.00000    2.93000
   2.00500    2.25200    1.07500    0.88500    0.00000    0.00000    5.30300
   3.30500    3.38000    1.74900    1.13500    0.00000    1.00000    4.95100
   2.70200    3.09800    0.93000    1.07500    0.00000    0.00000    6.23600
   2.22200    3.19500    0.49600    1.13300    0.00000    1.00000    4.44600
   2.72300    3.31500    0.22300    1.10000    1.00000    0.00000    4.35000
   3.04600    2.30900    0.90700    0.87100    0.00000    0.00000    3.78200
   1.24600    2.09200    1.35900    2.27300    1.00000    1.00000    4.79600
   1.94000    2.42300    0.94900    1.15000    0.00000    0.00000    2.44000
   1.44200    3.08000    0.22300    1.58300    0.00000    1.00000    2.36900
   0.43500    0.96500    0.73200    1.35900    0.00000    1.00000    3.48100
   3.94800    3.24900    2.07100    1.32700    0.00000    0.00000    6.44600
   2.40200    3.45200    0.33100    1.47600    1.00000    0.00000    3.87000
   1.94000    3.48500    0.22300    1.61400    0.00000    0.00000    3.50700
   3.35800    3.70000    0.22300    1.55600    0.00000    1.00000    3.97100
   0.20200    2.02600    0.22300    1.66700    1.00000    0.00000    2.65000
   4.90700    4.53600    0.22300    1.29000    0.00000    0.00000    6.63400
   1.44200    3.08000    0.22300    1.46200    2.00000    0.00000    2.49400
   1.37300    3.02600    0.40500    1.78700    0.00000    1.00000    3.81000
   0.02400    1.07500    1.16100    0.86500    0.00000    1.00000    5.38600
   4.45300    4.44300    0.25100    1.28700    4.00000    3.00000    6.48300
   1.61900    3.08000    0.40500    1.60900    0.00000    2.00000    3.52800
  -1.16900    2.81700    1.01200    1.52100    0.00000    3.00000    2.06900
   2.24100    2.43000    0.49600    0.94600    0.00000    0.00000    3.44100
   3.61700    1.96200    1.34500    0.78300    0.00000    0.00000    5.35200
   1.06400    2.80200    0.22300    1.60000    0.00000    1.00000    1.74800
   2.02600    2.21900    0.60400    1.53700    0.00000    0.00000    3.26200
   1.97400    2.73900    0.00000    1.30000    1.00000    1.00000    2.95300
   1.37300    3.02600    0.40500    1.78700    0.00000    1.00000    2.55100
   1.74800    2.47900    0.88700    0.95400    0.00000    0.00000    4.25700
   3.35800    3.63000    0.13400    1.47600    0.00000    0.00000    4.30500
   3.08900    3.20000    1.53100    1.05900    0.00000    0.00000    6.16000
   1.58700    3.36900    0.13400    1.61400    0.00000    0.00000    2.22600
   3.47800    2.12600    0.83000    0.89900    0.00000    0.00000    4.26300
   2.90400    4.13500    0.58000    1.26300    1.00000    2.00000    5.53800
   1.59100    2.83400    0.13400    0.95000    0.00000    0.00000    3.02100
   1.74800    2.47900    0.88700    0.95400    0.00000    0.00000    4.45800
   1.51500    2.78100    0.71100    1.14700    0.00000    0.00000    3.84600
   2.60800    2.91000    0.00000    1.00000    0.00000    0.00000    3.44700
   2.05600    2.19800    0.79800    0.79000    0.00000    1.00000    3.32800
   3.58600    3.08600    0.94800    0.75100    0.00000    0.00000    5.10700
   1.20900    1.27900    1.16000    1.71400    0.00000    0.00000    2.93600
   2.50200    3.66800    0.13400    1.13200    0.00000    0.00000    3.78200
   1.66100    3.61800    0.84200    1.68600    0.00000    2.00000    5.18400
   0.80000    2.74800    0.22300    1.70500    0.00000    0.00000    1.30500
   0.08700    1.78300    0.33100    1.66700    0.00000    0.00000    1.77700
   3.85400    3.78000    0.00000    1.18200    0.00000    0.00000    4.93800
   1.29400    3.42600    0.69300    1.48800    0.00000    1.00000    3.02500
   1.79800    2.98600    0.96100    1.66900    0.00000    4.00000    3.15200
   1.15500    3.08000    0.82700    1.07900    2.00000    0.00000    5.47800
   1.43700    2.80000    0.69300    1.09100    0.00000    1.00000    3.60300
   0.50100    1.63400    0.71300    1.19000    0.00000    0.00000    2.31900
   2.04800    3.31400    0.33100    1.39700    3.00000    0.00000    4.47300
   2.23900    2.37700    0.82700    0.93800    0.00000    0.00000    5.00500
   1.76900    2.51200    0.22300    0.92900    1.00000    0.00000    3.91900
   5.36100    3.17400    1.58600    0.91000    2.00000    2.00000    7.38200
   3.29100    3.60900    0.81100    1.18900    0.00000    0.00000    5.11500
   2.93800    1.88600    1.15300    0.52300    0.00000    0.00000    4.73700
   1.24600    2.68500    0.40500    1.14500    0.00000    0.00000    3.21900
   0.98200    2.11900    0.92300    1.17900    0.00000    1.00000    1.05000
  -2.08900    2.82200    0.81100    1.52400    0.00000    0.00000    0.60000
   4.27900    3.82800    1.25900    0.96600    1.00000    2.00000    8.60400
   2.21700    3.81800    0.69300    1.62700    2.00000    2.00000    5.52200
   4.26800    3.59300    1.23600    1.16600    0.00000    0.00000    7.60700
   2.22600    1.43900    1.07900    1.86700    0.00000    0.00000    3.21300
   2.22600    2.02400    0.83000    1.76100    0.00000    0.00000    3.00700
  -0.06300    2.98000    0.25100    2.26100    0.00000    0.00000    1.63900
   3.46700    4.28500    0.13400    1.71000    0.00000    0.00000    5.38000
  -0.11500    3.01400    0.56000    1.78100    0.00000    0.00000    0.89800
   2.72900    2.08000    0.89100    0.81600    0.00000    0.00000    4.62000
   4.67300    3.59600    0.60400    1.51500    0.00000    0.00000    5.36300
   2.35800    1.98300    1.71400    2.10500    0.00000    0.00000    5.06200
   2.43700    4.62800    1.20900    1.96800    0.00000    0.00000    4.55100
   3.11200    3.31400    0.33100    1.17300    1.00000    0.00000    3.81200
   1.18800    1.88300    0.91600    1.20700    0.00000    1.00000    1.15300
   2.23900    2.37700    0.82700    0.93800    0.00000    0.00000    3.75900
   2.45500    3.16400    0.22300    0.90900    0.00000    0.00000    3.11200
   1.74200    3.63400    0.69300    1.74700    0.00000    2.00000    4.05100
   2.43300    2.30400    1.02800    1.12400    0.00000    0.00000    4.63500
  -0.31700    1.51200    0.57000    0.87900    0.00000    1.00000    2.44500
   3.49200    3.83300    0.40500    1.52200    0.00000    1.00000    2.09200
   2.84100    2.29700    0.76200    0.79800    0.00000    0.00000    3.55500
   2.79900    1.97500    0.80200    0.77500    1.00000    0.00000    4.22700
   0.89300    2.35900    0.40500    0.81400    0.00000    0.00000    4.28700
   1.31300    1.63400    0.71300    1.19000    0.00000    0.00000    2.05600
   2.06000    3.46200    0.40500    1.71700    0.00000    1.00000    4.20800
   1.58700    3.27700    0.22300    1.86900    0.00000    0.00000    2.08500
   0.65500    2.46200    0.22300    1.62500    1.00000    0.00000    3.65400
   1.12100    3.15900    0.96500    1.58400    0.00000    2.00000    3.77000
   3.15700    2.11000    1.15000    0.72000    1.00000    0.00000    5.51800
   2.51000    3.33200    0.13400    1.51900    0.00000    0.00000    3.41500
   4.91200    3.16400    2.04400    0.83000    0.00000    1.00000    6.11300
   1.02400    3.12600    0.69300    1.69000    2.00000    2.00000    4.28200
   1.06000    2.72600    0.49600    1.17900    0.00000    1.00000    2.26900
   2.37100    2.20600    1.30000    1.36000    0.00000    0.00000    4.73900
   0.29100    2.21800    0.92300    1.07400    0.00000    0.00000    3.23700
   4.45200    3.05700    1.63600    0.99500    0.00000    2.00000    8.43300
   4.06300    2.08500    1.07900    0.89500    0.00000    0.00000    4.89000
   0.34700    2.39600    0.22300    1.77800    0.00000    0.00000    0.77800
   3.18600    3.66900    0.22300    1.59900    0.00000    0.00000    3.98400
   3.61700    1.96200    1.34500    0.78300    0.00000    0.00000    5.34800
   1.65400    3.37800    1.38000    1.25000    0.00000    0.00000    4.85400
   1.74800    2.43900    0.93000    0.92400    0.00000    0.00000    5.00700
   4.03800    3.11300    1.59300    1.31900    1.00000    1.00000    6.14300
   2.63700    3.01200    0.22300    0.76000    0.00000    0.00000    4.53800
   0.58600    2.67700    0.33100    1.58200    0.00000    1.00000    2.89500
   1.23900    3.02300    0.56000    1.34900    1.00000    0.00000    3.91700
   2.25500    2.58500    0.00000    0.91700    0.00000    0.00000    3.50200
   2.91800    3.76300    0.91600    0.87800    0.00000    6.00000    4.81800
   0.99600    1.09400    1.23600    1.46100    0.00000    1.00000    1.91100
   3.21000    2.62000    0.49900    0.99000    0.00000    0.00000    4.33000
   1.75000    3.02300    0.56000    1.16800    0.00000    1.00000    3.37900
   2.46300    2.06500    1.06200    0.85200    0.00000    0.00000    4.39900
   0.96700    3.02900    0.33100    2.13000    0.00000    1.00000    1.88500
   0.80000    2.87800    0.13400    1.68400    0.00000    0.00000    2.42500
   2.64600    2.74000    1.04000    1.60300    0.00000    1.00000    4.21500
   3.55800    2.46500    1.58600    1.00000    0.00000    4.00000    7.59100
   2.72900    2.08000    0.89100    0.81600    0.00000    0.00000    4.98900
   2.50200    3.86000    0.22300    1.42900    0.00000    0.00000    3.91900
   3.18600    3.74000    0.13400    1.58100    0.00000    0.00000    4.39600
   3.04500    2.62000    0.28800    0.83900    0.00000    0.00000    3.75300
   2.00500    3.10200    0.69300    1.31600    0.00000    2.00000    3.45100
   2.82100    3.62900    0.33100    1.47800    0.00000    1.00000    3.24000
   0.20400    2.53600    0.49600    1.48200    0.00000    1.00000    3.03000
   0.13300    2.03400    0.33100    1.56000    0.00000    1.00000    2.11700
  -0.16500    3.31100    0.97200    2.20800    0.00000    3.00000    4.24400
   2.45900    1.66700    1.27800    1.50000    0.00000    2.00000    3.95500
   1.80700    3.02700    0.33100    1.01100    0.00000    1.00000    3.00900
   3.95300    4.00500    0.22300    1.54500    0.00000    1.00000    5.05500
   2.81300    3.46100    0.22300    1.12000    0.00000    0.00000    4.67200
   6.16600    3.33700    1.44300    0.91300    0.00000    0.00000    7.42900
  -0.45000    3.81500    1.82500    1.35100    0.00000    0.00000    4.69100
   1.80100    2.82400    0.22300    1.05100    0.00000    0.00000    3.16800
   3.02600    3.87100    0.82900    1.55800    0.00000    1.00000    4.53900
   3.45800    2.07700    1.23600    0.82900    0.00000    1.00000    4.42400
   2.06000    3.46200    0.40500    1.71700    0.00000    1.00000    4.09700
  -0.46300    2.86200    1.03100    1.82800    0.00000    3.00000    4.51200
   3.90900    4.30500    0.22300    1.34800    3.00000    2.00000    5.19200
   3.81800    2.37400    1.16000    0.97900    0.00000    1.00000    5.04800
  -0.05900    2.99300    0.81100    1.23200    0.00000    2.00000    5.39500
  -0.02200    3.98000    0.45200    2.01300    0.00000    0.00000    1.81000
   3.16000    3.64100    1.19200    1.48100    0.00000    1.00000    5.05200
   1.56400    3.58800    0.25100    1.50600    0.00000    0.00000    3.57000
   1.39300    3.61100    0.33100    2.01700    0.00000    0.00000    2.85900
   0.65500    2.13700    0.22300    1.17900    0.00000    0.00000    3.77900
   2.95700    1.70100    1.44300    1.90500    0.00000    0.00000    4.44000
   2.78200    3.26000    0.40500    0.92100    0.00000    0.00000    4.57800
   3.22500    2.11100    1.47700    1.29800    0.00000    0.00000    5.73000
  -0.38600    1.51200    0.33100    1.62700    1.00000    0.00000    2.89100
   3.10900    1.84400    1.27500    0.80400    0.00000    0.00000    6.72000
   3.11000    1.73300    1.07700    0.81000    0.00000    0.00000    4.63000
   1.31200    2.96100    0.40500    1.18900    0.00000    0.00000    2.60400
   1.46700    2.21600    0.58200    1.28700    0.00000    0.00000    2.74000
   1.88200    3.52000    0.22300    1.59000    0.00000    0.00000    2.88300
   3.31400    2.01900    1.12600    0.79300    0.00000    0.00000    5.00100
   2.24200    3.33200    0.13400    1.51900    0.00000    0.00000    3.55400
   0.34700    2.39600    0.22300    1.77800    0.00000    0.00000    1.12100
   0.46800    2.11100    0.13400    1.25300    0.00000    0.00000    2.91400
   0.21500    3.81000    1.02500    1.05500    0.00000    2.00000    3.83800
   2.72900    2.08000    0.89100    0.81600    0.00000    0.00000    4.33200
   1.50600    2.38600    0.22300    0.85700    0.00000    0.00000    3.51300
  -0.53400    2.66500    0.25100    1.76200    0.00000    0.00000    1.81700
   1.06400    2.80200    0.22300    1.60000    0.00000    1.00000    1.84200
   4.63900    4.53200    0.40500    1.18900    1.00000    4.00000    5.30700
   4.09800    4.11400    0.22300    1.57100    0.00000    0.00000    5.21900
   2.08100    1.63900    0.83000    1.44500    2.00000    0.00000    5.05000
   1.85900    2.83400    0.13400    0.95000    0.00000    0.00000    3.47000
   1.53300    3.10300    0.13400    1.34400    0.00000    0.00000    3.17400
   2.42900    2.21700    0.84500    0.79300    1.00000    0.00000    5.18900
   5.20600    2.63900    1.46200    0.83000    0.00000    0.00000    5.98500
   0.99600    2.75500    0.40500    1.84400    0.00000    1.00000    3.23100
   2.10200    2.82400    0.22300    1.00000    1.00000    0.00000    3.56000
   0.07600    2.50700    0.40500    1.50000    0.00000    2.00000    2.85100
   4.09200    2.58500    1.58600    1.35200    0.00000    0.00000    6.55100
   1.09100    2.30900    0.76200    0.84500    1.00000    0.00000    3.60100
   4.75400    4.05700    1.03200    1.18300    1.00000    3.00000    8.20100
   2.68800    2.46900    0.58200    0.91300    0.00000    0.00000    4.00200
   1.94000    2.16000    1.16000    1.60700    0.00000    0.00000    3.13000
   2.19300    3.10300    0.13400    1.01600    0.00000    0.00000    3.22000
  -0.31600    2.24000    0.40500    1.20300    0.00000    0.00000    2.28600
   3.30600    3.77600    0.40500    0.92000    0.00000    0.00000    4.69100
  -0.53400    2.66500    0.25100    1.76200    0.00000    0.00000    1.79500
   1.10700    3.02400    0.45200    2.69800    0.00000    0.00000    0.45000
   0.45400    2.85500    1.33100    1.32500    0.00000    2.00000    7.04500
   3.26700    3.73900    0.00000    1.25000    1.00000    2.00000    2.14900
   0.48900    2.23800    1.51300    2.07800    0.00000    0.00000    4.51300
   4.87800    3.81900    0.61500    0.86400    0.00000    0.00000    3.71500
   4.92600    2.26000    1.44300    0.90200    0.00000    0.00000    6.00600
   1.12100    3.28100    0.69300    1.80800    0.00000    2.00000    3.09500
   3.76400    1.92500    1.31800    0.59500    0.00000    0.00000    4.70500
   2.60400    1.50000    1.27800    1.86800    0.00000    0.00000    3.91600
   2.35900    2.45400    1.07500    0.95100    0.00000    0.00000    4.96000
   1.19900    2.83400    0.13400    1.32200    0.00000    0.00000    2.41300
   3.11800    5.15800    0.13400    1.79100    0.00000    0.00000    6.04000
   2.27400    3.66900    0.22300    1.59900    0.00000    0.00000    3.66500
   2.39100    3.57800    0.49600    1.40600    0.00000    1.00000    4.32000
   2.85900    3.19100    0.22300    0.84700    0.00000    0.00000    4.96700
   3.73700    3.07300    1.49300    1.27900    0.00000    0.00000    6.64500
   0.91500    3.26100    0.33100    2.04700    0.00000    1.00000    4.18200
   1.88600    2.09400    0.82700    0.86000    0.00000    0.00000    5.39000
   2.85100    3.00000    0.00000    0.93800    1.00000    0.00000    3.51300
   1.85900    2.72800    0.22300    0.95300    0.00000    0.00000    3.89700
   1.60200    2.64700    1.28600    1.27800    0.00000    0.00000    4.50800
   0.88800    2.50700    0.40500    1.65200    0.00000    2.00000    2.49500
   1.27200    3.40500    0.25100    1.56000    0.00000    0.00000    4.13200
   1.22900    2.32900    0.71100    0.86800    0.00000    1.00000    3.09700
  -0.06300    2.98000    0.25100    1.95900    0.00000    0.00000    1.65100
   1.34800    2.12500    0.63800    0.83100    0.00000    0.00000    3.53100
   1.82100    2.47000    1.43700    1.34600    2.00000    2.00000    6.35100
   3.98700    3.96100    0.40500    1.08300    1.00000    0.00000    5.84200
   1.74800    2.47900    0.88700    0.95400    0.00000    0.00000    4.11900
   2.06600    2.83400    0.13400    1.00900    0.00000    0.00000    3.44800
   3.66100    3.86000    0.22300    1.55000    0.00000    1.00000    4.51000
   2.57300    2.63600    0.82700    0.99900    0.00000    0.00000    4.39300
   0.58000    1.27900    0.81100    1.31300    0.00000    0.00000    2.92500
   1.64300    2.49500    0.56000    0.83500    0.00000    1.00000    1.96900
   1.44200    3.08000    0.22300    1.46200    1.00000    0.00000    3.51800
   1.74800    2.47900    0.88700    0.95400    0.00000    0.00000    4.91200
   1.96800    2.58300    0.76200    1.10400    0.00000    1.00000    3.88200
   2.50900    1.82200    0.82900    0.83400    0.00000    0.00000    3.93300
   4.23400    4.08500    0.13400    1.48200    0.00000    0.00000    5.63000
   2.06600    2.91800    0.22300    0.94400    3.00000    0.00000    4.59000
   1.87800    3.35300    0.40500    1.41800    1.00000    1.00000    5.01800
   1.34800    2.18900    0.58000    0.86300    0.00000    0.00000    3.11500
   3.61700    2.01900    1.31700    0.77000    0.00000    0.00000    5.93000
   0.28900    2.55500    1.11000    1.68600    0.00000    0.00000    2.60100
   4.01700    3.12800    0.71300    0.79700    0.00000    1.00000    5.03900
   4.05300    2.80300    1.50100    1.12400    0.00000    0.00000    5.38500
  -0.52100    2.98300    0.49600    2.10600    0.00000    0.00000    1.68000
   1.58600    3.38600    0.25100    1.22500    0.00000    0.00000    3.08600
   1.14500    3.93700    0.76200    1.70800    0.00000    0.00000    3.29700
  -0.56400    1.42900    0.22300    1.80400    0.00000    0.00000    2.72000
   0.20200    0.96500    0.64000    1.69500    1.00000    0.00000    4.37000
   2.94200    3.17900    0.00000    1.06300    0.00000    0.00000    3.94700
   1.79500    3.31600    0.22300    1.57100    1.00000    0.00000    3.85400
   0.65200    2.95500    0.33100    1.31300    0.00000    0.00000    2.96100
   4.73800    4.32400    0.00000    1.20500    0.00000    1.00000    4.30200
   1.73700    3.19100    0.22300    1.15400    0.00000    0.00000    2.68600
  -1.96000    2.24200    1.09600    1.90700    0.00000    1.00000    3.39600
   2.59200    3.32300    0.40500    1.17000    0.00000    2.00000    4.57700
   2.35400    2.43500    1.11300    1.10900    0.00000    1.00000    2.83900
   0.92200    2.77700    0.56000    1.12700    1.00000    0.00000    3.11800
   4.65100    4.39500    0.13400    1.54600    0.00000    0.00000    6.48400
   2.95700    2.75500    0.83000    1.65600    0.00000    0.00000    3.74600
  -0.47300    2.42900    0.40500    1.95400    0.00000    0.00000    0.93100
   2.03100    3.17700    0.91800    1.91900    0.00000    0.00000    4.11600
   1.23700    2.53600    0.42900    0.87100    0.00000    1.00000    2.53700
   1.95300    2.21600    0.38900    0.79600    0.00000    0.00000    3.75100
   2.50200    3.73400    0.22300    1.28200    0.00000    0.00000    3.38700
   3.56200    2.77800    0.83000    1.04600    0.00000    0.00000    6.65200
   2.12700    2.08600    0.64000    0.83800    0.00000    0.00000    4.45900
   2.03300    1.78300    0.57000    1.18700    1.00000    0.00000    6.06400
   0.45400    2.59400    0.25100    1.28700    0.00000    0.00000    1.74900
   3.31400    2.01900    1.12600    0.79300    0.00000    0.00000    4.73700
   2.72900    1.96200    0.93400    0.81900    0.00000    0.00000    4.29600
   0.80000    2.03400    0.64000    1.72700    0.00000    0.00000    2.58600
   0.94300    2.63400    0.22300    1.29800    0.00000    0.00000    3.13100
   3.56200    3.60500    0.00000    1.15000    0.00000    0.00000    4.51000
   2.23300    3.05000    0.40500    0.86800    1.00000    3.00000    6.19500
   1.06400    0.66700    1.03000    0.90600    0.00000    0.00000    5.55800
   3.37400    3.73900    0.00000    1.20400    1.00000    1.00000    5.68900
   3.18200    3.73000    0.82900    1.56200    0.00000    1.00000    4.73200
   2.57500    3.87400    0.63800    1.35200    4.00000    1.00000    4.56100
   2.19300    3.01200    0.22300    1.02300    0.00000    0.00000    4.07000
  -0.45000    2.00000    0.69300    1.12800    2.00000    2.00000    4.36600
   1.58700    3.27700    0.22300    1.63300    0.00000    0.00000    2.18200
   3.79500    2.47700    0.83000    0.98300    0.00000    0.00000    4.54000
   0.78700    2.96000    0.88000    1.53000    1.00000    1.00000    5.24400
   4.76000    3.73900    0.00000    0.70000    0.00000    0.00000    7.34600
   2.55300    2.37500    1.02600    1.09000    0.00000    1.00000    3.89500
   1.70100    2.50800    0.58000    0.94100    0.00000    0.00000    3.79900
   3.26700    3.46500    0.00000    0.96300    4.00000    0.00000    3.40700
  -0.91700    2.67000    0.49600    2.04700    0.00000    0.00000    1.84200
   3.21000    2.62000    0.49900    0.99000    0.00000    0.00000    3.84000
  -0.79200    1.83200    1.20900    1.36400    0.00000    0.00000    3.82800
   2.35100    3.03600    0.40500    1.20500    0.00000    1.00000    4.24700
   3.58700    3.38900    0.22300    0.84900    0.00000    1.00000    4.10800
   1.43300    2.77700    0.56000    1.12700    1.00000    0.00000    4.76700
   2.37000    2.23300    0.64000    0.92000    1.00000    0.00000    4.75000
   1.20900    3.03500    0.22300    1.94100    0.00000    0.00000    2.10700
  -0.38600    1.50000    0.40500    1.66900    0.00000    1.00000    2.66100
  -0.19700    3.35100    0.79700    2.45600    2.00000    0.00000    3.90300
   1.61000    2.11000    0.58000    0.80500    0.00000    0.00000    3.78700
   3.05100    3.33200    0.13400    0.90900    0.00000    0.00000    4.89100
   3.15700    2.08000    1.03300    0.90200    0.00000    0.00000    3.69300
   1.06000    2.72600    0.49600    1.17900    0.00000    1.00000    3.66100
   1.61000    2.25100    0.63800    0.87100    1.00000    0.00000    4.17500
   2.92200    3.24700    0.63800    0.88900    0.00000    1.00000    4.68000
   1.45300    3.26000    0.82900    1.67600    0.00000    1.00000    3.77000
   2.12900    3.36100    0.22300    1.34200    0.00000    0.00000    5.48500
   1.59100    2.72800    0.22300    0.95300    0.00000    0.00000    2.37100
   2.12900    3.52000    0.22300    1.56200    1.00000    0.00000    3.62900
   2.05000    3.57000    1.37400    2.25900    0.00000    0.00000    6.08300
  -0.29700    1.71300    1.09800    1.75200    0.00000    0.00000    3.04600
   1.56500    3.64100    0.33100    1.93300    0.00000    1.00000    2.67000
   2.60400    3.21900    0.81100    1.15100    0.00000    0.00000    3.39700
   1.61000    2.11000    0.58000    0.80500    0.00000    0.00000    3.39100
   2.04200    3.11100    0.33100    1.01100    0.00000    1.00000    3.25000
   3.31400    2.01900    1.12600    0.79300    0.00000    0.00000    4.73000
   0.58600    2.42900    0.40500    1.92700    0.00000    1.00000    2.58300
   3.01800    2.74400    0.49600    0.75300    0.00000    0.00000    4.28400
   4.04400    3.82200    0.00000    1.12500    1.00000    0.00000    5.51000
   3.46100    3.31100    0.56000    0.92700    0.00000    1.00000    5.27600
   1.39800    2.88800    0.25100    1.77100    0.00000    0.00000    2.98300
   3.25900    3.40700    0.00000    1.11100    0.00000    0.00000    4.27900
   1.79500    3.13400    0.22300    1.31900    0.00000    0.00000    4.80400
   3.24700    3.59900    0.70200    1.51400    2.00000    1.00000    6.18300
   1.89000    3.35800    1.34800    1.32800    0.00000    0.00000    3.85200
   3.45100    3.40200    0.60400    1.51700    0.00000    0.00000    5.08600
   1.61000    2.25100    0.63800    0.87100    1.00000    0.00000    4.41600
   2.60400    1.92000    1.07900    1.73800    0.00000    0.00000    3.40800
   4.19000    2.25100    1.50100    1.19700    0.00000    0.00000    5.63200
   2.81300    3.53200    0.13400    1.51800    0.00000    0.00000    3.95900
   1.97100    3.64100    0.33100    1.93300    1.00000    0.00000    3.24600
   0.90600    2.83100    1.39300    1.07700    0.00000    1.00000    5.31700
   1.58700    3.27700    0.22300    1.63300    0.00000    0.00000    2.98000
   1.50600    2.51200    0.13400    0.86200    0.00000    0.00000    3.07800
   0.20200    2.03100    0.87200    1.47500    0.00000    1.00000    6.42400
   1.54800    2.92600    0.58200    1.93900    0.00000    0.00000    3.04600
   2.81300    3.46100    0.22300    1.28100    0.00000    0.00000    4.41600
  -0.52100    3.07900    0.42900    2.13500    0.00000    0.00000    1.30800
   0.88300    2.12500    0.73000    1.53700    0.00000    0.00000    3.00700
   1.58700    3.36900    0.13400    1.61400    0.00000    0.00000    3.25200
  -1.35800    3.42300    1.19000    1.99300    0.00000    4.00000    3.68900
   0.09400    1.59400    0.22300    1.33300    2.00000    0.00000    6.29700
   3.79500    2.47700    0.83000    0.98300    0.00000    0.00000    4.74300
   1.44200    2.86600    0.22300    1.28800    0.00000    0.00000    1.90600
   0.31400    3.02900    0.33100    1.84700    0.00000    0.00000    2.47400
   3.29100    2.18900    1.58600    2.00000    0.00000    0.00000    5.24200
   3.23400    4.07700    0.95600    1.90900    0.00000    0.00000    4.44800
   3.47800    2.12600    0.83000    0.89900    0.00000    0.00000    4.55200
   2.29700    3.90000    0.42900    1.57200    0.00000    1.00000    3.84200
   0.34700    1.51200    0.64000    1.84400    0.00000    0.00000    3.20300
   0.65500    2.46200    0.22300    1.62500    0.00000    1.00000    1.35200
   3.39900    4.32700    0.56000    1.25400    2.00000    5.00000    6.68300
   5.46900    3.03000    1.82100    1.02700    0.00000    2.00000    6.89700
   4.83200    4.21100    0.93200    1.04500    0.00000    1.00000    8.91600
   0.80000    2.74800    0.22300    1.70500    0.00000    0.00000    1.69100
   1.70100    2.44800    0.63800    1.12100    0.00000    0.00000    2.90400
   1.95000    3.44400    0.88000    1.46600    0.00000    3.00000    4.00400
   4.37900    4.18100    0.57000    1.38300    0.00000    0.00000    6.21300
   1.74800    2.47900    0.88700    0.95400    0.00000    0.00000    5.34100
   2.78600    3.43600    0.33100    0.95100    0.00000    0.00000    4.33800
   2.10200    2.82400    0.22300    1.00000    1.00000    0.00000    3.36000
   1.59500    3.39300    1.29200    2.12200    0.00000    3.00000    3.47700
   1.65400    3.37800    1.38000    1.25000    0.00000    0.00000    5.93300
   2.11600    1.96500    1.02800    0.76200    0.00000    0.00000    5.30300
   2.04200    1.41700    0.89800    0.64800    0.00000    0.00000    4.42100
   1.74800    2.47900    0.88700    0.95400    0.00000    0.00000    4.20800
   1.78300    2.98200    0.49600    1.15100    0.00000    1.00000    3.66500
   2.19300    3.01200    0.22300    1.02300    0.00000    0.00000    3.85700
   1.67200    1.00000    0.83000    1.43200    0.00000    1.00000    2.85600
   3.03800    3.51400    0.00000    1.37500    2.00000    2.00000    4.46500
   0.14300    2.08600    0.33100    1.22100    1.00000    0.00000    3.81500
   1.23900    4.19100    0.76200    2.19500    0.00000    0.00000    2.61800
   3.31500    3.51400    0.13400    1.07000    1.00000    0.00000    7.80900
   2.87600    2.26000    0.49900    0.90700    0.00000    0.00000    3.64500
   6.20300    5.92600    0.13400    1.67100    0.00000    0.00000    4.62800
   1.84500    3.18800    1.18200    1.24400    0.00000    1.00000    5.01200
   3.84200    2.89300    1.23600    0.90700    0.00000    0.00000    6.04700
   4.43100    3.73900    0.00000    1.16100    0.00000    0.00000    5.68000
   3.21000    2.62000    0.49900    0.99000    0.00000    0.00000    4.23000
   0.54800    2.13700    0.22300    1.37500    3.00000    0.00000    4.86500
  -0.40600    2.11800    0.95600    2.53900    0.00000    0.00000    3.84500
   4.63400    2.12600    1.27800    0.89600    0.00000    0.00000    5.36100
  -0.31700    1.42900    0.22300    1.75000    1.00000    0.00000    3.07600
   2.34500    3.40200    0.49600    1.45000    1.00000    0.00000    4.55700
   3.31400    1.92500    1.16000    0.80100    0.00000    0.00000    4.49900
   3.29100    3.60900    0.81100    1.20800    0.00000    0.00000    4.46900
   2.81300    3.53200    0.13400    1.11000    0.00000    0.00000    4.16500
   2.60400    3.21900    0.81100    1.12700    0.00000    0.00000    4.25700
   5.74100    4.35600    1.02800    1.22400    0.00000    1.00000    5.75800
   1.09900    2.49500    0.56000    0.83500    1.00000    0.00000    4.02300
   1.27100    3.06500    0.92300    1.31700    0.00000    0.00000    2.01500
   3.50300    3.83200    0.22300    1.58700    0.00000    0.00000    4.41000
   3.56300    3.99300    0.22300    1.21400    1.00000    0.00000    4.61100
   1.67200    1.81800    0.49900    1.46800    1.00000    0.00000    3.54600
  -0.52100    3.28600    0.35700    2.10400    0.00000    0.00000    1.77100
   1.85900    2.72800    0.22300    0.95300    0.00000    0.00000    3.75500
   0.18000    0.97300    0.98800    1.48900    0.00000    1.00000    2.72500
   2.27800    3.65100    1.15100    0.91100    0.00000    2.00000    4.54000
   0.05200    2.52300    0.56000    1.60200    1.00000    1.00000    4.38400
   0.89300    2.35900    0.40500    0.81400    0.00000    0.00000    3.31400
   2.84100    2.29700    0.76200    0.79800    0.00000    0.00000    3.60800
   1.09700    3.35100    0.49600    1.46600    0.00000    0.00000    2.39200
   2.99100    2.44200    0.93400    0.98400    0.00000    1.00000    4.20800
  -2.03000    2.11800    0.95600    1.64300    0.00000    0.00000    3.63800
   4.63900    4.53200    0.40500    1.18900    2.00000    2.00000    5.54100
   3.90900    3.70900    1.37100    1.47800    0.00000    1.00000    5.56800
   0.80000    2.87800    0.13400    1.68400    0.00000    0.00000    2.43600
   0.99600    1.00000    1.15000    0.96800    0.00000    1.00000    3.49900
