   0.51440   -0.28145    0.35998    0.83727   -0.01153   -0.65166    0.98680
   0.60312   -0.31253    0.23591    0.94536    0.10974   -0.50949    0.74201
  -0.31488    0.65014   -0.28408   -0.51702    0.52020   -0.21841    0.87056
  -0.26226    0.55065    0.66644   -0.98914    0.43686    0.66434    1.19002
  -0.36291    0.55268   -0.51871    0.66515    0.56647   -0.49179    0.74292
   0.50593   -0.30818    0.29470    0.93884    0.12724   -0.72464    0.62634
   0.64013    0.39076    0.83513   -0.01967   -0.66975    0.49659    1.16114
   0.23341   -0.58603   -0.22684    0.31283    0.40913   -0.33098    0.57552
  -0.27183    0.61015    0.19825   -0.54229    0.13465    0.55627    0.99328
   0.19676    0.16464   -0.32586    0.29558    0.90591   -0.06850    0.56609
   0.31727   -0.52917   -0.18723    0.60492   -0.47215   -0.23461    0.95770
  -0.77108    0.62187    0.46659   -0.23498    0.75843    0.42556    0.88503
   0.56788   -0.09400    0.37718    0.61994   -0.19853   -0.40123    0.98952
   0.40125    0.34043    0.78213    0.26162   -0.05739    0.78042    0.97297
   0.70432   -0.47889    0.13853    0.69016   -0.19738    0.12751    1.02420
   0.61659   -0.55258    0.67654    0.48510   -0.85626    0.13295    0.97547
   0.65909   -0.13042    0.17875    0.77598    0.47738   -0.49329    0.66279
  -0.19767    0.12769   -0.44737    0.28152    0.69189    0.40078    0.69738
   0.34971   -0.14016   -0.63921    0.36737    0.01792   -0.33775    0.55597
   0.56110   -0.08699    0.81037    0.44201   -0.91245    0.36789    0.93706
  -0.51702   -0.15819   -0.12874    0.62596    0.65014   -0.28408    0.70992
  -0.62284    0.37739   -0.33610    0.26152    0.74063    0.32606    0.63071
   0.60743    0.26687    0.68944    0.35462   -0.56090   -0.07927    1.06059
  -0.79292    0.90160    0.30822   -0.85379    0.34940    0.57686    1.22373
   0.20946   -0.38242   -0.41516    0.48924    0.82248   -0.04148    0.57843
   0.17054   -0.96221    0.26532    0.57066    0.04005   -0.50541    0.53024
   0.19876   -0.80697    0.01642    0.39168    0.42024   -0.36125    0.88613
  -0.05739    0.14934   -0.39689    0.34043    0.78213    0.26162    0.84615
   0.89409   -0.50259    0.44664    0.79310    0.09190    0.13970    1.11219
   0.31491   -0.13637   -0.63921    0.35515    0.03495   -0.32533    0.58534
  -0.14750    0.51453    0.39369   -0.43110    0.14847    0.78876    1.03065
   0.16874   -0.90373    0.14671    0.46636    0.22070   -0.44092    0.89531
  -0.06485    0.14804   -0.39945    0.33865    0.77748    0.26878    0.76697
  -0.28225    0.77311   -0.17933    0.22715    1.00000    0.19836    0.71401
   0.74063   -0.57479    0.18743    0.37739   -0.33610    0.26152    0.87645
   0.25224   -0.52639   -0.20920    0.35118    0.71702   -0.22168    0.62930
   0.38972   -0.49972   -0.35432    0.55239   -0.21298   -0.35488    0.57649
  -0.00706    0.36737    0.01792   -0.33775    0.34971    0.90093    1.14491
   0.49659   -0.27285    0.39076    0.83513   -0.01967   -0.66975    1.15969
  -0.25655    0.58457   -0.37823   -0.28936    0.27914    0.62450    1.11830
   0.32005   -0.62284   -0.01045    0.60629   -0.61291   -0.18159    0.98060
   0.35411   -0.72897    0.02060    0.61014   -0.52604   -0.21012    0.85459
  -0.78487    0.85343   -0.14057    0.23237    0.85844    0.28047    0.65831
   0.55240    0.01161    0.18903    0.93613    0.36845   -0.75322    0.72201
   0.31176   -0.49178    0.59061    0.76328   -0.08637   -0.65429    0.89585
  -0.55258    0.37566   -0.33603    0.06375    0.64006    0.59556    0.68707
  -0.36613    0.56920   -0.80345    0.00412    0.38797    0.39774    1.07695
   0.38797   -0.87222    0.39375    0.56920   -0.80345    0.00412    0.97318
   0.61580   -0.47084    0.70237    0.46509   -0.76674    0.00756    1.00007
   0.86130   -0.54229    0.13465    0.55627   -0.27183    0.29932    0.96141
   0.32467   -0.94214    0.44793    0.65313   -0.02900   -0.60009    0.64947
  -0.15854    0.42999   -0.27160    0.72435    0.47411   -0.62900    0.65064
  -0.03809    0.61493    0.64824   -0.35091   -0.51089    0.44163    1.30803
  -0.47296    0.68196    0.55651   -0.52712    0.66360    0.57323    1.08209
  -0.65166   -0.35139   -0.28145    0.35998    0.83727   -0.01153    0.43512
   0.17582   -0.30040   -0.41152    0.43020    0.84678    0.01857    0.46091
   0.54500   -0.22089    0.25295    0.98149    0.21905   -0.70542    0.73711
   0.54187    0.26607    0.56748    0.04834   -0.50404    0.16961    1.11093
  -0.00768    0.79041    0.50176   -0.89666    0.48276    0.66260    1.21880
   0.25594    0.41378    0.81222   -0.14898    0.24096    0.96070    1.09432
   0.25474    0.18985   -0.71735    0.53043    0.59366   -0.96044    0.68881
   0.76630   -0.44737    0.28152    0.69189    0.40078   -0.19767    0.67748
  -0.85578    0.86844   -0.00262    0.18413    0.89960    0.31298    0.79955
   0.26026   -0.28669   -0.53887    0.33631    0.11921   -0.33930    0.54188
  -0.92437    0.69189    0.40078   -0.19767    0.76630    0.47963    1.23749
   0.55651    0.17092    0.53262   -0.26198    0.11340    0.68196    1.12972
   0.84101   -0.32586    0.29558    0.90591   -0.06850    0.19676    0.81258
   0.72084   -0.23918    0.28333    0.85302    0.28997   -0.17882    0.72094
   0.66033   -0.52461    0.58173    0.63662   -0.98202    0.41965    1.00729
  -0.13637    0.90754    0.06384   -0.44256    0.60807    0.74949    0.63649
  -0.54517    0.40350   -0.50290    0.64501    0.66942   -0.29825    0.74499
  -0.69887    0.81878   -0.10890    0.22652    0.98220    0.29403    0.64171
   0.70870   -0.53575    0.24304    0.29636   -0.37156    0.25207    1.04754
  -0.63010    0.83213   -0.11944    0.23519    0.96244    0.30136    0.94813
   0.83935   -0.48496    0.34836    0.12690   -0.34982    0.24631    1.11679
   0.09442    0.59061    0.76328   -0.08637   -0.65429    0.31176    1.15493
   0.20596   -0.37772   -0.42200    0.48447    0.82372   -0.03199    0.68171
   0.64143    0.41483    0.83076   -0.02787   -0.67688    0.48500    1.05584
  -0.52129    0.77861    0.40319   -0.72449    0.01334    0.61041    1.25810
   0.83727   -0.27845    0.59074   -0.35139   -0.28145    0.35998    1.11354
  -0.39945    0.68289   -0.23530   -0.56353    0.31407    0.14804    1.14364
  -0.05491    0.64501    0.66942   -0.29825   -0.54517    0.44081    1.25439
   0.56795   -0.71735    0.53043    0.59366   -0.96044    0.25474    1.05598
  -0.20920    0.39778   -0.71686    0.00950    0.61003   -0.52639    0.77845
   0.25381    0.43806    0.78718   -0.17041    0.23810    0.99029    1.12205
   0.68738   -0.20172    0.67123    0.61494   -0.88341    0.53441    1.08401
   0.95823   -0.12147    0.34768    0.55162   -0.29984    0.23347    0.86249
   0.16094    0.45724   -0.36101    0.19233    0.89284   -0.10443    0.70944
  -0.06185   -0.00918    0.09167    0.76478    0.39214   -0.64150    0.72669
   0.82248    0.65909    0.61891   -0.38242   -0.41516    0.48924    1.28597
   0.21797    0.23530    0.23725   -0.35854    0.33989    0.82422    1.00415
   0.27647    0.48610   -0.48430    0.68126    0.51418   -0.93025    0.71420
   0.55707   -0.70542    0.54500    0.58862   -0.95962    0.26037    0.98624
   0.34925   -0.00262    0.18413    0.89960    0.31298   -0.85578    0.59923
   0.48447   -0.59682    0.64134    0.62676   -0.37772   -0.42200    0.96856
   0.40880    0.84203    0.35453   -0.83396    0.21569    0.49080    1.25999
   0.70862    0.24761    0.49296    0.25296   -0.45539    0.15719    1.16606
  -0.18317    0.51440    0.64019   -0.99489    0.34045    0.65416    1.11079
   0.90016   -0.35488    0.38972    0.87767   -0.02199    0.19282    0.73740
   0.31720    0.34025    0.90722    0.00409    0.15900    0.85367    1.14438
  -0.76377    0.59737    0.55390   -0.36844    0.72634    0.45024    1.06062
  -0.98202    0.85884    0.02690   -0.52461    0.58173    0.63662    0.87571
  -0.38732    0.72435    0.47411   -0.62900   -0.15854    0.60589    1.14029
   0.61043   -0.14067   -0.04600    0.66865    0.61547   -0.74050    0.68172
  -0.62998    0.85279   -0.11044    0.08365    0.72468    0.55340    0.69859
   0.95785   -0.41516    0.48924    0.82248   -0.04148    0.20946    1.13899
   0.16499    0.44627   -0.25972    0.74043    0.44447   -0.80901    0.79058
  -0.37156    0.65416   -0.18317   -0.53575    0.24304    0.29636    0.95242
   0.76478   -0.29984    0.23347    0.95823   -0.00918    0.09167    0.78556
  -0.18164    0.30430   -0.61653    0.00721    0.60565   -0.64213    0.68969
   0.26766    0.39837   -0.61670    0.61958    0.54986   -0.94380    0.64798
  -0.35735    0.56344   -0.50157   -0.35415    0.55135   -0.20937    1.17840
  -0.76674    0.58663    0.60698   -0.47084    0.70237    0.46509    0.94120
   0.54476    0.17582    0.88892    0.42057   -0.64880    0.61096    0.94305
   0.46279    0.08654    0.59509    0.59240   -0.45047    0.71129    1.09330
  -0.48958    0.28589   -0.39485    0.09470    0.62955    0.58187    0.52250
   0.01642    0.41460   -0.88423    0.43794    0.55952   -0.80697    0.74187
   0.70016   -0.26974    0.20787    0.98901    0.07275   -0.13743    0.78886
  -0.63694    0.58018    0.69228   -0.79247    0.60072    0.53445    1.13876
   0.18251   -0.95130    0.19786    0.57965   -0.02096   -0.50027    1.01762
   0.51453    0.21248    0.87675    0.28734   -0.81605    0.24950    0.93927
  -0.95130    0.90090    0.07917   -0.74951    0.44564    0.61042    0.76386
  -0.35091    0.69772    0.58741   -0.69754    0.61493    0.64824    1.15277
   0.63022    0.20034    0.87376    0.00440   -0.27764    0.64503    1.04160
   0.19447   -0.34543   -0.45467    0.48177    0.81699   -0.00299    0.64611
   0.88410   -0.49679    0.50620   -0.16420   -0.33497    0.36754    1.29169
   0.55523   -0.04148    0.20946    0.95785    0.33626   -0.73528    0.59078
  -0.90839    0.88561    0.01061   -0.26882    0.64876    0.62876    1.16684
   0.34833   -0.97875    0.28935    0.63532   -0.39099   -0.46653    0.98586
   0.39238   -0.86327    0.15503    0.61116   -0.51318   -0.23484    0.56610
   0.07408    0.36570   -0.13002    0.77830    0.40775   -0.77404    0.82493
   0.48803   -0.17882    0.72084    0.49619   -0.54702   -0.21118    0.96198
  -0.80901    0.67348    0.44627   -0.25972    0.74043    0.44447    1.22107
   0.01822    0.55390   -0.36844    0.72634    0.45024   -0.76377    0.69506
   1.00000   -0.21118    0.48803    0.77311   -0.17933    0.22715    1.16187
   0.33865   -0.23530   -0.56353    0.31407    0.14804   -0.39945    0.47005
   0.82372    0.64134    0.62676   -0.37772   -0.42200    0.48447    1.25272
   0.15900    0.09442   -0.33321    0.34025    0.90722    0.00409    0.48226
  -0.17958    0.28047   -0.78487    0.20958    0.59332   -0.71829    0.84987
   0.77861   -0.39254    0.33872    0.78367    0.26289   -0.06066    0.59179
   0.55842    0.18903    0.93613    0.36845   -0.75322    0.55240    1.01059
   0.27592   -0.00643    0.60638   -0.62710   -0.23194    0.34724    1.13574
   0.28678   -0.26073   -0.52762    0.28826    0.21391   -0.39757    0.58995
   0.50059    0.15327    0.70706    0.52280   -0.48338    0.68844    1.08659
   0.06375   -0.38732   -0.38146    0.26789    0.37566   -0.33603    0.55241
   0.54218   -0.24051    0.25745    0.97767    0.20325   -0.70372    0.60082
   0.45288   -0.23498    0.75843    0.42556   -0.77108    0.06064    0.94403
   0.64824    0.01589    0.69772    0.58741   -0.69754    0.61493    1.04862
  -0.16146    0.50525    0.40518   -0.42165    0.15309    0.80553    1.00399
  -0.33745    1.00000    0.19836   -0.28225    0.66482    0.63417    0.81779
   0.22070    0.50945    0.56482   -0.90373    0.14671    0.46636    1.21893
   0.28826   -1.00000    0.36657    0.65883   -0.26073   -0.52762    0.95322
   0.45024    0.14087    0.59737    0.55390   -0.36844    0.72634    1.06785
   0.49637    0.15900    0.85367    0.31720   -0.80384    0.19684    1.02991
   0.81696   -0.31751    0.51270   -0.09043   -0.43784    0.39128    0.92959
  -0.49329    0.86177   -0.13042    0.17875    0.77598    0.47738    0.71190
   0.59835    0.36789    0.56110    0.18006   -0.50806    0.14620    1.25067
   0.61493   -0.10900    0.01589    0.69772    0.58741   -0.69754    0.83413
  -0.59504    0.71106    0.34333   -0.58600   -0.05295    0.60753    0.96687
  -0.60379    0.48166   -0.75317    0.57913    0.71269   -0.14928    0.89313
   0.44081   -0.50290    0.64501    0.66942   -0.29825   -0.54517    1.00175
   0.18874    0.05770    0.12489    0.84333    0.33354   -0.80330    0.60879
  -0.01429    0.30822   -0.85379    0.34940    0.57686   -0.79292    0.90850
   0.39128   -0.58094   -0.31751    0.51270   -0.09043   -0.43784    0.48816
   0.56482    0.20428    0.94669    0.33309   -0.80077    0.50945    1.12489
  -0.43649    0.61659   -0.48753   -0.39066    0.36197    0.15251    1.12543
   0.94428   -0.34718    0.25313    0.73809   -0.20714    0.27202    0.76292
   0.33309    0.47496    0.82872   -0.02664    0.20428    0.94669    1.12730
   0.68289   -0.26734    0.64751    0.63030   -0.90666    0.52140    0.95436
  -0.90373    0.94669    0.33309   -0.80077    0.50945    0.56482    0.80705
   0.26687   -0.48753   -0.39066    0.36197    0.15251   -0.43649    0.46540
  -0.14016    0.85758    0.01906   -0.41258    0.60666    0.75014    0.90247
   0.41483   -0.93007    0.23447    0.61370   -0.48962   -0.26855    0.53429
   0.55865    0.18251    0.49933   -0.27643    0.11275    0.67654    1.13731
   0.73809   -0.50959    0.47499   -0.10988   -0.34718    0.25313    0.86430
   0.33872   -0.20009   -0.57876    0.29964    0.16296   -0.39254    0.53729
  -0.50812    0.56474   -0.93247    0.21056    0.50010    0.17225    0.82952
   0.19728   -0.71829   -0.17958    0.48607    0.00880   -0.42460    0.41855
  -0.34718    0.64465   -0.34074   -0.50959    0.47499   -0.10988    1.00919
   0.48033   -0.75322    0.55240    0.55842   -0.91996    0.18773    0.97289
   0.87785   -0.33497    0.36754    0.88410   -0.05125    0.20413    1.05874
   0.68126   -0.16146    0.17683    0.75817    0.48610   -0.48430    0.78553
  -0.52166    0.49933   -0.27643    0.11275    0.67654    0.55865    0.54568
  -0.38194    0.62680    0.65482   -0.79517    0.58987    0.63242    1.26175
   0.74949    0.22509    0.90754    0.06384   -0.44256    0.60807    1.14194
  -0.56145    0.76428    0.36361   -0.64169   -0.03300    0.60869    1.05111
   0.18413   -0.24488   -0.37389    0.40442    0.86844   -0.00262    0.50176
  -0.28936    0.53377   -0.39600   -0.35337    0.58457   -0.37823    0.94451
   0.71734   -0.43110    0.14847    0.78876   -0.14750    0.09783    0.85235
   0.71294   -0.21961    0.25227    0.97209    0.14741   -0.09589    0.77314
  -0.97875    0.90539    0.07451   -0.69228    0.51383    0.61776    0.75076
  -0.21841    0.62596    0.65014   -0.28408   -0.51702    0.52020    1.24452
   0.01436    0.38123    0.39489   -0.36380    0.20134    0.87804    1.11872
  -0.30040    0.46838    0.57445   -0.89375    0.10560    0.62816    1.29278
   0.15719   -0.91579    0.24761    0.49296    0.25296   -0.45539    0.74030
   0.75817   -0.42165    0.15309    0.80553   -0.16146    0.17683    0.87043
  -0.80605    0.54187   -0.27040    0.30199    0.93179    0.18960    0.88519
   0.31096   -0.88341    0.53441    0.68738   -0.22292   -0.57017    0.96902
   0.29313    0.20347    0.85532   -0.13950    0.22263    0.83828    1.10105
  -0.66975   -0.43954   -0.27285    0.39076    0.83513   -0.01967    0.64327
   0.18960    0.16961    0.54187   -0.27040    0.30199    0.93179    1.12373
   0.85220   -0.51089    0.44163   -0.03809   -0.39207    0.38126    1.14272
  -0.84311    0.59960    0.56368   -0.39248    0.72473    0.45579    1.04418
   0.64805   -0.17958    0.48607    0.00880   -0.42460    0.19728    1.02490
   0.30822    0.39652    0.87397   -0.01678    0.19103    0.90160    1.16584
   0.51238    0.00440   -0.27764    0.64503    0.63022   -0.91341    0.70259
   0.26532    0.20325   -0.70372    0.54218    0.59182   -0.96221    0.71728
  -0.46464    0.72634    0.45024   -0.76377    0.01822    0.61455    1.25460
   0.12690    0.35081    0.64232   -0.36701   -0.48496    0.34836    1.29779
   0.19282   -0.21298   -0.35488    0.38972    0.87767   -0.02199    0.61284
  -0.06158    0.23132   -0.77128    0.23515    0.59241   -0.76717    0.67631
   0.34045   -0.01153   -0.65166    0.51440    0.64019   -0.99489    0.64060
   0.62876    0.19876    0.88561    0.01061   -0.26882    0.64876    1.08473
   0.39489    0.34925    0.57657   -0.79019   -0.01647    0.38123    1.25506
  -0.93007    0.88892    0.42057   -0.64880    0.61096    0.54476    1.19037
   0.30430    0.34833    0.14063   -0.42590    0.30318    0.72592    1.14031
   0.15309   -0.81999    0.23319    0.50525    0.40518   -0.42165    1.00348
  -0.71686    0.82422    0.21797   -0.02802    0.78150    0.39778    0.99994
  -0.78607    0.90016    0.30609   -0.85186    0.34303    0.57859    1.26009
  -0.66977    0.84333    0.33354   -0.80330    0.18874    0.59456    1.03685
   0.32814    0.07131   -0.61260    0.17208    0.36421   -0.31819    0.45955
   0.34654   -0.48368    0.61291    0.74284   -0.14350   -0.63320    1.01943
   0.85343   -0.23194    0.34724    0.27592   -0.36633    0.21994    1.19372
  -0.70704    0.64503    0.63022   -0.91341    0.51238    0.54201    1.26080
  -0.37772    0.71734    0.55087   -0.59682    0.64134    0.62676    0.98373
  -0.50541    0.59182   -0.96221    0.26532    0.57066    0.04005    0.90278
   0.68335   -0.50541    0.17054    0.52902   -0.26458    0.11923    0.95614
  -0.75322    0.80714    0.01161    0.18903    0.93613    0.36845    0.63302
  -0.41723    0.65482   -0.79517    0.58987    0.63242   -0.38194    0.85730
   0.18507   -0.11876    0.21947    0.85297    0.28863   -0.77992    0.72865
   0.27226   -0.28408   -0.51702    0.52020   -0.21841   -0.31488    0.65877
  -0.24293    0.56110    0.18006   -0.50806    0.14620    0.59835    0.99755
   0.71890    0.14671    0.46636    0.22070   -0.44092    0.16874    1.24573
  -0.27160    0.29636   -0.37156    0.25207    0.70870    0.42999    0.46923
   0.50010   -0.73528    0.55523    0.56474   -0.93247    0.21056    1.00042
  -0.71517    0.78217    0.24554   -0.68649    0.12020    0.60086    0.94045
   0.53441    0.03197   -0.20172    0.67123    0.61494   -0.88341    0.72411
   0.54799   -0.22168    0.25224    0.98220    0.21820   -0.69971    0.76172
   0.61455   -0.36844    0.72634    0.45024   -0.76377    0.01822    0.94745
  -0.51871    0.52902   -0.26458    0.11923    0.68335    0.55268    0.85777
  -0.02802    0.23725   -0.35854    0.33989    0.82422    0.21797    0.48391
   0.87376   -0.01429    0.38254    0.38808   -0.36617    0.20034    1.04420
  -0.64041   -0.46464   -0.25414    0.38301    0.81560   -0.03852    0.64543
   0.88741   -0.63320    0.34654    0.05512   -0.35354    0.36064    1.22252
   0.14671    0.33309   -0.80077    0.50945    0.56482   -0.90373    0.65337
   0.72312    0.02060    0.61014   -0.52604   -0.21012    0.35411    1.21851
  -0.19738    0.54208    0.29528   -0.47889    0.13853    0.69016    1.00789
  -0.13002    0.01897   -0.50813    0.31165    0.68225    0.36570    0.45164
   0.87734   -0.35415    0.55135   -0.20937   -0.35735    0.39053    1.13724
  -0.00262    0.58267   -0.24488   -0.37389    0.40442    0.86844    1.11119
   0.59950    0.39128    0.81696    0.17112   -0.72364    0.22738    1.03919
  -0.50027    0.61042   -0.95130    0.19786    0.57965   -0.02096    0.68812
   0.14934    0.53441    0.68738   -0.22292   -0.57017    0.31096    1.30874
  -0.72449    0.78367    0.26289   -0.06066    0.77861    0.40319    1.03092
   0.78213   -0.57017    0.31096    0.14934   -0.39689    0.34043    1.12370
   0.23810   -0.56649   -0.22130    0.43806    0.78718   -0.17041    0.73554
  -0.90666    0.87556    0.00330   -0.26734    0.64751    0.63030    1.11584
   0.23276   -0.49179   -0.36291    0.54891   -0.21720   -0.37600    0.63268
  -0.17882    0.66417   -0.23918    0.28333    0.85302    0.28997    0.88290
  -0.13377    0.34303    0.57859   -0.78607   -0.08469    0.57324    1.27250
   0.68196   -0.50311    0.17092    0.53262   -0.26198    0.11340    0.90842
  -0.32973    0.42556   -0.77108    0.06064    0.45288    0.55311    0.74942
   0.05770    0.34654    0.05512   -0.35354    0.36064    0.88741    1.09276
   0.19391   -0.77108    0.06064    0.45288    0.55311   -0.32973    0.91817
   0.64876   -0.36125    0.19876    0.88561    0.01061   -0.26882    0.84631
   0.48610    0.15309    0.80553   -0.16146    0.17683    0.75817    1.13946
   0.61994    0.36296    0.57291   -0.69167   -0.09400    0.37718    1.14080
   0.52902    0.26532    0.57066    0.04005   -0.50541    0.17054    1.06753
   0.83513    0.00756    0.61580   -0.43954   -0.27285    0.39076    1.24527
  -0.51789    0.64143   -0.99342    0.30957    0.65196   -0.25899    0.82024
   0.78217   -0.56484    0.30980    0.15421   -0.39832    0.33462    1.11117
   0.36296    0.40078   -0.19767    0.76630    0.47963   -0.92437    0.85281
   0.24761    0.52280   -0.48338    0.68844    0.50059   -0.91579    0.78657
  -0.41257    0.35453   -0.83396    0.21569    0.49080    0.40880    0.86917
  -0.13743    0.66656   -0.26974    0.20787    0.98901    0.07275    0.55510
   0.85367   -0.33321    0.34025    0.90722    0.00409    0.15900    0.92695
  -0.43954    0.70237    0.46509   -0.76674    0.00756    0.61580    1.27444
   0.06402   -0.92670    0.25565    0.50025    0.22173   -0.49457    0.52860
  -0.21735    0.69228   -0.79247    0.60072    0.53445   -0.63694    0.75035
   0.20942    0.55240    0.55842   -0.91996    0.18773    0.48033    1.26191
  -0.69167    0.76630    0.47963   -0.92437    0.36296    0.57291    1.29202
  -0.32586    0.71269   -0.14928   -0.60379    0.28695    0.16464    1.01713
  -0.71735    0.62450   -0.25655    0.26482    0.97102    0.18985    0.51854
  -0.07093    0.17112   -0.72364    0.22738    0.59950   -0.80456    0.66607
   0.35716   -0.72449    0.01334    0.61041   -0.52129   -0.21111    0.86435
   0.33428   -0.58600   -0.05295    0.60753   -0.59504   -0.25825    0.89597
   0.13970   -0.26226   -0.50259    0.44664    0.79310    0.09190    0.55007
  -0.32294    0.39214   -0.64150   -0.06185    0.61004   -0.52089    0.91652
   0.11921    0.48896    0.66824   -0.28669   -0.53887    0.33631    1.23446
   0.15327    0.18006   -0.50806    0.14620    0.59835   -0.24293    0.78680
   0.50298    0.21947    0.85297    0.28863   -0.77992    0.18507    0.99967
  -0.36411    0.45579   -0.84311    0.13881    0.61164   -0.52605    0.80088
   0.28152   -0.52605   -0.36411    0.38260    0.12769   -0.44737    0.59889
   0.01906    0.33599    0.25924   -0.35933    0.22549    0.85758    1.20680
  -0.27643    0.57965   -0.02096   -0.50027    0.18251    0.49933    0.97757
   0.74043   -0.44166    0.24760    0.67348    0.44627   -0.25972    0.76770
  -0.24051    0.60492   -0.47215   -0.23461    0.31727    0.67417    0.87365
  -0.35186    0.49659    0.64013   -0.99348    0.31759    0.64018    1.23004
   0.59456    0.12489    0.84333    0.33354   -0.80330    0.18874    0.95145
   0.44311   -0.30216    0.62713    0.70863   -0.21863   -0.59252    0.95654
   0.20413   -0.16420   -0.33497    0.36754    0.88410   -0.05125    0.49756
  -0.46206    0.89268   -0.07922    0.21086    0.86018    0.40519    0.74998
   0.25295   -0.51733   -0.21333    0.34854    0.71812   -0.22089    0.68917
   0.60492    0.12751    0.70432    0.43514   -0.52917   -0.18723    1.03857
  -0.56353    0.63030   -0.90666    0.52140    0.68289   -0.23530    0.88156
  -0.08379    0.31381    0.11379   -0.32721    0.29636    0.89524    1.00979
   0.36262    0.12020    0.60086   -0.71517   -0.11668    0.35197    1.21949
   0.11275   -0.02096   -0.50027    0.18251    0.49933   -0.27643    0.55858
  -0.51089    0.58741   -0.69754    0.61493    0.64824   -0.35091    0.74435
   0.77598   -0.38289    0.17854    0.86177   -0.13042    0.17875    1.15123
   0.74284    0.22641    0.98061    0.14974   -0.48368    0.61291    1.00838
  -0.41516    0.47738   -0.49329    0.65909    0.61891   -0.38242    0.86585
   0.23512   -0.52089   -0.32294    0.31898    0.28489   -0.35109    0.42790
  -0.64232    0.81699   -0.00299    0.19447    0.93155    0.38053    0.82836
   0.68926    0.37718    0.61994   -0.19853   -0.40123    0.56788    1.14126
   0.18990    0.40119    0.58759   -0.88524    0.08795    0.45899    1.17439
  -0.43110    0.28734   -0.81605    0.24950    0.51453    0.39369    0.80494
   0.67123   -0.32973    0.19391    0.93780    0.03197   -0.20172    1.16551
   0.39076   -0.76674    0.00756    0.61580   -0.43954   -0.27285    0.95564
  -0.11044    0.50298    0.46376   -0.39477    0.16008    0.85279    1.13899
  -0.07927   -0.43649    0.26687    0.68944    0.35462   -0.56090    0.68219
  -0.80077    0.82872   -0.02664    0.20428    0.94669    0.33309    0.51381
   0.14974    0.40359    0.63526   -0.27324    0.22641    0.98061    1.17418
   0.32606    0.18743    0.37739   -0.33610    0.26152    0.74063    1.14148
   0.64932    0.35197    0.36262   -0.36157   -0.04331    0.60479    1.04844
  -0.21111    0.40319   -0.72449    0.01334    0.61041   -0.52129    0.94624
  -0.41258    0.25924   -0.35933    0.22549    0.85758    0.01906    0.81831
   0.62676    0.09783    0.71734    0.55087   -0.59682    0.64134    1.01823
  -0.03199    0.62676   -0.37772   -0.42200    0.48447    0.82372    0.87576
   0.11340    0.03969   -0.50311    0.17092    0.53262   -0.26198    0.46014
   0.56474    0.20946    0.95785    0.33626   -0.73528    0.55523    1.00826
  -0.28145    0.50406   -0.51059   -0.27845    0.59074   -0.35139    0.96528
   0.34854   -0.69552   -0.01591    0.61027   -0.51733   -0.21333    0.89511
   0.66551   -0.27643    0.11275    0.67654    0.55865   -0.52166    0.81473
   0.93780    0.06064    0.45288    0.55311   -0.32973    0.19391    1.17377
   0.83828   -0.37431    0.20347    0.85532   -0.13950    0.22263    0.63476
  -0.56090    0.15251   -0.43649    0.26687    0.68944    0.35462    0.73214
   0.01061    0.39168    0.42024   -0.36125    0.19876    0.88561    1.04670
  -0.31827    0.55651   -0.52712    0.66360    0.57323   -0.47296    0.73977
  -0.67688   -0.48962   -0.26855    0.41483    0.83076   -0.02787    0.49603
   0.48924   -0.49329    0.65909    0.61891   -0.38242   -0.41516    0.95461
  -0.50404    0.58906   -0.96111    0.26607    0.56748    0.04834    0.95856
  -0.02199    0.55239   -0.21298   -0.35488    0.38972    0.87767    1.11155
  -0.50813    0.59950   -0.80456   -0.07093    0.50671    0.01897    1.04736
   0.44564   -0.33347    0.35997    0.90090    0.07917   -0.74951    1.10073
  -0.48564    0.60700   -0.90544    0.09172    0.58397   -0.08728    0.94352
   0.58862    0.25295    0.98149    0.21905   -0.70542    0.54500    0.99268
  -0.45047    0.20942   -0.48762    0.08654    0.59509    0.59240    0.51658
   0.01334    0.26289   -0.06066    0.77861    0.40319   -0.72449    0.72415
  -0.77404    0.68225    0.36570   -0.13002    0.77830    0.40775    0.55625
   0.78367   -0.57876    0.29964    0.16296   -0.39254    0.33872    1.10073
   0.50796   -0.04600    0.66865    0.61547   -0.74050    0.61043    0.93840
  -0.37600    0.56647   -0.49179   -0.36291    0.54891   -0.21720    1.11833
  -0.17041    0.57340   -0.56649   -0.22130    0.43806    0.78718    0.98225
   0.19860   -0.80345    0.00412    0.38797    0.39774   -0.36613    0.76155
   0.67417   -0.18723    0.60492   -0.47215   -0.23461    0.31727    1.26192
   0.65014    0.19728    0.64805   -0.15819   -0.12874    0.62596    1.02380
  -0.85257    0.87734   -0.01747    0.19021    0.89846    0.30466    0.75710
  -0.26734    0.39774   -0.36613    0.19860    0.87556    0.00330    0.52055
   0.84638   -0.54517    0.44081   -0.05491   -0.35448    0.33520    0.97290
  -0.23484    0.47685   -0.86327    0.15503    0.61116   -0.51318    0.85835
  -0.37823    0.63787    0.53377   -0.39600   -0.35337    0.58457    1.29883
   0.06255   -0.13377   -0.47562    0.39860    0.78243    0.17287    0.51073
  -0.00633    0.36421   -0.31819    0.32814    0.86956    0.17585    0.52368
   0.52396   -0.61670    0.61958    0.54986   -0.94380    0.26766    0.90610
  -0.04331   -0.71517   -0.11668    0.35197    0.36262   -0.36157    0.83992
   0.78243   -0.08469    0.57324   -0.13377   -0.47562    0.39860    1.02426
   0.23591   -0.61291   -0.18159    0.32005    0.48923   -0.31253    0.82408
   0.25227   -0.52604   -0.21012    0.35411    0.72312   -0.21961    0.54492
   0.57913    0.10205    0.09916    0.83451    0.48166   -0.75317    0.70825
   0.14087   -0.94380    0.26766    0.52396    0.15658   -0.52484    0.66468
   0.35834    0.65313   -0.02900   -0.60009    0.32467    0.64605    1.09834
   0.13295    0.59556   -0.55258    0.67654    0.48510   -0.85626    0.80947
   0.87767   -0.35432    0.55239   -0.21298   -0.35488    0.38972    1.15695
  -0.50311    0.59366   -0.96044    0.25474    0.56795    0.03969    0.90610
   0.21086    0.03495   -0.32533    0.31491    0.89268   -0.07922    0.41764
   0.66824   -0.41416    0.59149    0.66151   -0.95341    0.48896    1.09767
   0.80016    0.15503    0.61116   -0.51318   -0.23484    0.39238    1.09043
   0.24707   -0.37504   -0.46790    0.32832    0.17269   -0.34693    0.58442
  -0.26458    0.57066    0.04005   -0.50541    0.17054    0.52902    1.14161
  -0.42460    0.59332   -0.71829   -0.17958    0.48607    0.00880    1.15813
   0.54357   -0.04331    0.60479    0.64932   -0.64664    0.64455    1.14160
  -0.50704    0.60862    0.55875   -0.94721    0.27212    0.60966    1.27220
  -0.50259    0.66644   -0.98914    0.43686    0.66434   -0.26226    0.76789
  -0.92670    0.77497    0.49069   -0.53906    0.66361    0.51903    1.25030
   0.81719    0.21569    0.49080    0.40880   -0.41257    0.15841    1.15716
   0.33599   -0.64169   -0.03300    0.60869   -0.56145   -0.29715    0.97212
   0.46376    0.85297    0.28863   -0.77992    0.18507    0.50298    1.28925
  -0.01678    0.56907   -0.23340   -0.36125    0.39652    0.87397    1.16679
  -0.47215    0.70432    0.43514   -0.52917   -0.18723    0.60492    1.04471
  -0.75317    0.85220    0.10205    0.09916    0.83451    0.48166    0.89197
   0.94536   -0.18159    0.32005    0.48923   -0.31253    0.23591    1.18770
   0.14063    0.28935    0.63532   -0.39099   -0.46653    0.34833    1.18685
  -0.27324    0.54201   -0.70704   -0.07355    0.40359    0.63526    1.15054
   0.16034   -0.80384    0.19684    0.49637    0.44340   -0.40106    0.98716
   0.19786    0.07917   -0.74951    0.44564    0.61042   -0.95130    0.61326
   0.39053   -0.50157   -0.35415    0.55135   -0.20937   -0.35735    0.51093
  -0.47415    0.57272    0.58229   -0.95999    0.27988    0.61587    1.15762
   0.65258    0.39238    0.80016   -0.05580   -0.62696    0.51583    1.15498
  -0.96352    0.93884    0.12724   -0.72464    0.50593    0.60461    1.00042
   0.51418    0.17683    0.75817    0.48610   -0.48430    0.68126    1.01513
   0.46838   -0.12840    0.24086    0.95483    0.27431   -0.81556    0.67962
  -0.34305    0.58173    0.63662   -0.98202    0.41965    0.66033    1.17390
   0.08216    0.31283    0.40913   -0.33098    0.23341    0.91988    1.11209
  -0.86298    0.98901    0.07275   -0.13743    0.70016    0.59338    0.77268
   0.31759   -0.01967   -0.66975    0.49659    0.64013   -0.99348    0.65138
   0.69016    0.33059    0.54208    0.29528   -0.47889    0.13853    1.27161
  -0.11944    0.61587   -0.47415   -0.28972    0.42420    0.83213    1.06590
   0.61195   -0.41343    0.70959    0.46925   -0.70020   -0.08074    0.97183
   0.28489   -0.06185    0.61004   -0.52089   -0.32294    0.31898    1.13832
   0.17854   -0.84546    0.13835    0.44635    0.43028   -0.38289    0.90480
   0.35081   -0.03852   -0.64041    0.51274    0.64718   -0.99796    0.68055
   0.28695   -0.75317    0.57913    0.71269   -0.14928   -0.60379    0.92333
  -0.39093    0.65196   -0.25899   -0.51789    0.27662    0.24207    1.08778
  -0.98914    0.74192   -0.09619   -0.53371    0.55065    0.66644    0.63462
   0.25745   -0.47215   -0.23461    0.31727    0.67417   -0.24051    0.73135
   0.49296   -0.48338    0.68844    0.50059   -0.91579    0.24761    0.96930
   0.61041   -0.06066    0.77861    0.40319   -0.72449    0.01334    1.01470
   0.00950    0.21797   -0.02802    0.78150    0.39778   -0.71686    0.65190
   0.24760   -0.54163   -0.34307    0.36938    0.16124   -0.44166    0.44451
   0.59705    0.22263    0.83828    0.29313   -0.75904    0.15953    0.98958
  -0.96221    0.97767    0.20325   -0.70372    0.54218    0.59182    0.82930
  -0.00472    0.64018   -0.35186   -0.40986    0.44637    0.84217    1.03283
   0.31588    0.28826    0.21391   -0.39757    0.28678    0.72772    1.11438
   0.20347   -0.76717   -0.06158    0.37566    0.33856   -0.37431    0.80931
  -0.47084    0.22173   -0.49457    0.06402    0.58663    0.60698    0.80008
  -0.28344    0.58397   -0.08728   -0.48564    0.19657    0.47804    1.10783
  -0.85379    0.87397   -0.01678    0.19103    0.90160    0.30822    0.74929
   0.37739    0.48276    0.66260   -0.00768   -0.57479    0.18743    1.21803
   0.28734    0.29636    0.89524   -0.08379    0.21248    0.87675    1.09033
   0.21391    0.36657    0.65883   -0.26073   -0.52762    0.28826    1.27526
   0.26037    0.21905   -0.70542    0.54500    0.58862   -0.95962    0.75186
   0.24887    0.12724   -0.72464    0.50593    0.60461   -0.96352    0.70015
   0.43020   -0.89375    0.10560    0.62816   -0.30040   -0.41152    0.50720
  -0.91245    0.64605    0.35834   -0.08699    0.81037    0.44201    0.95811
   0.71812   -0.01591    0.61027   -0.51733   -0.21333    0.34854    1.15395
  -0.28972    0.58229   -0.95999    0.27988    0.61587   -0.47415    1.02828
   0.55239   -0.52166    0.66551    0.56269   -0.49972   -0.35432    0.84772
   0.60479   -0.11668    0.35197    0.36262   -0.36157   -0.04331    1.21721
   0.34025   -0.08637   -0.65429    0.31176    0.09442   -0.33321    0.61878
  -0.39207    0.64824   -0.35091   -0.51089    0.44163   -0.03809    0.93451
  -0.10900    0.49080    0.40880   -0.41257    0.15841    0.81719    1.15050
   0.15421    0.51950    0.68358   -0.22984   -0.56484    0.30980    1.18195
   0.47738    0.17854    0.86177   -0.13042    0.17875    0.77598    1.15681
   0.88892   -0.41152    0.43020    0.84678    0.01857    0.17582    0.93314
   0.77770   -0.31819    0.32814    0.86956    0.17585   -0.00633    0.82772
   0.26289    0.29964    0.16296   -0.39254    0.33872    0.78367    1.18181
  -0.42590    0.63532   -0.39099   -0.46653    0.34833    0.14063    1.02153
   0.68358   -0.26882    0.64876    0.62876   -0.90839    0.51950    0.96064
   0.00409    0.31176    0.09442   -0.33321    0.34025    0.90722    1.08527
   0.51274   -0.25414    0.38301    0.81560   -0.03852   -0.64041    1.16349
   0.47804    0.09172    0.58397   -0.08728   -0.48564    0.19657    1.21151
  -0.57479    0.50176   -0.89666    0.48276    0.66260   -0.00768    0.98480
  -0.50949    0.48923   -0.31253    0.23591    0.94536    0.10974    0.63765
   0.63662    0.26026    0.85884    0.02690   -0.52461    0.58173    1.09498
  -0.21298    0.66551    0.56269   -0.49972   -0.35432    0.55239    1.13908
   0.64134   -0.14750    0.09783    0.71734    0.55087   -0.59682    0.73361
   0.51270   -0.97144    0.44525    0.58230   -0.58094   -0.31751    0.69075
   0.12249   -0.88524    0.08795    0.45899    0.18990   -0.48170    0.63400
   0.44340    0.85367    0.31720   -0.80384    0.19684    0.49637    0.93575
  -0.36844    0.15658   -0.52484    0.14087    0.59737    0.55390    0.48711
   0.25924   -0.03300    0.60869   -0.56145   -0.29715    0.33599    1.28072
   0.33856    0.23515    0.59241   -0.76717   -0.06158    0.37566    1.15852
   0.81560    0.01822    0.61455   -0.46464   -0.25414    0.38301    1.21603
  -0.40123   -0.69167   -0.09400    0.37718    0.61994   -0.19853    0.44137
   0.13465   -0.82221    0.42608    0.61015    0.19825   -0.54229    0.97165
   0.37257   -0.75904    0.15953    0.59705   -0.68587   -0.16347    0.68100
   0.30136    0.42420    0.83213   -0.11944    0.23519    0.96244    1.11943
   0.64019    0.35998    0.83727   -0.01153   -0.65166    0.51440    1.12230
   0.58267   -0.79247    0.60072    0.53445   -0.63694   -0.21735    0.99326
   0.83451   -0.39207    0.38126    0.85220    0.10205    0.09916    0.58253
   0.27914   -0.39600   -0.35337    0.58457   -0.37823   -0.28936    0.81399
  -0.19891    0.54891   -0.21720   -0.37600    0.23276    0.57963    1.12015
  -0.62710    0.72772    0.31588   -0.61375   -0.00643    0.60638    0.93758
   0.31024    0.34971    0.90093   -0.00706    0.17155    0.86651    1.15280
   0.27662   -0.99342    0.30957    0.65196   -0.25899   -0.51789    0.93954
   0.66417    0.27647    0.51504    0.20226   -0.47473    0.15541    1.14055
   0.21994   -0.62710   -0.23194    0.34724    0.27592   -0.36633    0.70156
  -0.16347    0.29313   -0.75904    0.15953    0.59705   -0.68587    0.82966
  -0.44166    0.61030   -0.54163   -0.34307    0.36938    0.16124    1.17705
   0.06987    0.54500    0.58862   -0.95962    0.26037    0.55707    1.30371
  -0.64150    0.95823   -0.00918    0.09167    0.76478    0.39214    1.08712
   0.58987   -0.19891   -0.14999    0.62680    0.65482   -0.79517    0.70765
   0.33069    0.40906    0.65913   -0.11293   -0.55434    0.21953    1.09844
  -0.19853    0.57291   -0.69167   -0.09400    0.37718    0.61994    1.11838
   0.67348   -0.34307    0.36938    0.16124   -0.44166    0.24760    1.09773
   0.75544    0.23341    0.91988    0.08216   -0.49108    0.60031    1.14308
  -0.69754    0.81719   -0.10900    0.01589    0.69772    0.58741    0.54934
   0.61042    0.35997    0.90090    0.07917   -0.74951    0.44564    1.17450
   0.36789    0.35834   -0.08699    0.81037    0.44201   -0.91245    0.65377
   0.25207   -0.18317   -0.53575    0.24304    0.29636   -0.37156    0.50482
  -0.52461    0.11921   -0.33930    0.26026    0.85884    0.02690    0.50550
   0.64501   -0.05125    0.20413    0.87785    0.40350   -0.50290    0.62340
   0.59556    0.26789    0.37566   -0.33603    0.06375    0.64006    1.14229
   0.59182    0.25745    0.97767    0.20325   -0.70372    0.54218    1.06639
  -0.21333    0.39921   -0.69552   -0.01591    0.61027   -0.51733    0.73110
  -0.38289    0.46279   -0.84546    0.13835    0.44635    0.43028    0.81754
   0.07526    0.61547   -0.74050    0.61043    0.50796   -0.82561    0.81819
   0.19233   -0.82561    0.07526    0.41964    0.45724   -0.36101    0.55361
  -0.17933    0.49619   -0.54702   -0.21118    0.48803    0.77311    1.04934
   0.47685    0.09470    0.62955    0.58187   -0.48958    0.69566    1.14402
   0.87556    0.00412    0.38797    0.39774   -0.36613    0.19860    1.20814
   0.00412    0.35238   -0.87222    0.39375    0.56920   -0.80345    0.61941
  -0.36617    0.57686   -0.79292   -0.01429    0.38254    0.38808    1.02560
   0.90539   -0.64631    0.32412    0.07848   -0.32080    0.31075    1.08522
   0.01161    0.65388   -0.31847   -0.48006    0.48610    0.80714    1.04348
   0.60589   -0.27160    0.72435    0.47411   -0.62900   -0.15854    0.92226
   0.59509    0.18773    0.48033    0.20942   -0.48762    0.08654    1.25065
  -0.06066    0.16296   -0.39254    0.33872    0.78367    0.26289    0.89925
   0.42999    0.24304    0.29636   -0.37156    0.25207    0.70870    1.13134
  -0.27285    0.46509   -0.76674    0.00756    0.61580   -0.43954    0.83639
   0.70706   -0.50806    0.14620    0.59835   -0.24293    0.15327    1.19125
   0.56691    0.24096    0.96070    0.25594   -0.29285    0.69614    0.93601
   0.31898   -0.64150   -0.06185    0.61004   -0.52089   -0.32294    0.63814
  -0.97144    0.83935    0.00749   -0.46362    0.59671    0.64051    0.94463
   0.14847   -0.81605    0.24950    0.51453    0.39369   -0.43110    0.94263
   0.55087    0.14847    0.78876   -0.14750    0.09783    0.71734    1.14083
   0.44447    0.24760    0.67348    0.44627   -0.25972    0.74043    1.06412
   0.28589   -0.05295    0.60753   -0.59504   -0.25825    0.33428    1.13091
  -0.85186    0.87767   -0.02199    0.19282    0.90016    0.30609    0.76226
  -0.39485    0.60753   -0.59504   -0.25825    0.33428    0.28589    1.14006
   0.65416   -0.65166    0.51440    0.64019   -0.99489    0.34045    0.94344
  -0.62696   -0.51318   -0.23484    0.39238    0.80016   -0.05580    0.42057
   0.59240    0.48033    0.20942   -0.48762    0.08654    0.59509    0.99695
  -0.23530    0.64751    0.63030   -0.90666    0.52140    0.68289    1.28878
   0.38123   -0.85578    0.34925    0.57657   -0.79019   -0.01647    0.89602
   0.60629    0.26152    0.74063    0.32606   -0.62284   -0.01045    1.02638
  -0.06850    0.28695    0.16464   -0.32586    0.29558    0.90591    1.13448
  -0.72464    0.33069   -0.30818    0.29470    0.93884    0.12724    0.78484
   0.10974    0.32005    0.48923   -0.31253    0.23591    0.94536    1.09379
  -0.27845    0.14741   -0.09589    0.71294    0.50406   -0.51059    0.76753
   0.50176    0.33865    0.77748    0.26878   -0.06485    0.79041    1.00698
   0.31165   -0.80456   -0.07093    0.50671    0.01897   -0.50813    0.77833
   0.50671   -0.72364    0.22738    0.59950   -0.80456   -0.07093    0.99375
   0.34836   -0.99796    0.35081    0.64232   -0.36701   -0.48496    0.96135
  -0.21618    0.49296    0.25296   -0.45539    0.15719    0.70862    1.15228
   0.28863    0.23512    0.87803   -0.11876    0.21947    0.85297    0.96588
   0.93179   -0.50404    0.16961    0.54187   -0.27040    0.30199    0.98646
   0.51903    0.16094    0.77497    0.49069   -0.53906    0.66361    1.03858
   0.45579    0.12799    0.59960    0.56368   -0.39248    0.72473    1.09850
  -0.28669    0.59149    0.66151   -0.95341    0.48896    0.66824    0.82654
  -0.32533    0.74949   -0.13637   -0.63921    0.35515    0.03495    0.84210
   0.60753    0.26397    0.71106    0.34333   -0.58600   -0.05295    1.09208
   0.17269    0.24887    0.63605   -0.37504   -0.46790    0.32832    1.19282
   0.47963    0.28152    0.69189    0.40078   -0.19767    0.76630    1.08498
  -1.00000    0.80016   -0.05580   -0.62696    0.51583    0.65258    0.70901
   0.66209   -0.28344    0.09419    0.66731    0.57181   -0.54101    0.88724
   0.61776    0.31075    0.90539    0.07451   -0.69228    0.51383    1.16028
   0.90754   -0.18164    0.32908    0.39658   -0.34031    0.22509    1.17992
   0.09783    0.39369   -0.43110    0.14847    0.78876   -0.14750    0.57872
   0.71129   -0.48762    0.08654    0.59509    0.59240   -0.45047    0.95039
  -0.28408    0.64805   -0.15819   -0.12874    0.62596    0.65014    0.92424
   0.66361   -0.10443    0.16094    0.77497    0.49069   -0.53906    0.69094
   0.36938   -0.77404    0.07408    0.61030   -0.54163   -0.34307    0.68682
  -0.22684    0.35462   -0.56090   -0.07927    0.60743   -0.58603    0.87554
   0.90722   -0.65429    0.31176    0.09442   -0.33321    0.34025    1.17133
   0.61291   -0.27324    0.22641    0.98061    0.14974   -0.48368    0.61385
   0.22549   -0.56145   -0.29715    0.33599    0.25924   -0.35933    0.64642
   0.31381   -0.64232    0.60461    0.72404   -0.15515   -0.61486    1.02015
   0.63532   -0.69228    0.51383    0.61776   -0.97875    0.28935    0.99155
  -0.48962    0.61096    0.54476   -0.93007    0.23447    0.61370    1.16778
   0.07299    0.63662   -0.98202    0.41965    0.66033   -0.34305    1.03159
  -0.42165    0.31024   -0.81999    0.23319    0.50525    0.40518    0.67573
   0.16464    0.57913    0.71269   -0.14928   -0.60379    0.28695    1.24631
  -0.52605    0.72473    0.45579   -0.84311    0.13881    0.61164    1.22178
   0.60700    0.41995    0.86223    0.08655   -0.74900    0.35529    0.94631
   0.33354    0.36064    0.88741    0.05770    0.12489    0.84333    1.16507
   0.66360   -0.26198    0.11340    0.68196    0.55651   -0.52712    0.64887
   0.39837    0.44637    0.84217   -0.00472    0.19136    0.90771    1.11823
  -0.36101    0.50796   -0.82561    0.07526    0.41964    0.45724    1.13126
  -0.21118    0.28997   -0.17882    0.72084    0.49619   -0.54702    0.83158
   0.71106   -0.51789    0.27662    0.24207   -0.39093    0.26397    1.16552
   0.48177   -0.62998    0.63182    0.64425   -0.34543   -0.45467    0.97826
   0.33059   -0.01747    0.19021    0.89846    0.30466   -0.85257    0.69911
   0.69305   -0.13743    0.70016    0.59338   -0.86298    0.54273    0.96786
   0.84678    0.10560    0.62816   -0.30040   -0.41152    0.43020    1.09622
   0.17287    0.57324   -0.13377   -0.47562    0.39860    0.78243    1.12652
  -0.12147    0.33354   -0.80330    0.18874    0.59456   -0.66977    0.71610
  -0.14928    0.83451    0.48166   -0.75317    0.57913    0.71269    1.26613
  -0.51059    0.97209    0.14741   -0.09589    0.71294    0.50406    1.18953
   0.65313   -0.29285    0.69614    0.56691   -0.94214    0.44793    0.94668
  -0.27764    0.38808   -0.36617    0.20034    0.87376    0.00440    0.50600
  -0.26882    0.42024   -0.36125    0.19876    0.88561    0.01061    0.57211
   0.56368    0.50010    0.17225   -0.50812    0.12799    0.59960    0.99636
  -0.39254    0.69305   -0.20009   -0.57876    0.29964    0.16296    0.93892
   0.29558   -0.14928   -0.60379    0.28695    0.16464   -0.32586    0.50606
   0.60072   -0.32703   -0.20431    0.58018    0.69228   -0.79247    0.69475
   0.18985    0.27914    0.62450   -0.25655    0.26482    0.97102    1.11006
   0.82422   -0.62628    0.23530    0.23725   -0.35854    0.33989    1.27109
   0.86956   -0.61260    0.17208    0.36421   -0.31819    0.32814    1.07503
  -0.56484    0.62876   -0.90839    0.51950    0.68358   -0.22984    0.89989
   0.66644    0.35716    0.74192   -0.09619   -0.53371    0.55065    1.14154
   0.81222    0.27212    0.60966   -0.50704   -0.25725    0.41378    1.25673
   0.19825    0.94428    0.22749   -0.82221    0.42608    0.61015    1.25085
   0.25296    0.68844    0.50059   -0.91579    0.24761    0.49296    1.31674
  -0.34693    0.63605   -0.37504   -0.46790    0.32832    0.17269    1.08033
  -0.25825    0.34333   -0.58600   -0.05295    0.60753   -0.59504    0.64485
   0.48231   -0.52712    0.66360    0.57323   -0.47296   -0.31827    0.90953
   0.30609    0.38972    0.87767   -0.02199    0.19282    0.90016    1.12302
   0.51950    0.01061   -0.26882    0.64876    0.62876   -0.90839    0.74593
   0.61494    0.19391    0.93780    0.03197   -0.20172    0.67123    1.12489
  -0.26198    0.56795    0.03969   -0.50311    0.17092    0.53262    1.14007
   0.12489    0.05512   -0.35354    0.36064    0.88741    0.05770    0.46409
   0.11923    0.04005   -0.50541    0.17054    0.52902   -0.26458    0.43953
   0.60666   -0.35933    0.22549    0.85758    0.01906   -0.41258    0.57664
   0.53043   -0.25655    0.26482    0.97102    0.18985   -0.71735    0.84077
   0.36845    0.48610    0.80714    0.01161    0.18903    0.93613    1.14144
  -0.34982    0.64232   -0.36701   -0.48496    0.34836    0.12690    1.01836
   0.55162    0.18874    0.59456   -0.66977   -0.12147    0.34768    1.20014
   0.53445   -0.20431    0.58018    0.69228   -0.79247    0.60072    0.97057
  -0.69971    0.71702   -0.22168    0.25224    0.98220    0.21820    0.65493
   0.74192    0.01334    0.61041   -0.52129   -0.21111    0.35716    1.21681
   0.12769    0.13881    0.61164   -0.52605   -0.36411    0.38260    1.18967
  -0.45467    0.55340   -0.62998    0.63182    0.64425   -0.34543    0.71122
   0.90093   -0.63921    0.36737    0.01792   -0.33775    0.34971    1.09818
   0.60807   -0.34031    0.22509    0.90754    0.06384   -0.44256    0.93689
  -0.09400    0.47963   -0.92437    0.36296    0.57291   -0.69167    1.02863
   0.07275    0.48391    0.66656   -0.26974    0.20787    0.98901    1.11491
   0.48166    0.38126    0.85220    0.10205    0.09916    0.83451    1.02298
   0.19136   -0.35186   -0.40986    0.44637    0.84217   -0.00472    0.52858
   0.60869    0.16781    0.76428    0.36361   -0.64169   -0.03300    1.00782
   0.30466    0.39053    0.87734   -0.01747    0.19021    0.89846    1.12913
   0.88561    0.01642    0.39168    0.42024   -0.36125    0.19876    1.21376
   0.40519    0.31491    0.89268   -0.07922    0.21086    0.86018    1.16337
   0.03495    0.60807    0.74949   -0.13637   -0.63921    0.35515    1.22690
   0.44201    0.32467    0.64605    0.35834   -0.08699    0.81037    1.09873
  -0.48170    0.58759   -0.88524    0.08795    0.45899    0.18990    1.11565
   0.17683    0.40518   -0.42165    0.15309    0.80553   -0.16146    0.59003
  -0.81999    0.90093   -0.00706    0.17155    0.86651    0.31024    0.69142
   0.62713   -0.36380    0.20134    0.87804    0.01436   -0.30216    0.87457
  -0.05295   -0.39093    0.26397    0.71106    0.34333   -0.58600    0.98212
  -0.24488    0.60072    0.53445   -0.63694   -0.21735    0.58267    1.29268
  -0.02787    0.61370   -0.48962   -0.26855    0.41483    0.83076    1.09555
   0.65388    0.19676    0.84101    0.43098   -0.49809    0.65065    0.97215
   0.97102   -0.28936    0.27914    0.62450   -0.25655    0.26482    1.09703
   0.49069    0.19233    0.89284   -0.10443    0.16094    0.77497    1.06573
   0.12020   -0.39832    0.33462    0.78217    0.24554   -0.68649    0.60701
  -0.46790    0.60461   -0.96352    0.24887    0.63605   -0.37504    1.06049
   0.21947    0.28489   -0.35109    0.23512    0.87803   -0.11876    0.81642
  -0.10988    0.65549    0.64465   -0.34074   -0.50959    0.47499    1.19434
   0.41378   -0.94721    0.27212    0.60966   -0.50704   -0.25725    0.94431
   0.86844   -0.21735    0.58267   -0.24488   -0.37389    0.40442    1.21075
  -0.11293    0.60312    0.61768   -0.97717    0.40906    0.65913    1.24359
  -0.36157    0.60086   -0.71517   -0.11668    0.35197    0.36262    0.98537
   0.59338    0.20787    0.98901    0.07275   -0.13743    0.70016    1.12715
   0.87675   -0.32721    0.29636    0.89524   -0.08379    0.21248    0.95568
   0.24554    0.30980    0.15421   -0.39832    0.33462    0.78217    1.17875
   0.90771   -0.40986    0.44637    0.84217   -0.00472    0.19136    1.11552
  -0.34031    0.60565   -0.64213   -0.18164    0.32908    0.39658    1.12877
   0.59061   -0.34693    0.24707    0.85790    0.02658   -0.49178    0.69570
  -0.89666    0.77748    0.26878   -0.06485    0.79041    0.50176    0.93432
   0.46659    0.55707    0.06987   -0.55116    0.23578    0.62187    1.13407
  -0.45539    0.50059   -0.91579    0.24761    0.49296    0.25296    0.95636
  -0.28678    0.46925   -0.70020   -0.08074    0.61195   -0.40067    0.77777
   0.23725    0.57059    0.72755   -0.04680   -0.62628    0.23530    1.26160
  -0.52089    0.76478    0.39214   -0.64150   -0.06185    0.61004    1.29218
   0.07451    0.32412    0.07848   -0.32080    0.31075    0.90539    1.15555
   0.38254   -0.85379    0.34940    0.57686   -0.79292   -0.01429    0.92999
  -0.29285    0.81222   -0.14898    0.24096    0.96070    0.25594    1.04934
  -0.32080    0.75544   -0.10872   -0.64631    0.32412    0.07848    0.85466
  -0.32721    0.72404   -0.15515   -0.61486    0.31381    0.11379    0.86903
   0.69772   -0.41257    0.15841    0.81719   -0.10900    0.01589    1.09753
   0.36657   -0.05580   -0.62696    0.51583    0.65258   -1.00000    0.68294
   0.50945   -0.02664    0.20428    0.94669    0.33309   -0.80077    0.82912
   0.15841   -0.83396    0.21569    0.49080    0.40880   -0.41257    0.74238
   0.23515   -0.27183    0.29932    0.86130    0.23132   -0.77128    0.78646
  -0.61375    0.21391   -0.39757    0.28678    0.72772    0.31588    0.44290
  -0.39757    0.65883   -0.26073   -0.52762    0.28826    0.21391    1.04628
   0.56647    0.11923    0.68335    0.55268   -0.51871    0.66515    0.94924
  -0.55434    0.61768   -0.97717    0.40906    0.65913   -0.11293    0.86200
  -0.51733    0.77770    0.39921   -0.69552   -0.01591    0.61027    1.05989
   0.18773    0.36845   -0.75322    0.55240    0.55842   -0.91996    0.70936
   0.65196   -0.67688    0.48500    0.64143   -0.99342    0.30957    0.95365
   0.26878    0.31407    0.14804   -0.39945    0.33865    0.77748    1.17620
   0.29636   -0.15515   -0.61486    0.31381    0.11379   -0.32721    0.93867
   0.40359   -0.91341    0.51238    0.54201   -0.70704   -0.07355    0.74701
  -0.30818    0.65913   -0.11293   -0.55434    0.21953    0.33069    1.15499
   0.45899   -0.80605    0.40119    0.58759   -0.88524    0.08795    0.92079
