   3.04600    2.30900    0.90700    0.87100    0.00000    0.00000    3.77500
  -2.03000    2.11800    0.95600    1.64300    0.00000    0.00000    3.63800
   3.04500    2.26000    0.60400    0.83600    0.00000    0.00000    4.19400
   2.35900    2.45400    1.07500    0.95100    0.00000    0.00000    6.31700
   1.94000    2.16000    1.16000    1.60700    0.00000    0.00000    3.13000
   1.19500    3.08000    0.22300    1.38500    0.00000    0.00000    2.07000
   2.19300    3.10300    0.13400    1.01600    0.00000    0.00000    3.65100
   1.74800    2.47900    0.88700    0.95400    0.00000    0.00000    4.20800
   1.99600    3.04900    0.76200    1.25800    0.00000    2.00000    4.36900
   2.04200    1.41700    0.89800    0.64800    0.00000    0.00000    4.42100
   1.53300    3.10300    0.13400    1.34400    0.00000    0.00000    3.17400
  -0.53400    2.66500    0.25100    1.76200    0.00000    0.00000    1.79500
  -0.41000    1.77400    0.42900    2.29900    0.00000    0.00000    1.89700
  -0.38600    1.51200    0.33100    1.62700    1.00000    0.00000    2.89100
   1.29400    3.42600    0.69300    1.48800    0.00000    1.00000    3.02500
   4.23400    4.13700    0.22300    1.54200    0.00000    1.00000    5.19400
   4.59400    2.08600    1.68500    0.39600    0.00000    0.00000    6.72000
   3.25900    3.25000    0.00000    0.95000    0.00000    0.00000    3.92600
   0.99600    2.75500    0.40500    1.84400    0.00000    1.00000    3.23100
   1.24600    2.68500    0.40500    1.14500    0.00000    0.00000    3.11000
   5.36100    3.17400    1.58600    0.91000    2.00000    2.00000    7.38200
   2.24200    3.33200    0.13400    1.51900    0.00000    0.00000    3.55400
   1.44200    3.08000    0.22300    1.58300    0.00000    1.00000    2.27100
   1.91900    2.86800    1.28600    1.29400    0.00000    0.00000    4.80900
   1.39500    2.21500    0.88700    0.88800    0.00000    0.00000    3.93200
   3.04600    2.30900    0.90700    0.87100    0.00000    0.00000    3.78200
   0.43400    2.83600    0.69300    1.43000    0.00000    2.00000    3.17800
   1.59500    3.39300    1.29200    2.12200    0.00000    3.00000    3.47700
   2.81300    3.46100    0.22300    1.12000    0.00000    0.00000    4.46300
   3.46100    3.31100    0.56000    0.92700    0.00000    1.00000    5.27600
   0.96700    3.02900    0.33100    2.13000    0.00000    1.00000    1.88500
   0.11300    2.42800    0.95600    2.60900    0.00000    0.00000    1.30100
   2.06600    2.83400    0.13400    1.00900    0.00000    0.00000    3.44800
   3.12700    3.31500    0.22300    0.79900    0.00000    0.00000    4.50700
  -0.08100    2.70900    0.33100    2.07200    0.00000    0.00000    1.78000
   3.31500    3.51400    0.13400    1.07000    1.00000    0.00000    7.80900
   2.81300    3.53200    0.13400    1.11000    0.00000    0.00000    4.16500
   1.65500    3.10100    1.53500    1.32600    0.00000    1.00000    6.23800
   5.14900    3.22200    1.50100    0.87200    0.00000    0.00000    5.86100
   1.06000    2.72600    0.49600    1.17900    0.00000    1.00000    3.66100
   1.79500    3.31600    0.22300    1.57100    0.00000    1.00000    2.94000
   4.23400    4.08500    0.13400    1.48200    0.00000    0.00000    5.63000
   0.20200    2.02600    0.22300    1.66700    1.00000    0.00000    2.65000
   1.61900    3.08000    0.40500    1.60900    1.00000    1.00000    4.78600
   3.47800    2.12600    0.83000    0.89900    0.00000    0.00000    4.55200
  -0.91700    2.67000    0.49600    2.04700    0.00000    0.00000    1.84200
   3.94800    3.24900    2.07100    1.32700    0.00000    0.00000    6.44600
   4.80400    3.00500    1.68300    0.77400    0.00000    0.00000    7.28700
   0.84600    2.51200    0.13400    1.29300    0.00000    0.00000    2.01600
   2.23900    2.37700    0.82700    0.93800    0.00000    0.00000    3.99100
   2.68900    2.01900    1.31700    1.28800    0.00000    0.00000    4.36800
   2.06000    3.46200    0.40500    1.71700    0.00000    1.00000    4.55700
   0.80000    2.03400    0.64000    1.72700    0.00000    0.00000    2.07200
   2.10200    2.82400    0.22300    1.00000    1.00000    0.00000    3.56000
  -0.38600    1.50000    0.40500    1.66900    0.00000    1.00000    2.66100
   1.88200    3.52000    0.22300    1.59000    0.00000    0.00000    2.88300
   1.51500    2.78100    0.71100    1.14700    0.00000    0.00000    3.84600
   3.58700    3.38900    0.22300    0.84900    0.00000    1.00000    4.10800
   2.35700    3.46100    0.22300    1.11100    0.00000    1.00000    3.39300
   3.23700    3.05200    0.63800    0.90300    0.00000    0.00000    4.90600
   0.20200    0.96500    0.64000    1.69500    0.00000    1.00000    3.27200
   5.20600    2.63900    1.46200    0.83000    0.00000    0.00000    5.98500
   1.67200    1.00000    0.83000    1.43200    0.00000    1.00000    2.85600
   2.50200    3.73400    0.22300    1.42600    0.00000    0.00000    3.18000
   3.91300    4.12100    0.82900    1.55100    0.00000    1.00000    5.65300
   0.49600    2.45600    0.33100    1.25900    0.00000    1.00000    2.85800
   3.06200    4.24700    0.58000    1.36000    2.00000    1.00000    5.06600
  -0.78600    1.25100    0.25100    1.12600    0.00000    0.00000    5.07200
   2.87600    2.26000    0.49900    0.90700    0.00000    0.00000    3.64500
   0.21500    3.81000    1.02500    1.05500    0.00000    2.00000    3.83800
   4.75400    4.05700    1.03200    1.18300    1.00000    3.00000    8.20100
   3.29100    3.60900    0.81100    1.20800    0.00000    0.00000    4.24700
   1.09700    3.35100    0.49600    1.46600    0.00000    0.00000    2.39200
   1.79500    3.13400    0.22300    1.31900    0.00000    0.00000    2.73900
   3.65900    3.86700    0.00000    1.40000    2.00000    0.00000    5.67800
   0.31400    3.02600    0.25100    2.16400    0.00000    0.00000    1.81200
   0.43000    2.81500    0.56000    1.58500    0.00000    2.00000    2.75800
   4.37900    4.28500    0.13400    1.55100    0.00000    0.00000    6.25500
   3.35800    3.63000    0.13400    1.47600    0.00000    0.00000    4.30500
   2.46300    2.06500    1.06200    0.85200    0.00000    0.00000    4.39900
   2.44600    3.55900    0.22300    1.36000    0.00000    0.00000    3.45800
   3.80600    4.03700    0.13400    1.56300    0.00000    0.00000    5.18000
   1.53900    2.52800    0.58000    1.29700    0.00000    0.00000    3.02500
   2.83700    3.64500    0.22300    1.15500    0.00000    0.00000    3.39300
   1.44200    2.86600    0.22300    1.28800    0.00000    0.00000    1.90600
   1.49200    1.94000    0.74900    1.06600    0.00000    0.00000    2.99000
   2.03300    1.78300    0.57000    1.18700    1.00000    0.00000    6.06400
   1.81700    1.50000    0.83000    1.89100    0.00000    0.00000    2.92000
   4.09800    4.11400    0.22300    1.57100    0.00000    0.00000    5.21900
   3.23400    4.07700    0.95600    1.90900    0.00000    0.00000    4.44800
   0.54800    1.96100    0.13400    1.21500    1.00000    0.00000    2.56700
  -0.53400    2.36600    0.40500    1.73500    0.00000    0.00000    0.24200
   2.05200    2.97100    0.97200    1.25500    0.00000    2.00000    4.56500
   0.15800    1.83100    1.18200    1.90100    0.00000    2.00000    1.23400
   2.94200    3.17900    0.00000    1.06300    0.00000    0.00000    3.82200
   3.31100    3.27400    1.21400    1.01100    0.00000    0.00000    6.54000
   2.78600    3.43600    0.33100    0.95100    0.00000    0.00000    4.33800
   3.90600    4.41300    0.56000    1.17000    1.00000    2.00000    7.89900
   2.03100    3.17700    0.91800    1.91900    0.00000    0.00000    4.11600
   2.48100    2.07900    0.98800    0.83600    0.00000    1.00000    2.60800
   0.99600    2.75500    0.40500    1.55900    0.00000    1.00000    3.12300
   1.58000    2.96100    0.40500    1.38800    0.00000    0.00000    3.07000
   1.87800    3.35300    0.40500    1.41800    1.00000    1.00000    5.01800
   3.14800    3.47500    0.40500    0.87500    1.00000    2.00000    4.80300
   0.14300    2.08600    0.33100    1.22100    1.00000    0.00000    3.81500
   1.44200    3.08000    0.22300    1.58300    0.00000    1.00000    3.06100
  -0.53400    2.37700    0.33100    1.73400    0.00000    0.00000    1.47400
   1.70100    2.50800    0.58000    0.94100    0.00000    0.00000    3.34500
  -0.54400    2.08500    0.56000    2.45100    0.00000    0.00000    1.18000
   3.05100    3.33200    0.13400    0.90900    0.00000    0.00000    4.89100
   3.07600    2.68400    0.98800    1.22600    0.00000    1.00000    4.40400
   2.02100    3.36100    0.22300    1.43700    1.00000    2.00000    3.16800
   4.44900    3.69000    1.15900    1.29500    0.00000    2.00000    5.74900
   1.56500    3.64100    0.33100    1.93300    0.00000    1.00000    2.67000
   2.35700    2.85700    1.42100    2.28200    0.00000    0.00000    4.29500
   0.65500    2.13700    0.22300    1.17900    0.00000    0.00000    3.28800
   3.39500    3.31500    0.22300    0.96000    0.00000    0.00000    4.62900
   3.21000    2.62000    0.49900    0.99000    0.00000    0.00000    4.33000
   0.70600    3.21900    0.40500    1.60500    0.00000    0.00000    1.08800
   3.11200    3.31400    0.33100    1.17300    1.00000    0.00000    3.81200
   1.34800    2.18900    0.58000    0.86300    0.00000    0.00000    3.11500
   0.99600    1.52300    1.02800    1.51200    0.00000    1.00000    2.69300
   2.22600    2.02400    0.83000    1.76100    0.00000    0.00000    3.00700
   2.48100    2.07900    0.98800    0.83600    0.00000    1.00000    3.29800
   1.39500    2.21500    0.88700    0.88800    0.00000    0.00000    4.08400
   3.39900    4.32700    0.56000    1.25400    2.00000    5.00000    6.68300
   3.29100    3.66900    0.48600    1.37400    0.00000    0.00000    3.70100
   2.60400    3.21900    0.81100    1.12700    0.00000    0.00000    4.75900
   0.90600    2.83100    1.39300    1.07700    0.00000    1.00000    5.31700
   4.37900    4.18100    0.57000    1.38300    0.00000    0.00000    6.21300
   0.08700    2.12600    0.25100    1.71900    0.00000    0.00000    2.45800
   2.65900    3.24700    0.87400    1.22100    0.00000    1.00000    4.26200
   2.34500    3.40200    0.49600    1.45000    1.00000    0.00000    4.55700
   2.93800    1.88600    1.15300    0.52300    0.00000    0.00000    4.73700
   3.87600    3.46500    0.00000    0.83700    0.00000    0.00000    4.80900
   2.52600    2.71000    0.93000    0.72400    0.00000    0.00000    4.83800
   2.60400    3.27700    0.48600    1.41600    0.00000    0.00000    5.47000
  -1.18600    2.53400    0.87200    1.61900    0.00000    0.00000    2.73200
   1.74800    2.47900    0.88700    0.95400    0.00000    0.00000    4.11900
   2.31400    3.92400    0.69300    1.70700    0.00000    2.00000    4.71300
   2.85900    3.25200    0.13400    0.87500    0.00000    0.00000    5.29200
   1.74600    3.69100    0.71100    1.07300    0.00000    2.00000    5.47200
   0.82800    2.22200    0.71100    0.84900    0.00000    0.00000    3.64100
  -0.47300    2.42900    0.40500    1.95400    0.00000    0.00000    0.93100
   0.20200    1.59400    0.22300    1.06800    0.00000    0.00000    4.56400
   2.19300    3.10300    0.13400    1.52100    0.00000    0.00000    3.26700
   3.61800    4.05000    0.69300    1.38100    0.00000    2.00000    5.49000
   4.33200    4.53500    0.56000    1.13700    1.00000    2.00000    8.57100
   3.18400    3.38000    0.87400    0.90300    0.00000    1.00000    5.27800
   2.85100    3.00000    0.00000    0.93800    1.00000    0.00000    3.51300
   1.21000    3.03300    0.69300    1.31200    1.00000    0.00000    4.83200
   2.19300    3.01200    0.22300    1.02300    0.00000    0.00000    3.92000
   1.71700    2.81900    0.73200    1.48300    0.00000    0.00000    2.94100
   3.51600    3.44100    0.00000    1.66700    0.00000    0.00000    4.53800
   3.22500    2.11100    1.47700    1.29800    0.00000    0.00000    5.73000
   1.44200    3.08000    0.22300    1.46200    2.00000    0.00000    2.49400
   1.39100    2.43400    1.17000    0.99600    1.00000    0.00000    3.57500
   1.88700    2.08000    0.49600    0.85800    0.00000    0.00000    3.02200
   2.60400    3.21900    0.81100    1.15100    0.00000    0.00000    3.39700
   1.31700    2.80400    1.11000    0.61800    0.00000    6.00000    6.25400
   1.86900    3.80200    0.40500    1.52700    1.00000    0.00000    3.70000
   2.57300    2.16400    1.43700    1.22700    0.00000    2.00000    6.20700
   2.60400    2.02400    0.97700    1.32800    0.00000    0.00000    5.05200
   1.61000    2.25100    0.63800    0.87100    1.00000    0.00000    4.41600
   3.16000    3.64100    1.19200    1.48100    0.00000    1.00000    5.05200
   3.79500    2.47700    0.83000    0.98300    0.00000    0.00000    4.74300
   0.54800    2.13700    0.22300    1.37500    3.00000    0.00000    4.86500
   1.46700    2.21600    0.58200    1.28700    0.00000    0.00000    2.74000
   2.05600    2.19800    0.79800    0.79000    0.00000    1.00000    3.32800
   2.18600    3.17100    0.13400    1.01100    0.00000    0.00000    3.98400
   1.65400    3.37800    1.38000    1.25000    0.00000    0.00000    4.85400
  -0.06300    2.98000    0.25100    1.95900    0.00000    0.00000    1.65100
   2.21700    4.88000    0.13400    1.85300    0.00000    0.00000    4.77000
   1.51400    2.08000    0.76400    0.78800    0.00000    0.00000    4.96100
   2.19300    3.10300    0.13400    1.01600    0.00000    0.00000    3.21000
   1.06400    2.54400    0.22300    1.24500    0.00000    0.00000    3.38000
   2.35100    3.03600    0.40500    1.20500    0.00000    1.00000    4.24700
  -0.45000    3.81500    1.82500    1.35100    0.00000    0.00000    4.69100
   1.02000    2.93800    1.38500    1.22500    0.00000    2.00000    4.59300
   3.35800    3.70000    0.22300    1.55600    0.00000    1.00000    3.97100
   2.37000    2.23300    0.64000    0.92000    1.00000    0.00000    4.75000
   3.95300    4.00500    0.22300    1.54500    0.00000    1.00000    5.05500
   0.60200    1.88300    0.71100    1.16200    0.00000    0.00000    2.92400
   1.66000    2.54800    0.94700    1.05100    1.00000    0.00000    3.58800
   3.11000    1.73300    1.07700    0.81000    0.00000    0.00000    4.63000
   1.70100    2.50800    0.58000    0.94100    0.00000    0.00000    3.76600
  -0.29400    4.06100    0.13400    1.65800    0.00000    0.00000    3.15100
   1.97100    3.54200    1.38000    1.26400    0.00000    0.00000    6.28400
   1.60200    2.64700    1.28600    1.27800    0.00000    0.00000    4.50800
   4.06300    2.08500    1.07900    0.89500    0.00000    0.00000    4.89000
   2.62100    2.34800    0.76200    0.85000    0.00000    0.00000    3.76900
   2.21400    3.24000    0.56000    0.88900    0.00000    0.00000    4.54400
   2.12700    2.08600    0.64000    0.83800    0.00000    0.00000    3.99500
   2.22600    1.43900    1.07900    1.86700    0.00000    0.00000    3.21300
   2.51000    3.33200    0.13400    1.51900    0.00000    0.00000    3.41500
   1.96900    1.94500    0.88900    0.83500    0.00000    0.00000    3.92700
   3.90900    2.08600    1.50100    0.76600    0.00000    0.00000    6.09300
   0.68000    1.63400    0.79800    1.09300    0.00000    0.00000    2.56900
   2.65000    3.90500    0.56000    1.39900    1.00000    0.00000    4.94700
   2.54500    3.60100    0.22300    1.35000    3.00000    2.00000    4.32000
   0.09400    1.35900    0.13400    1.13000    1.00000    0.00000    3.47000
   3.95800    3.46500    0.00000    0.80200    0.00000    0.00000    4.98400
   1.84500    3.18800    1.18200    1.24400    0.00000    1.00000    5.01200
   1.56400    3.58800    0.25100    1.50600    0.00000    0.00000    3.57000
   2.54000    3.45200    0.33100    1.09800    0.00000    1.00000    3.74200
   2.19300    3.10300    0.13400    1.01600    0.00000    0.00000    3.22000
  -0.31700    1.12600    0.13400    1.43100    0.00000    0.00000    1.39900
  -0.43900    3.31500    0.91600    1.75300    0.00000    2.00000    2.50100
   4.03800    4.02900    0.96500    1.72900    0.00000    0.00000    4.45100
   2.29600    2.56800    0.38900    1.01200    0.00000    0.00000    3.51300
   1.70100    2.44800    0.63800    1.12100    0.00000    0.00000    2.90400
   1.80700    3.02700    0.33100    1.01100    0.00000    1.00000    3.00900
   1.78300    2.98200    0.49600    1.15100    0.00000    1.00000    3.66500
   5.57900    4.63000    0.40500    1.45800    2.00000    1.00000    3.13900
   2.43300    3.55000    1.18200    1.62400    0.00000    0.00000    4.81100
   1.85900    2.83400    0.13400    1.23700    0.00000    0.00000    3.03000
   1.99400    3.26000    0.25100    1.28700    0.00000    1.00000    2.74500
   3.56200    2.77800    0.83000    1.04600    0.00000    0.00000    6.65200
   2.64200    3.73400    0.22300    1.45000    2.00000    1.00000    3.84000
   2.27400    3.66900    0.22300    1.59900    0.00000    0.00000    3.66500
   2.46100    2.56800    0.58200    0.93100    0.00000    0.00000    3.59400
   4.19000    2.25100    1.50100    1.19700    0.00000    0.00000    5.63200
   2.59200    3.32300    0.40500    1.17000    0.00000    2.00000    4.57700
   0.78700    3.07300    0.69300    1.85100    0.00000    2.00000    4.01600
   0.40800    2.46200    0.22300    1.66900    0.00000    0.00000    1.52400
   2.22300    3.06700    1.28600    1.30900    0.00000    0.00000    5.31800
   2.45900    3.61300    1.33600    0.83900    0.00000    0.00000    4.88600
   1.75600    3.11100    0.40500    1.05000    0.00000    2.00000    5.16900
   1.80700    3.03600    0.40500    1.20500    1.00000    0.00000    3.73300
   2.99100    2.44200    0.93400    0.98400    0.00000    1.00000    4.20800
   2.51000    3.25200    0.22300    1.07700    0.00000    0.00000    4.22000
   1.37300    3.02600    0.40500    1.78700    0.00000    1.00000    2.55100
   4.17900    3.59600    0.97200    0.94100    0.00000    1.00000    4.82800
   1.79500    3.31600    0.22300    1.57100    1.00000    0.00000    3.97900
   3.76200    3.04400    1.02800    0.95900    1.00000    0.00000    5.95000
   1.75000    3.02300    0.56000    1.16800    0.00000    1.00000    3.37900
   2.99800    3.95700    0.22300    1.26900    2.00000    3.00000    4.57700
   3.90900    3.70900    1.37100    1.47800    0.00000    1.00000    5.56800
   3.02600    3.87100    0.82900    1.55800    0.00000    1.00000    4.53900
   1.79500    3.13400    0.22300    1.31900    0.00000    0.00000    4.80400
   3.65900    2.35100    1.58600    1.25000    0.00000    4.00000    6.41600
   4.43600    3.39000    0.93400    0.88900    0.00000    0.00000    5.26400
   4.06300    2.08500    1.07900    0.89500    0.00000    0.00000    4.74000
   1.95300    2.21600    0.38900    0.79600    0.00000    0.00000    3.75100
   0.37000    4.08600    0.45200    1.84300    0.00000    0.00000    3.46300
   2.85900    3.19100    0.22300    0.84700    0.00000    0.00000    4.96700
   1.40100    2.44200    1.21100    2.25400    0.00000    0.00000    4.30500
   3.61800    4.05000    0.69300    1.38100    0.00000    2.00000    5.36700
   4.03800    3.11300    1.59300    1.31900    1.00000    1.00000    6.14300
  -0.17200    1.94600    0.22300    1.92900    0.00000    0.00000    0.53400
   1.39500    2.18300    0.93000    0.84600    0.00000    0.00000    3.66600
   1.74200    3.63400    0.69300    1.74700    0.00000    2.00000    4.05100
   2.35400    2.43500    1.11300    1.10900    0.00000    1.00000    2.83900
   4.63400    2.12600    1.27800    0.89600    0.00000    0.00000    5.36100
  -0.74100    2.33000    0.58000    1.77600    0.00000    2.00000    0.89000
   2.10200    2.72800    0.13400    0.92300    0.00000    0.00000    3.42000
   3.26700    3.73900    0.00000    1.25000    1.00000    2.00000    2.14900
   4.41600    3.25200    0.49900    0.83200    0.00000    0.00000    4.67400
   4.87800    3.81900    0.61500    0.86400    0.00000    0.00000    3.71500
   2.12700    2.21600    0.58200    0.83900    0.00000    0.00000    4.35300
   3.29100    2.18900    1.58600    2.00000    0.00000    0.00000    5.24200
   2.23900    2.37700    0.82700    0.93800    0.00000    0.00000    5.00500
   1.61000    2.25100    0.63800    0.87100    1.00000    0.00000    4.17500
   2.23300    3.05000    0.40500    0.86800    1.00000    3.00000    6.19500
   1.15500    3.08000    0.82700    1.07900    2.00000    0.00000    5.47800
   1.54800    3.13400    0.22300    1.19300    0.00000    0.00000    2.69200
   2.64600    1.88600    1.11500    0.65300    0.00000    0.00000    4.34200
   0.20200    0.66700    0.58200    1.36100    0.00000    0.00000    4.74800
   1.61000    2.11000    0.58000    0.80500    0.00000    0.00000    3.78700
   4.57000    4.82900    0.33100    1.52100    4.00000    4.00000    6.34700
   0.20200    0.96500    0.64000    1.69500    1.00000    0.00000    4.37000
   2.35700    3.60100    0.22300    1.25400    0.00000    1.00000    3.14100
   2.27400    3.74000    0.13400    1.58100    0.00000    0.00000    3.72100
   2.02600    2.21900    0.60400    1.53700    0.00000    0.00000    3.26200
   1.58700    1.85500    1.17900    1.44000    0.00000    0.00000    2.83800
   0.80000    2.87800    0.13400    1.68400    0.00000    0.00000    2.42500
  -0.31700    1.75100    0.62900    1.48300    0.00000    0.00000    0.36100
  -0.46300    2.86200    1.03100    1.82800    0.00000    3.00000    4.51200
   3.47400    3.67500    1.11200    1.31400    0.00000    1.00000    4.70600
   3.52200    4.31100    1.49600    0.96400    0.00000    0.00000    5.19000
   1.78300    2.98200    0.49600    1.15100    0.00000    1.00000    3.52200
   0.34700    1.51200    0.64000    1.84400    0.00000    0.00000    3.20300
   3.25900    3.40700    0.00000    1.11100    0.00000    0.00000    4.19200
   0.34700    2.56000    0.13400    1.75800    0.00000    0.00000    2.28300
   3.31400    2.01900    1.12600    0.79300    0.00000    0.00000    5.00100
   2.64000    2.12200    1.62100    1.51100    0.00000    0.00000    5.67700
   2.77300    3.74900    0.33100    1.27800    0.00000    0.00000    4.77700
   0.99600    1.00000    1.15000    0.96800    0.00000    1.00000    3.49900
   2.40200    3.45200    0.33100    1.47600    1.00000    0.00000    3.87000
   0.28900    2.55500    1.11000    1.68600    0.00000    0.00000    2.60100
   1.45900    3.43200    0.63800    1.38500    0.00000    1.00000    5.33900
   3.29100    3.60900    0.81100    1.20800    0.00000    0.00000    4.46900
   4.41200    3.26000    0.81100    0.70200    0.00000    0.00000    6.29800
   2.29400    3.02300    0.56000    1.16800    0.00000    1.00000    3.92400
   2.44600    3.70000    0.22300    1.55600    0.00000    1.00000    3.66200
   1.50600    2.51200    0.13400    0.86200    0.00000    0.00000    3.07800
   1.32100    3.19600    1.38000    1.23400    0.00000    0.00000    6.01800
   2.12900    3.52000    0.22300    1.56200    0.00000    1.00000    3.44600
   1.46700    2.34400    0.58200    1.59000    0.00000    0.00000    3.10900
   3.50800    2.92800    1.13100    0.90800    0.00000    2.00000    5.86000
   2.37100    2.20600    1.30000    1.36000    0.00000    0.00000    4.73900
   1.14500    3.93700    0.76200    1.70800    0.00000    0.00000    3.29700
   4.83300    4.14100    0.13400    1.22000    0.00000    0.00000    6.23300
   3.38600    3.17900    0.00000    0.80500    0.00000    0.00000    4.32200
   2.35200    3.04600    0.00000    1.33300    0.00000    2.00000    4.07500
   3.50300    3.89600    0.13400    1.57100    0.00000    0.00000    4.82200
   1.82100    2.47000    1.43700    1.34600    2.00000    2.00000    6.35100
   2.05000    3.57000    1.37400    2.25900    0.00000    0.00000    6.08300
  -1.05300    2.33300    0.25100    1.94600    0.00000    0.00000    2.57600
   4.54800    4.46100    0.40500    1.13900    0.00000    1.00000    4.72700
   2.63700    3.01200    0.22300    0.76000    0.00000    0.00000    4.53800
   1.20900    3.03500    0.22300    1.66200    0.00000    0.00000    2.21700
   4.06300    2.08500    1.07900    0.89500    0.00000    0.00000    4.79000
   3.38600    3.86700    0.13400    1.17400    0.00000    0.00000    4.06400
   3.56200    3.60500    0.00000    1.15000    0.00000    0.00000    4.51000
   5.74100    4.35600    1.02800    1.22400    0.00000    1.00000    5.75800
   4.50600    4.25800    0.22300    1.53800    0.00000    1.00000    5.74100
   2.53800    3.34300    1.06800    0.92300    0.00000    0.00000    3.32700
   2.42000    3.11000    0.00000    1.07900    2.00000    0.00000    3.97400
   3.12400    3.25200    0.00000    1.41700    0.00000    0.00000    3.29900
   1.66700    2.47700    0.40500    0.87600    1.00000    0.00000    4.72500
   0.18000    0.97300    0.98800    1.48900    0.00000    1.00000    2.72500
   2.24200    3.33200    0.13400    1.29400    0.00000    0.00000    3.37400
   3.90300    4.56600    0.35700    1.39400    4.00000    1.00000    6.92300
   2.27800    3.65100    1.15100    0.91100    0.00000    2.00000    4.54000
   1.27100    3.06500    0.92300    1.31700    0.00000    0.00000    2.01500
   3.46700    4.28500    0.13400    1.71000    0.00000    0.00000    5.38000
   4.63900    4.53200    0.40500    1.18900    2.00000    2.00000    5.54100
   3.79500    2.12600    0.97700    0.77100    0.00000    0.00000    5.28400
   3.79500    2.47700    0.83000    0.98300    0.00000    0.00000    4.54000
   1.97600    3.04100    0.94700    1.29800    0.00000    1.00000    6.60700
   1.89700    3.19800    0.40500    1.39900    0.00000    0.00000    3.87400
   2.99400    3.17900    0.00000    0.80500    0.00000    0.00000    4.15400
   2.10200    2.82400    0.22300    1.00000    1.00000    0.00000    3.36000
   3.31400    1.92500    1.16000    0.80100    0.00000    0.00000    4.49900
   1.11200    2.28300    1.07000    1.22300    0.00000    0.00000    4.27800
   1.74800    2.47900    0.88700    0.95400    0.00000    0.00000    4.25700
   0.80000    2.87800    0.13400    2.10200    0.00000    0.00000    1.93200
   2.33500    1.82200    0.68100    0.79400    0.00000    0.00000    3.69600
   1.57000    3.38000    0.63800    1.50600    0.00000    1.00000    4.38000
   3.16700    3.67500    1.71800    1.24800    0.00000    0.00000    4.13600
   1.39500    2.21500    0.88700    0.88800    0.00000    0.00000    4.33000
   2.23900    2.37700    0.82700    0.93800    0.00000    0.00000    3.91000
   2.12900    3.36100    0.22300    1.34200    0.00000    0.00000    5.48500
   2.22600    2.02400    0.83000    1.76100    0.00000    0.00000    2.92800
   1.20900    3.14300    0.13400    1.64100    0.00000    0.00000    2.26400
   2.43700    4.62800    1.20900    1.96800    0.00000    0.00000    4.55100
   2.81300    3.53200    0.13400    1.51800    0.00000    0.00000    3.95900
   1.58700    2.87500    0.58200    2.31100    0.00000    0.00000    3.07500
   1.85900    2.72800    0.22300    0.95300    0.00000    0.00000    3.89700
   3.42600    1.89200    1.44100    0.77600    0.00000    0.00000    6.08700
   1.70100    2.50800    0.58000    0.94100    0.00000    0.00000    3.79900
   2.92200    3.24700    0.63800    0.88900    0.00000    1.00000    4.68000
   0.84600    2.51200    0.13400    1.29300    0.00000    0.00000    2.36400
   1.88600    2.09400    0.82700    0.86000    0.00000    0.00000    5.44900
   2.35200    3.04600    0.00000    1.33300    4.00000    0.00000    3.61400
   3.34500    3.81400    0.33100    1.22500    0.00000    1.00000    3.69800
   1.37300    3.02600    0.40500    1.78700    0.00000    1.00000    3.81000
   0.99600    1.09400    1.23600    1.46100    0.00000    1.00000    1.91100
   3.84200    3.16000    1.02800    0.80900    0.00000    0.00000    5.93900
   1.24600    2.88800    0.25100    0.94400    0.00000    0.00000    1.93500
   2.27400    3.66900    0.22300    1.77800    0.00000    0.00000    3.60400
   1.05000    2.86600    0.22300    1.33300    0.00000    1.00000    2.27000
   1.89000    3.35800    1.34800    1.32800    0.00000    0.00000    3.85200
   0.20200    2.02600    0.22300    1.66700    0.00000    1.00000    0.85500
   3.66100    3.73400    0.22300    1.37400    0.00000    0.00000    5.15900
   2.42000    3.17100    0.13400    1.18900    1.00000    0.00000    3.56900
   1.80700    3.02700    0.33100    1.47200    1.00000    0.00000    3.51000
   2.60800    2.91000    0.00000    1.00000    0.00000    0.00000    3.44700
   1.94000    2.42300    0.94900    1.15000    0.00000    0.00000    2.44000
   2.19300    3.01200    0.22300    1.02300    0.00000    0.00000    3.75100
   2.90400    4.13500    0.58000    1.26300    1.00000    2.00000    5.53800
   0.22600    2.84100    0.88000    1.70500    0.00000    3.00000    1.64700
  -1.16900    2.81700    1.01200    1.52100    0.00000    3.00000    2.06900
   2.57500    3.87400    0.63800    1.35200    4.00000    1.00000    4.56100
   3.88700    3.69000    0.22300    0.88300    0.00000    0.00000    6.64400
   2.79900    1.97500    0.80200    0.77500    1.00000    0.00000    4.22700
   5.25800    4.43600    0.76400    1.22700    0.00000    1.00000    5.41200
   4.83200    4.21100    0.93200    1.04500    0.00000    1.00000    8.91600
   2.72900    2.08000    0.89100    0.81600    0.00000    0.00000    4.33200
   3.31400    2.01900    1.12600    0.79300    0.00000    0.00000    4.73000
   1.61000    2.25100    0.63800    0.87100    1.00000    0.00000    4.02100
   0.74900    3.13700    0.40500    1.31200    0.00000    2.00000    1.08600
   5.12400    2.93100    1.71000    0.93500    2.00000    2.00000    7.01700
   1.20900    3.03500    0.22300    1.94100    0.00000    0.00000    2.10700
   3.18600    3.66900    0.22300    1.59900    0.00000    0.00000    3.98400
   4.29500    4.28800    0.86500    1.32700    0.00000    0.00000    5.64200
   2.20000    1.27900    1.32700    1.28400    0.00000    0.00000    4.69700
   1.79500    3.31600    0.22300    1.57100    0.00000    1.00000    2.85600
   2.50200    3.73400    0.22300    1.28200    0.00000    0.00000    3.38700
  -0.38600    1.33300    0.75400    1.14800    0.00000    1.00000    3.48700
   0.20200    2.03100    0.87200    1.47500    0.00000    1.00000    6.42400
   1.04200    3.33000    0.56000    1.55500    0.00000    2.00000    3.69100
  -0.29700    1.71300    1.09800    1.75200    0.00000    0.00000    3.04600
   1.85100    3.59100    0.58000    1.68500    0.00000    1.00000    4.11700
  -0.19700    3.35100    0.79700    2.45600    2.00000    0.00000    3.90300
  -0.81600    2.03100    0.85400    2.59100    0.00000    0.00000    2.68900
   3.12700    3.31500    0.22300    0.79900    0.00000    0.00000    4.44000
   4.63400    2.12600    1.27800    0.89600    0.00000    0.00000    5.81500
   1.49000    2.76500    0.33100    0.95100    0.00000    1.00000    2.55000
   2.52700    3.58700    0.67500    2.10800    0.00000    0.00000    3.65600
   4.57900    4.03100    1.11300    1.10600    1.00000    2.00000    7.64000
   6.20300    5.92600    0.13400    1.67100    0.00000    0.00000    4.62800
   1.53300    2.82400    0.22300    1.05100    0.00000    0.00000    4.05000
   0.98200    2.11900    0.92300    1.17900    0.00000    1.00000    1.05000
   4.73800    4.32400    0.00000    1.20500    0.00000    1.00000    4.30200
   2.91800    3.76300    0.91600    0.87800    0.00000    6.00000    4.81800
   2.82100    3.62900    0.33100    1.47800    0.00000    1.00000    3.24000
   4.19000    1.92500    1.36400    0.42100    0.00000    0.00000    5.59100
   2.27300    2.97100    0.85900    2.16200    0.00000    0.00000    4.49900
   1.24600    2.68500    0.40500    1.14500    0.00000    0.00000    3.21900
   3.19000    2.41700    1.02800    1.16200    0.00000    1.00000    4.16900
   1.79500    3.31600    0.22300    1.57100    1.00000    0.00000    3.85400
   2.35800    1.98300    1.71400    2.10500    0.00000    0.00000    5.06200
   2.72900    1.96200    0.93400    0.81900    0.00000    0.00000    4.29600
   2.11000    3.26000    0.40500    1.15100    1.00000    0.00000    3.83500
  -2.88400    3.00100    0.13400    2.92000    0.00000    0.00000    2.37500
   0.89300    2.35900    0.40500    0.81400    0.00000    0.00000    4.28700
   1.14100    3.13700    0.25100    1.33500    0.00000    0.00000    2.41200
   2.72300    3.23500    1.13100    0.99600    0.00000    0.00000    5.35400
  -0.16500    3.31100    0.97200    2.20800    0.00000    3.00000    4.24400
   4.06800    3.11100    0.73200    0.92300    0.00000    0.00000    5.64300
   0.65500    2.46200    0.22300    1.62500    0.00000    1.00000    1.35200
   0.45400    2.85500    1.33100    1.32500    0.00000    2.00000    7.04500
   2.19300    3.01200    0.22300    1.02300    0.00000    0.00000    3.85700
   2.55800    3.73800    1.13100    1.58400    1.00000    2.00000    4.42200
   1.06400    2.80200    0.22300    1.60000    1.00000    0.00000    3.93700
   2.94200    3.17900    0.00000    1.06300    0.00000    0.00000    3.94700
   2.10200    2.82400    0.22300    1.00000    0.00000    1.00000    2.87000
   5.08900    4.21600    0.22300    1.24800    0.00000    0.00000    5.89600
   1.75900    3.56700    0.71100    1.50100    1.00000    3.00000    4.04300
   2.34300    1.88600    0.98800    0.76400    0.00000    0.00000    3.88900
   1.76900    2.51200    0.22300    0.92900    1.00000    0.00000    3.91900
   4.92600    2.26000    1.44300    0.90200    0.00000    0.00000    6.00600
   1.23900    3.02300    0.56000    1.34900    1.00000    0.00000    3.91700
   3.25900    3.40700    0.00000    1.11100    0.00000    0.00000    4.27900
   2.97400    3.33300    0.40500    0.96300    1.00000    0.00000    5.63000
   3.55700    4.22300    0.63800    1.11700    0.00000    1.00000    8.16900
   0.58600    2.67700    0.33100    1.58200    0.00000    1.00000    2.89500
   3.12600    3.18100    0.60400    1.52000    0.00000    0.00000    4.68000
  -0.93700    3.20100    0.69300    2.00400    0.00000    0.00000    0.33000
   3.15700    2.08000    1.03300    0.90200    0.00000    0.00000    3.69300
   3.45100    3.40200    0.60400    1.51700    0.00000    0.00000    5.08600
   1.44200    3.08000    0.22300    1.58300    1.00000    0.00000    3.72700
