   0.70600    3.21900    0.40500    1.60500    0.00000    0.00000    1.13400
   3.61700    1.96200    1.34500    0.78300    0.00000    0.00000    5.75200
   1.22900    2.32900    0.71100    0.86800    0.00000    1.00000    3.09700
   1.39800    2.88800    0.25100    1.77100    0.00000    0.00000    2.98300
   1.20900    3.14300    0.13400    1.64100    0.00000    0.00000    2.48700
   3.81800    2.37400    1.16000    0.97900    0.00000    1.00000    5.04800
   1.09100    2.30900    0.76200    0.84500    1.00000    0.00000    3.60100
   1.70100    2.50800    0.58000    0.94100    0.00000    0.00000    3.24200
   1.59100    2.72800    0.22300    0.95300    0.00000    0.00000    2.37100
   3.31100    3.27400    1.21400    1.01100    0.00000    0.00000    6.54000
   3.80600    3.98000    0.22300    1.57800    0.00000    0.00000    4.81900
  -0.93700    3.15500    0.63800    2.12800    0.00000    0.00000    1.10200
   0.87400    2.59100    0.33100    1.62900    0.00000    0.00000    2.39500
   3.47400    3.67500    1.11200    1.31400    0.00000    1.00000    4.70600
   0.96700    3.02900    0.33100    2.13000    0.00000    1.00000    1.88500
   3.79500    2.47700    0.83000    0.98300    0.00000    0.00000    4.54000
   0.78700    3.07300    0.69300    1.85100    0.00000    2.00000    4.01600
   2.12700    2.21600    0.58200    0.83900    0.00000    0.00000    4.35300
   2.24200    3.33200    0.13400    1.06800    0.00000    0.00000    3.80600
   5.08900    4.21600    0.22300    1.24800    0.00000    0.00000    5.89600
   1.76900    2.51200    0.22300    0.92900    1.00000    0.00000    3.91900
   2.24100    2.43000    0.49600    0.94600    0.00000    0.00000    3.44100
   2.21300    2.52600    0.71300    1.20100    1.00000    0.00000    3.56100
   1.70100    2.44800    0.63800    1.12100    0.00000    0.00000    2.90400
   2.51000    3.25200    0.22300    1.07700    0.00000    0.00000    4.22000
   3.14800    3.47500    0.40500    0.87500    1.00000    2.00000    4.80300
   2.27300    2.97100    0.85900    2.16200    0.00000    0.00000    4.49900
  -0.22600    2.12600    0.40500    1.12700    0.00000    0.00000    3.20600
   1.74200    3.63400    0.69300    1.74700    0.00000    2.00000    4.05100
   2.51000    3.33200    0.13400    1.51900    0.00000    0.00000    3.41500
   2.57600    3.78800    0.69300    1.36500    0.00000    2.00000    4.66400
   3.57100    3.62900    0.22300    0.80200    0.00000    0.00000    4.26900
   5.20600    2.63900    1.46200    0.83000    0.00000    0.00000    5.98500
   2.81300    3.46100    0.22300    1.12000    0.00000    0.00000    4.67200
   0.89300    2.35900    0.40500    0.81400    0.00000    0.00000    4.28700
   4.63300    3.88800    0.69300    0.97800    0.00000    2.00000    6.60000
   1.70000    2.47700    0.40500    0.87600    0.00000    1.00000    2.47400
   2.78200    3.26000    0.40500    0.92100    0.00000    0.00000    4.57800
   4.20700    3.32300    1.23200    1.13400    0.00000    0.00000    6.52500
   2.57700    3.47700    0.69300    1.34400    0.00000    2.00000    4.11600
   0.88800    2.50700    0.40500    1.65200    0.00000    2.00000    2.49500
   1.74800    2.47900    0.88700    0.95400    0.00000    0.00000    5.34100
   2.57500    3.87400    0.63800    1.35200    4.00000    1.00000    4.56100
   2.11000    4.20500    1.51200    1.04600    0.00000    2.00000    5.00200
   2.11600    1.96500    1.02800    0.76200    0.00000    0.00000    5.30300
   2.12900    3.52000    0.22300    1.56200    0.00000    1.00000    3.44600
   3.16700    3.67500    1.71800    1.24800    0.00000    0.00000    4.13600
   1.99600    3.04900    0.76200    1.25800    0.00000    2.00000    4.36900
  -0.31700    1.12600    0.13400    1.43100    0.00000    0.00000    1.39900
  -1.16900    2.81700    1.01200    1.52100    0.00000    3.00000    2.06900
   5.33900    4.37200    0.13400    1.25400    0.00000    0.00000    6.56900
   1.06400    2.54400    0.22300    1.24500    0.00000    0.00000    3.38000
   2.82100    3.62900    0.33100    1.47800    0.00000    1.00000    3.24000
   2.59200    3.32300    0.40500    1.17000    0.00000    2.00000    4.57700
   4.63900    4.53200    0.40500    1.18900    2.00000    3.00000    5.10400
   1.58700    3.36900    0.13400    1.61400    0.00000    0.00000    2.22600
   1.50600    2.51200    0.13400    0.86200    0.00000    0.00000    3.07800
   1.14100    3.13700    0.25100    1.33500    0.00000    0.00000    2.41200
   1.39100    2.43400    1.17000    0.99600    1.00000    0.00000    3.57500
   3.50800    2.92800    1.13100    0.90800    0.00000    2.00000    5.86000
   3.31800    2.98700    1.07600    0.92100    0.00000    1.00000    6.07700
  -1.26500    1.78600    0.70200    1.08100    0.00000    0.00000    8.13200
   0.20400    2.53600    0.49600    1.48200    0.00000    1.00000    3.03000
   1.94000    3.56600    0.13400    1.59500    0.00000    0.00000    3.71900
   0.20200    2.03100    0.87200    1.47500    0.00000    1.00000    6.42400
   2.19300    3.10300    0.13400    1.01600    0.00000    0.00000    3.21000
   1.53900    2.52800    0.58000    1.29700    0.00000    0.00000    3.02500
   3.50300    3.89600    0.13400    1.57100    0.00000    0.00000    4.82200
   0.49600    2.45600    0.33100    1.25900    0.00000    1.00000    2.85800
   0.88300    2.12500    0.73000    1.53700    0.00000    0.00000    3.00700
   2.24100    2.43000    0.49600    0.94600    0.00000    0.00000    3.66000
   2.60400    1.50000    1.27800    1.86800    0.00000    0.00000    3.91600
   2.34500    3.40200    0.49600    1.45000    1.00000    0.00000    4.55700
   1.78300    2.98200    0.49600    1.15100    0.00000    1.00000    3.66500
   1.74800    2.43900    0.93000    0.92400    0.00000    0.00000    5.00700
   3.05500    3.26500    0.49600    0.96200    0.00000    1.00000    4.73200
  -0.91700    2.67000    0.49600    2.04700    0.00000    0.00000    1.84200
   1.68000    2.59400    0.25100    0.86100    0.00000    0.00000    3.11200
   0.80000    2.74800    0.22300    1.70500    0.00000    0.00000    1.06300
   3.01800    2.74400    0.49600    0.75300    0.00000    0.00000    4.28400
   3.12400    3.25200    0.00000    1.41700    0.00000    0.00000    3.29900
  -0.31600    2.24000    0.40500    1.20300    0.00000    0.00000    2.28600
  -0.38600    1.51200    0.33100    1.62700    1.00000    0.00000    2.89100
   3.28900    3.64100    0.40500    1.53100    0.00000    1.00000    3.18200
  -0.38000    1.63600    0.33100    1.26500    1.00000    1.00000    2.76600
   5.20700    2.58500    1.58600    0.91700    0.00000    0.00000    6.37900
   0.91500    3.26100    0.33100    2.04700    0.00000    1.00000    4.18200
   1.06400    2.80200    0.22300    1.60000    0.00000    1.00000    1.74800
   2.95600    2.11800    0.93400    0.91300    1.00000    0.00000    4.98800
   2.94200    3.17900    0.00000    1.06300    0.00000    0.00000    4.09100
   2.12900    3.36100    0.22300    1.34200    0.00000    0.00000    5.48500
   3.39500    3.31500    0.22300    0.96000    0.00000    0.00000    4.62900
   4.17700    4.21600    0.22300    1.24800    0.00000    0.00000    5.78000
   4.03800    4.02900    0.96500    1.72900    0.00000    0.00000    4.45100
   1.29700    3.35300    0.85400    1.94400    0.00000    0.00000    2.45100
   3.30600    3.77600    0.40500    0.92000    0.00000    0.00000    4.69100
   2.68800    2.46900    0.58200    0.91300    0.00000    0.00000    4.00200
   5.36100    3.17400    1.58600    0.91000    2.00000    2.00000    7.38200
   3.61700    1.96200    1.34500    0.78300    0.00000    0.00000    5.34800
   0.11300    2.42800    0.95600    2.60900    0.00000    0.00000    1.30100
   2.06600    2.91800    0.22300    0.94400    3.00000    0.00000    4.59000
   1.06400    2.54400    0.22300    1.24500    0.00000    0.00000    1.40800
   3.31500    3.55400    0.62900    0.94500    0.00000    0.00000    3.45900
   3.94500    2.93700    0.49900    0.80000    0.00000    0.00000    4.84900
   2.19300    3.01200    0.22300    1.02300    0.00000    0.00000    4.07000
   0.29100    2.21800    0.92300    1.07400    0.00000    0.00000    3.23700
   0.58600    2.42900    0.40500    1.92700    0.00000    1.00000    2.58300
   1.45300    3.26000    0.82900    1.67600    0.00000    1.00000    3.77000
   1.94000    2.16000    1.16000    1.60700    0.00000    0.00000    3.13000
  -0.24100    2.33300    0.25100    2.32700    0.00000    0.00000    3.88400
   3.51600    3.44100    0.00000    1.66700    0.00000    0.00000    4.53800
   2.52700    3.58700    0.67500    2.10800    0.00000    0.00000    3.65600
   2.25500    2.58500    0.00000    0.91700    0.00000    0.00000    3.50200
   0.90600    2.83100    1.39300    1.07700    0.00000    1.00000    5.31700
   0.65200    2.95500    0.33100    1.31300    0.00000    0.00000    2.96100
   2.05200    2.97100    0.97200    1.25500    0.00000    2.00000    4.56500
  -0.40600    2.11800    0.95600    2.53900    0.00000    0.00000    3.84500
   0.65500    2.46200    0.22300    1.62500    1.00000    0.00000    3.65400
   2.15200    3.00300    0.13400    1.03200    0.00000    0.00000    4.17100
   2.06000    3.46200    0.40500    1.71700    0.00000    1.00000    4.09700
   1.32100    3.19600    1.38000    1.23400    0.00000    0.00000    6.01800
  -0.29400    4.06100    0.13400    1.65800    0.00000    0.00000    3.15100
   3.31400    2.01900    1.12600    0.79300    0.00000    0.00000    5.00100
   4.20600    4.13900    0.49600    1.43000    0.00000    1.00000    5.76700
   0.34700    2.39600    0.22300    1.77800    0.00000    0.00000    1.12100
   4.57900    4.03100    1.11300    1.10600    1.00000    2.00000    7.64000
   4.05300    2.80300    1.50100    1.12400    0.00000    0.00000    5.38500
   1.58700    3.27700    0.22300    1.86900    0.00000    0.00000    2.08500
   3.12600    3.18100    0.60400    1.52000    0.00000    0.00000    4.68000
   3.42600    1.89200    1.44100    0.77600    0.00000    0.00000    6.08700
   2.35400    2.43500    1.11300    1.10900    0.00000    1.00000    2.83900
   0.78700    2.96000    0.88000    1.53000    1.00000    1.00000    5.24400
  -0.56400    1.42900    0.22300    1.80400    0.00000    0.00000    2.72000
   0.37000    4.08600    0.45200    1.84300    0.00000    0.00000    3.46300
   2.37000    1.97700    1.11200    0.88100    0.00000    0.00000    4.79800
   1.11200    2.28300    1.07000    1.22300    0.00000    0.00000    4.27800
   1.85900    2.83400    0.13400    0.95000    0.00000    0.00000    2.82700
   0.80000    2.03400    0.64000    1.72700    0.00000    0.00000    2.58600
   2.23900    2.37700    0.82700    0.93800    0.00000    0.00000    5.00500
   1.79500    3.13400    0.22300    1.31900    0.00000    0.00000    2.73900
   2.72900    2.08000    0.89100    0.81600    0.00000    0.00000    4.33200
   0.89300    2.35900    0.40500    0.81400    0.00000    0.00000    3.31400
   2.24200    3.33200    0.13400    1.29400    0.00000    0.00000    3.37400
   2.41900    2.60900    0.60400    1.52900    0.00000    0.00000    3.57200
   1.06400    2.80200    0.22300    1.60000    1.00000    0.00000    4.42300
   1.73700    3.19100    0.22300    1.15400    0.00000    0.00000    2.68600
   4.45300    4.44300    0.25100    1.28700    4.00000    3.00000    6.48300
   2.74900    4.78500    1.26300    1.47100    1.00000    4.00000    9.61200
   2.35200    3.04600    0.00000    1.33300    4.00000    0.00000    3.61400
   6.51500    3.46500    2.17100    0.88800    0.00000    0.00000    3.62300
   0.41100    2.12600    0.40500    0.91700    4.00000    2.00000    6.38000
  -1.18600    2.53400    0.87200    1.61900    0.00000    0.00000    2.73200
   1.21000    3.03300    0.69300    1.31200    1.00000    0.00000    4.83200
   3.66100    3.73400    0.22300    1.37400    0.00000    0.00000    5.15900
   2.60400    3.27700    0.48600    1.34300    0.00000    0.00000    3.73600
  -0.93700    3.20100    0.69300    2.00400    0.00000    0.00000    0.33000
   2.63700    3.01200    0.22300    0.76000    0.00000    0.00000    4.62000
   1.00200    3.24000    0.69300    1.48700    1.00000    0.00000    3.59800
   1.66000    2.54800    0.94700    1.05100    1.00000    0.00000    3.58800
   4.92600    2.26000    1.44300    0.90200    0.00000    0.00000    6.00600
  -0.91700    2.70400    0.56000    1.96500    0.00000    0.00000    0.15000
   1.97100    3.64100    0.33100    1.93300    1.00000    0.00000    3.24600
   3.31400    1.92500    1.16000    0.80100    0.00000    0.00000    5.19200
   0.75700    3.52600    0.71100    1.59600    0.00000    3.00000    3.42300
   2.92200    3.24700    0.63800    0.88900    0.00000    1.00000    4.68000
   2.19300    3.10300    0.13400    1.01600    0.00000    0.00000    3.22000
   4.29500    4.28800    0.86500    1.32700    0.00000    0.00000    5.64200
   1.89700    3.19800    0.40500    1.39900    0.00000    0.00000    3.87400
   3.66100    3.86000    0.22300    1.55000    0.00000    1.00000    4.51000
   0.43400    2.83600    0.69300    1.43000    0.00000    2.00000    3.17800
   1.24600    2.09200    1.35900    2.27300    1.00000    1.00000    4.79600
   2.77300    3.74900    0.33100    1.27800    0.00000    0.00000    4.77700
   4.65800    2.37700    1.27800    0.97400    0.00000    0.00000    5.37200
   1.61000    2.25100    0.63800    0.87100    1.00000    0.00000    4.02100
   1.39500    2.21500    0.88700    0.88800    0.00000    0.00000    4.08400
   2.02600    2.21900    0.60400    1.53700    0.00000    0.00000    3.26200
   0.73600    1.78300    0.62900    0.75000    1.00000    0.00000    3.46000
   1.06000    2.72600    0.49600    1.17900    0.00000    1.00000    3.66100
   0.57500    2.48200    1.30300    1.41500    0.00000    0.00000    4.91900
   3.04500    2.62000    0.28800    0.83900    0.00000    0.00000    3.75300
   3.26700    3.73900    0.00000    1.25000    1.00000    2.00000    2.14900
   1.61000    2.25100    0.63800    0.87100    1.00000    0.00000    4.17500
   3.31400    1.92500    1.16000    0.80100    0.00000    0.00000    4.49900
   1.76900    2.40500    0.13400    0.84300    0.00000    0.00000    3.21000
   3.31400    2.01900    1.12600    0.79300    0.00000    0.00000    4.73700
   3.47800    2.12600    0.83000    0.89900    0.00000    0.00000    4.19400
   1.88600    2.09400    0.82700    0.86000    0.00000    0.00000    5.39000
   2.89900    2.81800    0.83000    1.38600    0.00000    0.00000    3.92000
   2.29600    2.21600    0.67900    0.76400    0.00000    0.00000    3.55900
   0.14300    2.08600    0.33100    1.22100    1.00000    0.00000    3.81500
   2.21700    3.81800    0.69300    1.62700    2.00000    2.00000    5.52200
   1.65500    3.10100    1.53500    1.32600    0.00000    1.00000    6.23800
   4.87800    3.81900    0.61500    0.86400    0.00000    0.00000    3.71500
   0.20200    2.02600    0.22300    1.42900    1.00000    0.00000    5.25900
   2.90400    4.13500    0.58000    1.26300    1.00000    2.00000    5.53800
   2.55800    3.73800    1.13100    1.58400    1.00000    2.00000    4.42200
   5.12400    2.93100    1.71000    0.93500    2.00000    2.00000    7.01700
   2.68900    2.01900    1.31700    1.28800    0.00000    0.00000    4.36800
   2.92700    2.92800    1.11300    1.18500    0.00000    1.00000    4.14100
   1.12100    3.28100    0.69300    1.80800    0.00000    2.00000    3.09500
   3.04800    3.91400    0.56000    1.63700    0.00000    1.00000    3.92600
   1.44200    3.08000    0.22300    1.58300    1.00000    0.00000    3.75700
   3.18200    3.73000    0.82900    1.56200    0.00000    1.00000    4.73200
  -1.35800    3.42300    1.19000    1.99300    0.00000    4.00000    3.68900
   3.56200    2.77800    0.83000    1.04600    0.00000    0.00000    6.65200
   0.58600    2.43500    0.33100    1.53200    0.00000    1.00000    2.01400
   2.04800    3.31400    0.33100    1.39700    3.00000    0.00000    4.47300
   1.09700    3.35100    0.49600    1.46600    0.00000    0.00000    2.39200
   2.12900    3.52000    0.22300    1.56200    1.00000    0.00000    3.62900
   3.12700    3.31500    0.22300    0.79900    0.00000    0.00000    4.44000
   1.19900    2.83400    0.13400    1.32200    0.00000    0.00000    2.41300
   3.38600    3.17900    0.00000    0.80500    0.00000    0.00000    4.32200
   2.40200    3.45200    0.33100    1.47600    1.00000    0.00000    3.87000
   4.63900    4.53200    0.40500    1.18900    2.00000    2.00000    5.54100
   2.72900    2.08000    0.89100    0.81600    0.00000    0.00000    4.41000
   3.79500    2.12600    0.97700    0.77100    0.00000    0.00000    5.28400
   4.06800    3.11100    0.73200    0.92300    0.00000    0.00000    5.64300
   2.50200    3.73400    0.22300    1.28200    0.00000    0.00000    3.38700
   2.02100    3.36100    0.22300    1.43700    1.00000    2.00000    3.16800
   3.65900    2.35100    1.58600    1.25000    0.00000    4.00000    6.41600
   0.84600    2.51200    0.13400    1.29300    0.00000    0.00000    2.36400
   3.29100    3.60900    0.81100    1.20800    0.00000    0.00000    4.38000
   0.58600    2.67700    0.33100    1.58200    0.00000    1.00000    2.89500
   1.75000    3.02300    0.56000    1.16800    0.00000    1.00000    3.37900
   3.90300    4.56600    0.35700    1.39400    4.00000    1.00000    6.92300
   1.75800    2.21700    0.65900    0.78800    0.00000    0.00000    3.72700
   3.85400    3.78000    0.00000    1.18200    0.00000    0.00000    4.93800
   2.29700    3.90000    0.42900    1.57200    0.00000    1.00000    3.84200
   0.99600    1.00000    1.15000    0.96800    0.00000    1.00000    3.49900
   2.48100    2.07900    0.98800    0.83600    0.00000    1.00000    2.60800
   1.49000    2.77800    0.40500    1.17000    1.00000    0.00000    2.93000
   2.35900    2.45400    1.07500    0.95100    0.00000    0.00000    4.96000
  -0.19700    3.35100    0.79700    2.45600    2.00000    0.00000    3.90300
   0.20200    0.96500    0.64000    1.69500    0.00000    1.00000    3.27200
   1.96900    1.94500    0.88900    0.83500    0.00000    0.00000    3.92700
   3.19000    2.41700    1.02800    1.16200    0.00000    1.00000    4.16900
   3.76200    3.04400    1.02800    0.95900    1.00000    0.00000    5.95000
   1.58700    3.36900    0.13400    1.61400    0.00000    0.00000    3.25200
   1.44200    2.86600    0.22300    1.28800    0.00000    0.00000    1.90600
   2.60400    2.02400    0.97700    1.32800    0.00000    0.00000    5.05200
  -0.31700    1.51200    0.57000    0.87900    0.00000    1.00000    2.44500
   4.50600    4.25800    0.22300    1.53800    0.00000    1.00000    5.74100
   1.58600    3.38600    0.25100    1.22500    0.00000    0.00000    3.08600
   2.61900    2.53600    0.76400    1.16500    0.00000    1.00000    4.19100
   1.11900    1.81400    1.31600    1.07400    0.00000    1.00000    3.35000
   0.70600    3.21900    0.40500    1.60500    0.00000    0.00000    1.08800
   1.85900    2.72800    0.22300    0.95300    0.00000    0.00000    3.89700
   1.44200    3.08000    0.22300    1.58300    1.00000    0.00000    3.72700
  -0.14500    1.96500    0.40500    1.16900    1.00000    0.00000    3.66000
   0.13300    2.02400    0.40500    1.60500    0.00000    1.00000    1.30700
   3.80600    4.03700    0.13400    1.56300    0.00000    0.00000    5.18000
   1.88200    3.52000    0.22300    1.59000    0.00000    0.00000    2.88300
   1.97400    2.73900    0.00000    1.30000    1.00000    1.00000    2.95300
   1.82100    2.47000    1.43700    1.34600    2.00000    2.00000    6.35100
   1.53300    2.82400    0.22300    1.05100    0.00000    0.00000    4.05000
   2.35700    3.46100    0.22300    1.11100    0.00000    1.00000    3.39300
   1.37300    3.02600    0.40500    1.78700    0.00000    1.00000    2.55100
   3.10500    3.64500    0.22300    1.15500    0.00000    0.00000    4.81000
   1.06400    0.66700    1.03000    0.90600    0.00000    0.00000    5.55800
   3.61700    1.96200    1.34500    0.78300    0.00000    0.00000    5.35200
   0.34700    1.51200    0.64000    1.84400    0.00000    0.00000    3.20300
   1.34800    2.12500    0.63800    0.83100    0.00000    0.00000    3.53100
   2.63700    3.01200    0.22300    0.76000    0.00000    0.00000    4.53800
   1.60200    2.64700    1.28600    1.27800    0.00000    0.00000    4.50800
   0.80000    2.74800    0.22300    1.70500    0.00000    0.00000    1.30500
   0.80000    2.87800    0.13400    1.68400    0.00000    0.00000    2.43600
   2.84100    2.29700    0.76200    0.79800    0.00000    0.00000    3.60800
   1.31300    1.63400    0.71300    1.19000    0.00000    0.00000    2.05600
   2.12700    2.08600    0.64000    0.83800    0.00000    0.00000    3.99500
   2.35700    3.60100    0.22300    1.25400    0.00000    1.00000    3.14100
   1.70100    2.44800    0.63800    0.92100    0.00000    0.00000    3.51300
   1.06400    2.80200    0.22300    1.60000    0.00000    1.00000    1.84200
   4.54800    4.46100    0.40500    1.13900    0.00000    1.00000    4.72700
   2.39100    3.57800    0.49600    1.40600    0.00000    1.00000    4.32000
   2.54500    3.60100    0.22300    1.35000    3.00000    2.00000    4.32000
   1.51400    2.08000    0.76400    0.78800    0.00000    0.00000    4.96100
   2.22400    3.58500    0.33100    1.49100    0.00000    0.00000    3.53000
   2.19300    3.10300    0.13400    1.52100    0.00000    0.00000    3.26700
   0.82800    2.22200    0.71100    0.84900    0.00000    0.00000    3.64100
   3.23700    3.05200    0.63800    0.90300    0.00000    0.00000    4.90600
   0.80000    2.74800    0.22300    2.04800    0.00000    0.00000    1.46200
   1.71700    2.81900    0.73200    1.48300    0.00000    0.00000    2.94100
   0.28900    2.55500    1.11000    1.68600    0.00000    0.00000    2.60100
   1.64300    2.49500    0.56000    0.83500    0.00000    1.00000    1.96900
   1.70100    2.44800    0.63800    0.92100    0.00000    0.00000    3.52100
   4.75400    4.05700    1.03200    1.18300    1.00000    3.00000    8.20100
   1.75900    3.56700    0.71100    1.50100    1.00000    3.00000    4.04300
  -0.17200    2.16500    0.13400    1.91200    0.00000    0.00000    2.30000
   3.55700    4.22300    0.63800    1.11700    0.00000    1.00000    8.16900
   2.35200    3.04600    0.00000    1.33300    0.00000    2.00000    4.07500
   1.88600    2.09400    0.82700    0.86000    0.00000    0.00000    4.23900
   3.84200    2.89300    1.23600    0.90700    0.00000    0.00000    6.04700
   2.06000    3.46200    0.40500    1.71700    0.00000    1.00000    4.55700
  -0.38600    1.50000    0.40500    1.66900    0.00000    1.00000    2.66100
   2.93800    1.88600    1.15300    0.52300    0.00000    0.00000    4.73700
   2.35700    2.85700    1.42100    2.28200    0.00000    0.00000    4.29500
   2.84900    4.17100    0.69300    1.67800    0.00000    2.00000    4.97600
   2.12700    2.21600    0.58200    0.83900    0.00000    0.00000    3.97900
   2.43700    4.62800    1.20900    1.96800    0.00000    0.00000    4.55100
   4.73800    4.32400    0.00000    1.20500    0.00000    1.00000    4.30200
  -0.53400    2.66500    0.25100    1.76200    0.00000    0.00000    1.79500
   1.44200    3.08000    0.22300    1.46200    2.00000    0.00000    2.49400
   2.72300    3.31500    0.22300    1.10000    1.00000    0.00000    4.35000
   1.83400    2.63400    0.22300    0.93900    0.00000    0.00000    3.92600
   5.46900    3.03000    1.82100    1.02700    0.00000    2.00000    6.89700
   4.23400    4.08500    0.13400    1.48200    0.00000    0.00000    5.63000
   2.23900    2.37700    0.82700    0.93800    0.00000    0.00000    3.75900
   3.18400    3.38000    0.87400    0.90300    0.00000    1.00000    5.27800
   1.43700    2.80000    0.69300    1.09100    0.00000    1.00000    3.60300
   2.23900    2.37700    0.82700    0.93800    0.00000    0.00000    3.99100
   1.37300    3.02600    0.40500    1.54800    0.00000    1.00000    2.84000
   4.43100    3.73900    0.00000    1.16100    0.00000    0.00000    5.68000
   5.14900    3.22200    1.50100    0.87200    0.00000    0.00000    5.86100
   0.58000    1.27900    0.81100    1.31300    0.00000    0.00000    2.92500
   2.21200    2.02500    0.93200    0.85100    1.00000    0.00000    4.67200
   1.12100    3.15900    0.96500    1.58400    0.00000    2.00000    3.77000
   2.35800    1.98300    1.71400    2.10500    0.00000    0.00000    5.06200
   1.24600    2.68500    0.40500    1.14500    0.00000    0.00000    3.21900
   0.31400    3.02600    0.25100    2.16400    0.00000    0.00000    1.81200
   2.44600    3.70000    0.22300    1.55600    0.00000    1.00000    3.66200
   3.25900    3.40700    0.00000    1.11100    0.00000    0.00000    4.27900
   4.26800    3.59300    1.23600    1.16600    0.00000    0.00000    7.60700
   0.56200    2.54200    0.42900    1.89100    0.00000    0.00000    2.12000
   2.43300    3.55000    1.18200    1.62400    0.00000    0.00000    4.81100
   1.70100    2.50800    0.58000    0.94100    0.00000    0.00000    3.34500
   3.45100    3.40200    0.60400    1.51700    0.00000    0.00000    5.08600
   2.70200    3.09800    0.93000    1.07500    0.00000    0.00000    6.23600
   1.61000    2.11000    0.58000    0.80500    0.00000    0.00000    3.39100
   2.24800    3.50900    0.85400    1.47800    0.00000    0.00000    2.83200
   4.27900    3.82800    1.25900    0.96600    1.00000    2.00000    8.60400
   1.05000    2.86600    0.22300    1.33300    0.00000    1.00000    2.27000
   0.65500    2.46200    0.22300    1.62500    0.00000    1.00000    1.35200
   2.22200    3.19500    0.49600    1.13300    0.00000    1.00000    4.44600
   1.97600    3.04100    0.94700    1.29800    0.00000    1.00000    6.60700
   2.84900    4.17100    0.69300    1.67800    0.00000    2.00000    4.85100
   1.74800    2.47900    0.88700    0.95400    0.00000    0.00000    4.18100
  -0.12900    2.30900    0.76200    1.11800    0.00000    2.00000    2.71500
  -1.05300    1.96800    0.33100    1.89100    0.00000    0.00000    1.47000
   2.81300    3.46100    0.22300    1.12000    0.00000    0.00000    4.46300
   0.84600    2.51200    0.13400    1.29300    0.00000    0.00000    2.81100
   3.47800    2.12600    0.83000    0.89900    0.00000    0.00000    4.55200
   2.59100    3.89600    0.13400    1.98400    0.00000    0.00000    3.45000
   0.65500    2.13700    0.22300    1.17900    0.00000    0.00000    3.28800
  -0.08100    2.70900    0.33100    2.07200    0.00000    0.00000    1.78000
   0.05200    2.52300    0.56000    1.60200    1.00000    1.00000    4.38400
   1.23900    3.02300    0.56000    1.34900    1.00000    0.00000    3.91700
   1.23700    2.43000    0.49600    0.84900    0.00000    1.00000    3.13300
   1.07400    2.63200    0.42900    1.17600    0.00000    0.00000    2.97500
   2.45900    2.12600    0.83000    1.45500    1.00000    0.00000    4.18400
   2.46100    2.56800    0.58200    0.93100    0.00000    0.00000    3.59400
   3.32000    2.39600    1.59300    1.35100    0.00000    0.00000    6.02300
   3.15700    2.11000    1.15000    0.72000    1.00000    0.00000    5.51800
   1.11700    3.28200    0.56000    1.74900    0.00000    2.00000    3.75700
   5.74100    4.35600    1.02800    1.22400    0.00000    1.00000    5.75800
  -0.45000    3.81500    1.82500    1.35100    0.00000    0.00000    4.69100
   2.00500    3.10200    0.69300    1.31600    0.00000    2.00000    3.45100
   2.60400    1.92000    1.07900    1.73800    0.00000    0.00000    3.40800
   3.11000    1.73300    1.07700    0.81000    0.00000    0.00000    4.63000
   1.37300    3.02600    0.40500    1.78700    0.00000    1.00000    3.81000
   3.10900    1.84400    1.27500    0.80400    0.00000    0.00000    6.78400
   2.51000    3.25200    0.22300    1.07700    0.00000    0.00000    4.02000
   4.45200    2.83600    1.86000    1.04600    0.00000    2.00000    8.20700
   2.72600    3.69000    0.22300    1.06200    0.00000    0.00000    3.59900
   1.39500    2.18300    0.93000    0.84600    0.00000    0.00000    3.66600
   3.29100    3.60900    0.81100    1.18900    0.00000    0.00000    5.11500
   2.29600    2.56800    0.38900    1.01200    0.00000    0.00000    3.51300
   0.53800    3.01400    0.56000    1.98700    0.00000    1.00000    3.49600
   0.98200    2.11900    0.92300    1.17900    0.00000    1.00000    1.05000
   1.85900    2.83400    0.13400    0.95000    0.00000    0.00000    3.47000
   2.50200    3.92100    0.13400    1.78900    0.00000    0.00000    3.86100
   2.20900    3.55700    0.33100    1.30100    2.00000    1.00000    4.71100
   0.13300    2.03400    0.33100    1.56000    0.00000    1.00000    2.11700
   2.72900    2.08000    0.89100    0.81600    0.00000    0.00000    4.62000
   2.83700    3.64500    0.22300    1.15500    0.00000    0.00000    3.39300
   2.27400    3.74000    0.13400    1.58100    0.00000    0.00000    3.72100
   1.39500    2.21500    0.88700    0.88800    0.00000    0.00000    4.33000
   1.53300    3.10300    0.13400    1.34400    0.00000    0.00000    3.17400
   1.23700    2.53600    0.42900    0.87100    0.00000    1.00000    2.53700
   3.89600    2.86200    1.54000    1.22600    0.00000    0.00000    6.17100
   4.63400    2.12600    1.27800    0.89600    0.00000    0.00000    5.81500
   2.57000    2.11000    0.77300    0.77300    0.00000    1.00000    3.36000
   4.37900    4.28500    0.13400    1.55100    0.00000    0.00000    6.25500
   0.43000    2.81500    0.56000    1.58500    0.00000    2.00000    2.75800
   1.56500    3.64100    0.33100    1.93300    0.00000    1.00000    2.67000
  -0.31700    1.42900    0.22300    1.75000    1.00000    0.00000    3.07600
   3.15700    2.08000    1.03300    0.90200    0.00000    0.00000    3.69300
   3.22500    2.11100    1.47700    1.29800    0.00000    0.00000    5.73000
   3.11200    3.31400    0.33100    1.17300    1.00000    0.00000    3.81200
   1.44200    3.08000    0.22300    1.58300    0.00000    1.00000    2.27100
   2.00500    2.25200    1.07500    0.88500    0.00000    0.00000    5.30300
   1.94000    3.48500    0.22300    1.61400    0.00000    0.00000    2.85300
   2.23900    2.37700    0.82700    0.93800    0.00000    0.00000    3.91000
   4.19000    2.25100    1.50100    1.19700    0.00000    0.00000    5.63200
   2.42900    2.21700    0.84500    0.79300    1.00000    0.00000    5.18900
   0.80000    2.74800    0.22300    1.70500    0.00000    0.00000    1.58900
   1.70100    2.50800    0.58000    0.94100    0.00000    0.00000    3.48300
   1.06400    2.80200    0.22300    1.60000    1.00000    0.00000    3.82500
   1.70100    2.50800    0.58000    0.94100    0.00000    0.00000    3.76600
   2.64000    2.12200    1.62100    1.51100    0.00000    0.00000    5.67700
   3.37700    2.23300    1.07000    0.84100    1.00000    0.00000    5.25100
   0.20200    1.81800    0.13400    1.44500    0.00000    0.00000    1.55900
   1.66700    2.47700    0.40500    0.87600    1.00000    0.00000    4.72500
   3.11000    2.95000    1.77200    1.35100    0.00000    4.00000    5.38300
   0.60200    1.88300    0.71100    1.16200    0.00000    0.00000    2.92400
  -0.70300    2.03100    0.49600    1.95200    0.00000    1.00000    1.23100
   2.35900    2.45400    1.07500    0.95100    0.00000    0.00000    6.31700
   3.29100    3.66900    0.48600    1.37400    0.00000    0.00000    4.61000
   2.50200    3.66800    0.13400    1.13200    0.00000    0.00000    3.78200
  -0.11500    3.01400    0.56000    1.78100    0.00000    0.00000    0.89800
   2.81300    3.46100    0.22300    1.12000    0.00000    0.00000    4.47000
   2.27800    3.65100    1.15100    0.91100    0.00000    2.00000    4.54000
   3.21000    2.62000    0.49900    0.99000    0.00000    0.00000    3.84000
   1.95300    2.21600    0.38900    0.79600    0.00000    0.00000    3.75100
   2.24200    3.33200    0.13400    1.51900    0.00000    0.00000    3.55400
   1.95000    3.44400    0.88000    1.46600    0.00000    3.00000    4.00400
   3.37400    3.73900    0.00000    1.20400    0.00000    1.00000    5.43400
   4.63900    4.53200    0.40500    1.18900    1.00000    4.00000    5.30700
   1.56400    3.58800    0.25100    1.50600    0.00000    0.00000    3.57000
   4.83200    4.21100    0.93200    1.04500    0.00000    1.00000    8.91600
  -0.54400    2.08500    0.56000    2.45100    0.00000    0.00000    1.18000
   4.24600    4.21900    1.03300    0.96300    0.00000    1.00000    9.35400
   1.58000    2.96100    0.40500    1.38800    0.00000    0.00000    3.07000
   2.49200    3.18000    1.28100    1.24600    0.00000    0.00000    4.96300
   1.31300    1.63400    0.71300    1.19000    0.00000    0.00000    2.78200
  -0.47300    2.42900    0.40500    1.95400    0.00000    0.00000    0.93100
   2.45900    3.61300    1.33600    0.83900    0.00000    0.00000    4.88600
  -1.16900    2.70700    0.97200    1.88900    0.00000    3.00000    2.97600
   3.31400    2.01900    1.12600    0.79300    0.00000    0.00000    4.73000
   1.81700    1.50000    0.83000    1.89100    0.00000    0.00000    2.92000
   0.15600    1.77800    0.22300    1.20300    0.00000    0.00000    3.04800
   1.61900    3.08000    0.40500    1.60900    0.00000    2.00000    3.52800
  -0.27300    2.03400    0.33100    2.67200    1.00000    0.00000    0.84100
   3.16000    3.64100    1.19200    1.48100    0.00000    1.00000    5.05200
  -0.06300    2.98000    0.25100    1.95900    0.00000    0.00000    1.65100
   1.85900    2.72800    0.22300    0.95300    0.00000    0.00000    3.75500
   2.48100    2.07900    0.98800    0.83600    0.00000    1.00000    3.29800
   1.85900    2.72800    0.22300    0.95300    0.00000    0.00000    3.29000
   5.25800    4.43600    0.76400    1.22700    0.00000    1.00000    5.41200
   3.90900    3.70900    1.37100    1.47800    0.00000    1.00000    5.56800
   0.50100    1.63400    0.71300    1.19000    0.00000    0.00000    2.31900
   1.86900    3.80200    0.40500    1.52700    1.00000    0.00000    3.70000
   4.23000    3.75600    0.00000    0.96400    0.00000    0.00000    4.42500
   4.83300    4.14100    0.13400    1.22000    0.00000    0.00000    6.23300
   2.23900    2.37700    0.82700    0.93800    0.00000    0.00000    5.14600
