  28.00000  424.00000   22.00000  132.00000  178.00000    8.48000  822.00000  750.00000   62.05284
  90.00000  310.00000    0.00000    0.00000  192.00000    0.00000  970.00000  850.00000   34.68064
   7.00000  220.80000  147.20000    0.00000  185.70000    0.00000 1055.00000  744.30000   13.08901
  28.00000  298.00000    0.00000  107.00000  164.00000   13.00000  953.00000  784.00000   35.85965
  28.00000  231.75000    0.00000  121.62000  173.96000    6.72000 1056.40000  778.45000   33.72917
  14.00000  181.38000    0.00000  167.01000  169.59000    7.56000 1055.60000  777.80000   21.60128
   7.00000  102.00000  153.00000    0.00000  192.00000    0.00000  887.00000  942.00000    7.67594
  90.00000  166.80000  250.20000    0.00000  203.50000    0.00000  975.60000  692.60000   43.56523
 100.00000  229.97000    0.00000  118.31000  195.47000    4.63000 1029.40000  758.59000   35.34254
  28.00000  167.00000   75.40000  167.00000  164.03000    7.91000 1007.30000  770.10000   41.40993
  28.00000  164.00000    0.00000  200.00000  181.00000   13.00000  849.00000  846.00000   15.08573
   3.00000  212.07000    0.00000  121.62000  180.31000    5.69000 1057.60000  779.32000   12.47262
  28.00000  145.00000    0.00000  134.00000  181.00000   11.00000  979.00000  812.00000   13.19657
  28.00000  147.00000  115.00000   89.00000  202.00000    9.00000  860.00000  829.00000   19.98791
  56.00000  275.07000    0.00000  121.35000  159.48000    9.90000 1053.60000  777.50000   56.84730
  28.00000  102.00000  153.00000    0.00000  192.00000    0.00000  887.00000  942.00000   17.27551
   3.00000  349.00000    0.00000    0.00000  192.00000    0.00000 1056.00000  809.00000   15.87174
  28.00000  382.00000    0.00000    0.00000  186.00000    0.00000 1047.00000  739.00000   37.42476
   3.00000  213.72000   98.05000   24.51000  181.71000    6.86000 1065.80000  785.38000   17.99532
   3.00000  252.31000    0.00000   98.75000  146.25000   14.17000  987.76000  889.01000   21.78055
   7.00000  337.90000  189.00000    0.00000  174.90000    9.50000  944.70000  755.80000   35.10122
  28.00000  155.00000  183.00000    0.00000  193.00000    9.00000  877.00000  868.00000   23.78692
  28.00000  133.10000  210.20000    0.00000  195.70000    3.10000  949.40000  795.30000   28.93800
  28.00000  275.07000    0.00000  121.35000  159.48000    9.90000 1053.60000  777.50000   51.33149
  28.00000  154.80000  183.40000    0.00000  193.30000    9.10000 1047.40000  696.70000   18.28766
   7.00000  157.00000  236.00000    0.00000  192.00000    0.00000  935.40000  781.20000   16.88940
  14.00000  290.35000    0.00000   96.18000  168.08000    9.41000  961.18000  865.00000   34.67375
  28.00000  312.70000  144.70000    0.00000  127.30000    8.00000  999.70000  822.20000   44.52360
  28.00000  284.00000  120.00000    0.00000  168.00000    7.00000  970.00000  794.00000   40.93419
  91.00000  337.90000  189.00000    0.00000  174.90000    9.50000  944.70000  755.80000   67.79618
  56.00000  388.60000   97.10000    0.00000  157.90000   12.10000  852.10000  925.70000   55.19945
 180.00000  237.50000  237.50000    0.00000  228.00000    0.00000  932.00000  594.00000   36.25196
   7.00000  250.20000  166.80000    0.00000  203.50000    0.00000  977.60000  694.10000   19.35014
 365.00000  190.00000  190.00000    0.00000  228.00000    0.00000  932.00000  670.00000   53.69225
  56.00000  387.00000   20.00000   94.00000  157.00000   13.93000  938.00000  845.00000   47.96685
  14.00000  236.00000    0.00000    0.00000  194.00000    0.00000  968.00000  885.00000   12.83804
   3.00000  233.81000    0.00000   94.58000  197.89000    4.56700  947.04000  852.16000   10.38351
  28.00000  259.90000  100.60000   78.40000  170.60000   10.40000  935.70000  762.90000   49.77327
  91.00000  379.50000  151.20000    0.00000  153.90000   15.90000 1134.30000  605.00000   56.49566
  28.00000  213.74000    0.00000  174.74000  154.79000   10.16000 1053.50000  776.35000   40.14819
  28.00000  277.19000   97.82000   24.46000  160.70000   11.19000 1061.70000  782.46000   63.14221
  28.00000  405.00000    0.00000    0.00000  175.00000    0.00000 1120.00000  695.00000   52.30365
  28.00000  323.70000  282.80000    0.00000  183.80000   10.30000  942.70000  659.90000   74.69783
  14.00000  218.85000    0.00000  124.13000  158.49000   11.33000 1078.70000  794.91000   26.04840
   7.00000  122.60000  183.90000    0.00000  203.50000    0.00000  958.20000  800.10000   10.35455
  28.00000  279.80000  128.90000  100.40000  172.40000    9.50000  825.10000  804.90000   52.82696
  28.00000  251.37000    0.00000  118.27000  192.94000    5.75000 1043.60000  754.30000   33.27411
  56.00000  297.16000    0.00000  117.54000  174.80000    9.52000 1022.80000  753.45000   51.95891
  56.00000  213.50000    0.00000  174.24000  154.61000   11.66000 1052.30000  775.48000   51.43491
   7.00000  295.80000    0.00000    0.00000  185.70000    0.00000 1091.40000  769.30000   14.84373
   7.00000  339.20000    0.00000    0.00000  185.70000    0.00000 1069.20000  754.30000   21.17932
   7.00000  339.00000    0.00000    0.00000  185.00000    0.00000 1069.00000  754.00000   21.16002
   3.00000  212.00000    0.00000  124.78000  159.00000    7.84000 1085.40000  799.54000   19.51907
   3.00000  139.60000  209.40000    0.00000  192.00000    0.00000 1047.00000  806.90000    8.06342
  91.00000  362.60000  189.00000    0.00000  164.90000   11.60000  944.70000  755.80000   79.29663
  28.00000  168.88000   42.22000  124.25000  158.33000   10.83000 1080.80000  796.15000   31.11605
 100.00000  212.00000    0.00000  124.78000  159.00000    7.84000 1085.40000  799.54000   47.81516
  28.00000  331.00000  170.00000    0.00000  195.00000    8.00000  811.00000  802.00000   56.61287
   3.00000  331.00000    0.00000    0.00000  192.00000    0.00000  879.00000  825.00000   13.52062
  28.00000  150.00000  237.00000    0.00000  174.00000   12.00000 1069.00000  675.00000   37.43165
  56.00000  167.00000   75.40000  167.00000  164.03000    7.91000 1007.30000  770.10000   53.46197
  28.00000  296.00000    0.00000  107.00000  221.00000   11.00000  819.00000  778.00000   31.41942
 100.00000  290.35000    0.00000   96.18000  168.08000    9.41000  961.18000  865.00000   48.97348
  28.00000  135.00000    0.00000  166.00000  180.00000   10.00000  961.00000  805.00000   13.29310
   3.00000  540.00000    0.00000    0.00000  173.00000    0.00000 1125.00000  613.00000   41.63746
   7.00000  318.80000  212.50000    0.00000  155.70000   14.30000  852.10000  880.40000   33.39822
   3.00000  333.00000    0.00000    0.00000  192.00000    0.00000  931.20000  842.60000   15.61594
  28.00000  210.70000  316.10000    0.00000  185.70000    0.00000  977.00000  689.30000   37.81362
  90.00000  349.00000    0.00000    0.00000  192.00000    0.00000 1047.00000  806.00000   39.48629
   3.00000  307.00000    0.00000    0.00000  193.00000    0.00000  968.00000  812.00000   12.54157
  28.00000  238.20000  158.80000    0.00000  185.70000    0.00000 1040.60000  734.30000   26.91370
   3.00000  277.19000   97.82000   24.46000  160.70000   11.19000 1061.70000  782.46000   30.44726
   7.00000  424.00000   22.00000  132.00000  168.00000    8.92000  822.00000  750.00000   40.28510
 100.00000  297.16000    0.00000  117.54000  174.80000    9.52000 1022.80000  753.45000   56.74387
  28.00000  141.90000  166.60000  129.70000  173.50000   10.90000  882.60000  785.30000   44.61186
  90.00000  331.00000    0.00000    0.00000  192.00000    0.00000  978.00000  825.00000   37.23170
   7.00000  170.30000  155.50000    0.00000  185.70000    0.00000 1026.60000  724.30000   10.73031
   3.00000  246.83000    0.00000  125.08000  143.30000   11.99000 1086.80000  800.89000   23.52492
  28.00000  155.00000    0.00000  143.00000  193.00000    9.00000  877.00000  868.00000    9.73540
  14.00000  322.00000    0.00000    0.00000  203.00000    0.00000  974.00000  800.00000   20.77391
 100.00000  182.04000   45.21000  121.97000  170.21000    8.19000 1059.40000  780.65000   48.67011
  28.00000  339.20000    0.00000    0.00000  185.70000    0.00000 1069.20000  754.30000   31.89999
   7.00000  239.60000  359.40000    0.00000  185.70000    0.00000  941.60000  664.30000   25.42236
  90.00000  250.20000  166.80000    0.00000  203.50000    0.00000  977.60000  694.10000   47.71450
  28.00000  355.90000    0.00000  141.60000  193.30000   11.00000  801.40000  778.40000   40.86869
  28.00000  218.23000   54.64000  123.78000  140.75000   11.91000 1075.70000  792.67000   55.50971
   3.00000  213.74000    0.00000  174.74000  154.79000   10.16000 1053.50000  776.35000   17.57474
  28.00000  336.50000    0.00000    0.00000  181.90000    3.40000  985.80000  816.80000   44.86834
   7.00000  289.00000    0.00000    0.00000  192.00000    0.00000  913.20000  895.30000   14.59690
  14.00000  229.68000    0.00000  118.16000  195.23000    6.13000 1028.10000  757.63000   22.31834
   3.00000  229.68000    0.00000  118.16000  195.23000    6.13000 1028.10000  757.63000   13.35515
   7.00000  203.50000  135.70000    0.00000  185.70000    0.00000 1076.20000  759.30000   11.95758
  90.00000  116.00000  173.00000    0.00000  192.00000    0.00000  909.80000  891.90000   31.02366
  90.00000  255.00000    0.00000    0.00000  192.00000    0.00000  889.80000  945.00000   21.85915
  14.00000  252.31000    0.00000   98.75000  146.25000   14.17000  987.76000  889.01000   42.29246
   7.00000  250.00000    0.00000    0.00000  182.00000    0.00000 1100.00000  820.00000   12.73462
  56.00000  350.00000    0.00000    0.00000  203.00000    0.00000  974.00000  775.00000   29.97842
   3.00000  182.04000   45.21000  121.97000  170.21000    8.19000 1059.40000  780.65000    7.31534
  56.00000  212.07000    0.00000  121.62000  180.31000    5.69000 1057.60000  779.32000   34.20490
  28.00000  516.00000    0.00000    0.00000  162.00000    8.20000  801.00000  802.00000   41.36856
   3.00000  425.00000  106.30000    0.00000  151.40000   18.60000  936.00000  803.70000   36.30091
  28.00000  250.00000    0.00000   95.69000  187.42000    5.53000  956.86000  861.17000   29.21999
  28.00000  439.00000  177.00000    0.00000  186.00000   11.10000  884.90000  707.90000   65.99664
  14.00000  214.90000   53.80000  121.89000  155.63000    9.61000 1014.30000  780.58000   38.60376
   3.00000  194.68000    0.00000  100.52000  165.62000    7.48000 1006.40000  905.90000   12.45194
   7.00000  183.90000  122.60000    0.00000  203.50000    0.00000  959.20000  800.00000   10.78754
 100.00000  251.37000    0.00000  118.27000  192.94000    5.75000 1043.60000  754.30000   40.14819
   3.00000  108.30000  162.40000    0.00000  203.50000    0.00000  938.20000  849.00000    2.33181
  28.00000  356.00000  119.00000    0.00000  160.00000    9.03000 1061.00000  657.00000   58.99846
  28.00000  139.90000  132.60000  103.30000  200.30000    7.40000  916.00000  753.40000   36.44363
 120.00000  349.00000    0.00000    0.00000  192.00000    0.00000 1056.00000  809.00000   40.85835
  28.00000  153.10000  145.00000  113.00000  178.50000    8.00000  867.20000  824.00000   26.23318
  28.00000  155.00000  183.00000    0.00000  193.00000    9.00000 1047.00000  697.00000   18.28490
  91.00000  362.60000  189.00000    0.00000  164.90000   11.60000  944.70000  755.80000   79.29663
  28.00000  260.90000  100.50000   78.30000  200.60000    8.60000  864.50000  761.50000   32.40124
  28.00000  288.00000  121.00000    0.00000  177.00000    7.00000  908.00000  829.00000   42.13388
  56.00000  323.70000  282.80000    0.00000  183.80000   10.30000  942.70000  659.90000   80.19985
  28.00000  362.60000  189.00000    0.00000  164.90000   11.60000  944.70000  755.80000   71.29871
   3.00000  385.00000    0.00000    0.00000  186.00000    0.00000  966.00000  763.00000   14.69963
  14.00000  275.07000    0.00000  121.35000  159.48000    9.90000 1053.60000  777.50000   38.76924
  28.00000  162.00000  207.00000  172.00000  216.00000   10.00000  822.00000  638.00000   39.84482
   7.00000  288.00000  192.00000    0.00000  192.00000    0.00000  932.00000  717.80000   23.52354
  28.00000  251.37000    0.00000  118.27000  188.45000    5.75000 1028.40000  757.73000   29.65436
  28.00000  202.00000   11.00000  141.00000  206.00000    1.72000  942.00000  801.00000   21.96671
  90.00000  289.00000    0.00000    0.00000  192.00000    0.00000  913.20000  895.30000   32.06822
  91.00000  313.30000  262.20000    0.00000  175.50000    8.60000 1046.90000  611.80000   66.59649
  90.00000  332.50000  142.50000    0.00000  228.00000    0.00000  932.00000  594.00000   37.72192
   3.00000  198.60000  132.40000    0.00000  192.00000    0.00000  978.40000  825.50000    9.13142
   3.00000  249.10000    0.00000   98.75000  158.11000   12.80000  987.76000  889.01000   15.36153
  28.00000  475.00000  118.80000    0.00000  181.10000    8.90000  852.10000  781.50000   68.29949
  28.00000  366.00000  187.00000    0.00000  191.00000    7.00000  824.00000  757.00000   65.90701
  56.00000  425.00000  106.30000    0.00000  151.40000   18.60000  936.00000  803.70000   64.90038
  91.00000  286.30000  200.90000    0.00000  144.70000   11.20000 1004.60000  803.70000   76.80073
  28.00000  255.50000  170.30000    0.00000  185.70000    0.00000 1026.60000  724.30000   32.05167
  14.00000  295.71000    0.00000   95.64000  171.54000    8.87000  955.14000  859.20000   35.23222
  90.00000  350.00000    0.00000    0.00000  203.00000    0.00000  974.00000  775.00000   31.35047
  28.00000  312.70000    0.00000    0.00000  178.10000    8.00000  999.70000  822.20000   25.10382
   3.00000  379.50000  151.20000    0.00000  153.90000   15.90000 1134.30000  605.00000   28.59946
  28.00000  186.20000  124.10000    0.00000  185.70000    0.00000 1083.40000  764.30000   17.59681
   3.00000  310.00000    0.00000    0.00000  192.00000    0.00000  971.00000  850.60000    9.86640
  28.00000  540.00000    0.00000    0.00000  162.00000    2.50000 1055.00000  676.00000   61.88737
  28.00000  322.20000    0.00000  115.60000  196.00000   10.40000  817.90000  813.40000   31.17879
   3.00000  295.71000    0.00000   95.64000  171.54000    8.87000  955.14000  859.20000   22.94576
   7.00000  362.60000  189.00000    0.00000  164.90000   11.60000  944.70000  755.80000   55.89582
  28.00000  272.80000  181.90000    0.00000  185.70000    0.00000 1012.40000  714.30000   31.38150
   3.00000  213.50000    0.00000  174.24000  154.61000   11.66000 1052.30000  775.48000   17.36790
  90.00000  190.00000  190.00000    0.00000  228.00000    0.00000  932.00000  670.00000   42.32693
  90.00000  212.00000  141.30000    0.00000  203.50000    0.00000  973.40000  750.00000   39.70003
  14.00000  218.23000   54.64000  123.78000  140.75000   11.91000 1075.70000  792.67000   35.95617
  28.00000  136.00000  162.00000  126.00000  172.00000   10.00000  923.00000  764.00000   29.06831
  28.00000  389.90000  189.00000    0.00000  145.90000   22.00000  944.70000  755.80000   74.49788
 365.00000  254.00000    0.00000    0.00000  198.00000    0.00000  968.00000  863.00000   29.78536
  14.00000  231.75000    0.00000  121.62000  173.96000    6.72000 1056.40000  778.45000   26.77235
  28.00000  400.00000    0.00000    0.00000  187.00000    0.00000 1025.00000  745.00000   43.69899
  14.00000  540.00000    0.00000    0.00000  173.00000    0.00000 1125.00000  613.00000   59.76378
   3.00000  218.85000    0.00000  124.13000  158.49000   11.33000 1078.70000  794.91000   15.34084
  28.00000  156.00000  178.00000  187.00000  221.00000    7.00000  854.00000  614.00000   29.41305
   7.00000  133.00000  200.00000    0.00000  192.00000    0.00000  927.40000  839.20000   13.66404
  28.00000  198.60000  132.40000    0.00000  192.00000    0.00000  978.40000  825.50000   28.02168
  28.00000  374.00000  189.20000    0.00000  170.10000   10.10000  926.10000  756.70000   61.09447
   7.00000  531.30000    0.00000    0.00000  141.80000   28.20000  852.10000  893.70000   46.89816
   3.00000  255.00000    0.00000    0.00000  192.00000    0.00000  889.80000  945.00000    8.20407
 365.00000  307.00000    0.00000    0.00000  193.00000    0.00000  968.00000  812.00000   36.14923
   1.00000  500.00000    0.00000    0.00000  200.00000    0.00000 1125.00000  613.00000   12.63810
  28.00000  480.00000    0.00000    0.00000  192.00000    0.00000  936.00000  721.00000   43.89204
  28.00000  374.00000    0.00000    0.00000  190.00000    7.00000 1013.00000  730.00000   39.05192
   3.00000  218.23000   54.64000  123.78000  140.75000   11.91000 1075.70000  792.67000   27.42046
  56.00000  218.85000    0.00000  124.13000  158.49000   11.33000 1078.70000  794.91000   37.26618
   7.00000  382.00000    0.00000    0.00000  186.00000    0.00000 1111.00000  784.00000   11.46599
  28.00000  385.00000    0.00000    0.00000  186.00000    0.00000  966.00000  763.00000   31.35047
  28.00000  382.50000    0.00000    0.00000  185.70000    0.00000 1047.80000  739.30000   37.43786
  91.00000  318.80000  212.50000    0.00000  155.70000   14.30000  852.10000  880.40000   68.09954
  56.00000  212.00000    0.00000  124.78000  159.00000    7.84000 1085.40000  799.54000   45.08484
  56.00000  362.60000  189.00000    0.00000  164.90000   11.60000  944.70000  755.80000   77.29715
  56.00000  401.80000   94.70000    0.00000  147.40000   11.40000  946.80000  852.10000   73.69809
  28.00000  425.00000  106.30000    0.00000  151.40000   18.60000  936.00000  803.70000   61.79773
 270.00000  475.00000    0.00000    0.00000  228.00000    0.00000  932.00000  594.00000   42.13112
  28.00000  313.00000  145.00000    0.00000  178.00000    8.00000  867.00000  824.00000   44.38846
  28.00000  154.00000  144.00000  112.00000  220.00000   10.00000  923.00000  658.00000   16.49916
  28.00000  317.90000    0.00000  126.50000  209.70000    5.70000  860.50000  736.60000   40.06200
 180.00000  277.00000    0.00000    0.00000  191.00000    0.00000  968.00000  856.00000   32.32953
  28.00000  160.00000  128.00000  122.00000  182.00000    6.40000  824.00000  879.00000   39.39666
   3.00000  213.76000   98.06000   24.52000  181.74000    6.65000 1066.00000  785.52000   13.18278
  90.00000  139.60000  209.40000    0.00000  192.00000    0.00000 1047.00000  806.90000   39.35805
   3.00000  446.00000   24.00000   79.00000  162.00000   11.61000  967.00000  712.00000   35.36322
  91.00000  388.60000   97.10000    0.00000  157.90000   12.10000  852.10000  925.70000   57.59883
  28.00000  331.00000    0.00000    0.00000  192.00000    0.00000 1025.00000  821.00000   31.74348
  90.00000  296.00000    0.00000    0.00000  192.00000    0.00000 1085.00000  765.00000   29.39236
   7.00000  300.00000    0.00000    0.00000  184.00000    0.00000 1075.00000  795.00000   15.57526
  56.00000  212.57000    0.00000  100.39000  159.35000   10.37000 1003.80000  903.79000   44.39536
  56.00000  181.38000    0.00000  167.01000  169.59000    7.56000 1055.60000  777.80000   35.57007
 100.00000  190.68000    0.00000  125.40000  162.14000    7.77000 1090.00000  804.01000   40.56877
  28.00000  310.00000    0.00000    0.00000  192.00000    0.00000 1012.00000  830.00000   27.82725
   3.00000  222.36000    0.00000   96.67000  189.29000    4.46000  967.08000  870.32000   11.57630
  28.00000  190.00000  190.00000    0.00000  228.00000    0.00000  932.00000  670.00000   40.85697
   3.00000  213.50000    0.00000  174.24000  159.21000   11.66000 1043.60000  771.90000   15.60974
  28.00000  355.00000   19.00000   97.00000  145.00000   12.25000  967.00000  871.00000   55.45455
  28.00000  322.00000    0.00000    0.00000  203.00000    0.00000  974.00000  800.00000   25.17966
   7.00000  290.20000  193.50000    0.00000  185.70000    0.00000  998.20000  704.30000   21.85915
  14.00000  277.00000    0.00000    0.00000  191.00000    0.00000  968.00000  856.00000   21.26344
 180.00000  339.00000    0.00000    0.00000  197.00000    0.00000  968.00000  781.00000   36.44570
  28.00000  200.00000    0.00000    0.00000  180.00000    0.00000 1125.00000  845.00000   12.24509
   3.00000  165.00000    0.02000  143.57000  163.81000    0.00000 1005.60000  900.90000   14.39626
   3.00000  250.20000  166.80000    0.00000  203.50000    0.00000  977.60000  694.10000    9.73126
  56.00000  389.90000  189.00000    0.00000  145.90000   22.00000  944.70000  755.80000   79.40006
  90.00000  102.00000  153.00000    0.00000  192.00000    0.00000  887.00000  942.00000   25.46097
  56.00000  190.34000    0.00000  125.18000  166.61000    9.88000 1079.00000  798.90000   31.71590
  90.00000  310.00000    0.00000    0.00000  192.00000    0.00000 1012.00000  830.00000   35.76312
  28.00000  214.90000   53.80000  121.89000  155.63000    9.61000 1014.30000  780.58000   52.20023
   3.00000  425.00000  106.30000    0.00000  153.50000   16.50000  852.10000  887.10000   33.39822
  28.00000  334.00000   17.60000  158.00000  189.00000   15.30000  967.00000  633.00000   44.32641
   7.00000  181.90000  272.80000    0.00000  185.70000    0.00000 1012.40000  714.30000   12.37265
   3.00000  439.00000  177.00000    0.00000  186.00000   11.10000  884.90000  707.90000   39.30013
  14.00000  194.68000    0.00000  100.52000  165.62000    7.48000 1006.40000  905.90000   24.98661
  90.00000  540.00000    0.00000    0.00000  173.00000    0.00000 1125.00000  613.00000   69.65776
  91.00000  389.90000  189.00000    0.00000  145.90000   22.00000  944.70000  755.80000   82.59922
  56.00000  362.60000  189.00000    0.00000  164.90000   11.60000  944.70000  755.80000   77.29715
  28.00000  500.00000    0.00000    0.00000  140.00000    4.00000  966.00000  853.00000   67.56865
  28.00000  212.52000    0.00000  100.37000  159.32000    8.71000 1007.80000  903.59000   31.64005
  28.00000  332.50000  142.50000    0.00000  228.00000    0.00000  932.00000  594.00000   33.01901
  28.00000  355.00000   19.00000   97.00000  145.00000   13.13000  967.00000  871.00000   44.02994
   3.00000  192.00000  288.00000    0.00000  192.00000    0.00000  929.80000  716.10000   12.78840
 100.00000  277.05000    0.00000   97.39000  160.60000   11.83000  973.90000  875.61000   55.64071
  56.00000  190.68000    0.00000  125.40000  162.14000    7.77000 1090.00000  804.01000   35.34254
 100.00000  178.03000  129.80000  118.60000  179.94000    3.57000 1007.30000  746.80000   49.99390
  28.00000  304.80000    0.00000   99.60000  196.00000    9.80000  959.40000  705.20000   30.12321
   7.00000  427.50000   47.50000    0.00000  228.00000    0.00000  932.00000  594.00000   35.07640
  28.00000  325.00000    0.00000    0.00000  184.00000    0.00000 1063.00000  783.00000   30.57137
  28.00000  154.80000    0.00000  142.80000  193.30000    9.10000 1047.40000  696.70000   12.45952
  28.00000  385.00000    0.00000  136.00000  158.00000   20.00000  903.00000  768.00000   55.55108
   7.00000  362.60000  189.00000    0.00000  164.90000   11.60000  944.70000  755.80000   55.89582
  28.00000  236.90000   91.70000   71.50000  246.90000    6.00000  852.90000  695.40000   28.62980
  56.00000  337.90000  189.00000    0.00000  174.90000    9.50000  944.70000  755.80000   59.89478
   7.00000  491.00000   26.00000  123.00000  201.00000    3.93000  822.00000  699.00000   37.92118
  28.00000  145.00000    0.00000  179.00000  202.00000    8.00000  824.00000  869.00000   10.53519
  28.00000  151.00000    0.00000  184.00000  167.00000   12.00000  991.00000  772.00000   15.56837
  28.00000  310.00000    0.00000    0.00000  192.00000    0.00000  970.00000  850.00000   27.92378
  14.00000  178.03000  129.80000  118.60000  179.94000    3.57000 1007.30000  746.80000   34.23938
  56.00000  290.35000    0.00000   96.18000  168.08000    9.41000  961.18000  865.00000   45.08484
  28.00000  133.00000  200.00000    0.00000  192.00000    0.00000  927.40000  839.20000   27.87483
  14.00000  172.38000   13.61000  172.37000  156.76000    4.14000 1006.30000  856.40000   29.75089
  56.00000  359.00000   19.00000  141.00000  154.00000   10.91000  942.00000  801.00000   68.75061
   7.00000  362.60000  189.00000    0.00000  164.90000   11.60000  944.70000  755.80000   22.89750
   3.00000  337.90000  189.00000    0.00000  174.90000    9.50000  944.70000  755.80000   24.09719
  28.00000  135.00000  105.00000  193.00000  196.00000    6.00000  965.00000  643.00000   21.91155
  28.00000  139.70000  163.90000  127.70000  236.70000    5.80000  868.60000  655.60000   35.22533
  28.00000  218.85000    0.00000  124.13000  158.49000   11.33000 1078.70000  794.91000   30.21973
   7.00000  108.30000  162.40000    0.00000  203.50000    0.00000  938.20000  849.00000    7.72351
  28.00000  200.00000  200.00000    0.00000  190.00000    0.00000 1145.00000  660.00000   49.24927
   7.00000  540.00000    0.00000    0.00000  173.00000    0.00000 1125.00000  613.00000   52.61391
   3.00000  480.00000    0.00000    0.00000  192.00000    0.00000  936.20000  712.20000   24.40469
  28.00000  167.35000  129.90000  128.62000  175.46000    7.79000 1006.30000  746.60000   41.20309
  28.00000  296.00000    0.00000    0.00000  186.00000    0.00000 1090.00000  769.00000   25.17966
  28.00000  154.80000  183.40000    0.00000  193.30000    9.10000  877.20000  867.70000   23.78692
  28.00000  166.00000  259.70000    0.00000  183.20000   12.70000  858.80000  826.80000   37.91704
   3.00000  362.60000  189.00000    0.00000  164.90000   11.60000  944.70000  755.80000   35.30117
  28.00000  151.00000    0.00000  185.00000  167.00000   16.00000 1074.00000  678.00000   13.45857
  28.00000  152.70000  144.70000    0.00000  178.10000    8.00000  999.70000  822.20000   19.00954
   3.00000  277.00000    0.00000    0.00000  191.00000    0.00000  968.00000  856.00000   11.36256
  56.00000  182.04000   45.21000  121.97000  170.21000    8.19000 1059.40000  780.65000   43.49904
 100.00000  218.85000    0.00000  124.13000  158.49000   11.33000 1078.70000  794.91000   46.22937
  14.00000  249.10000    0.00000   98.75000  158.11000   12.80000  987.76000  889.01000   28.68220
  56.00000  194.68000    0.00000  100.52000  165.62000    7.48000 1006.40000  905.90000   33.96359
  28.00000  153.00000  145.00000    0.00000  178.00000    8.00000 1000.00000  822.00000   19.00885
   7.00000  135.70000  203.50000    0.00000  185.70000    0.00000 1076.20000  759.30000    7.50701
  28.00000  379.50000  151.20000    0.00000  153.90000   15.90000 1134.30000  605.00000   52.20023
   3.00000  349.00000    0.00000    0.00000  192.00000    0.00000 1047.00000  806.90000   15.04919
  28.00000  144.80000    0.00000  133.60000  180.80000   11.10000  979.50000  811.50000   13.20209
  28.00000  143.60000    0.00000  174.90000  158.40000   17.90000  942.70000  844.50000   15.42358
  56.00000  252.31000    0.00000   98.75000  146.25000   14.17000  987.76000  889.01000   55.82687
  28.00000  212.57000    0.00000  100.39000  159.35000   10.37000 1003.80000  903.79000   37.40407
  28.00000  285.00000  190.00000    0.00000  163.00000    7.60000 1031.00000  685.00000   53.57918
   7.00000  186.20000  124.10000    0.00000  185.70000    0.00000 1083.40000  764.30000    7.99585
  28.00000  376.00000    0.00000    0.00000  214.60000    0.00000 1003.50000  762.36000   31.97100
  28.00000  158.80000  238.20000    0.00000  185.70000    0.00000 1040.60000  734.30000   21.06625
  56.00000  446.00000   24.00000   79.00000  162.00000   10.30000  967.00000  712.00000   54.76508
  28.00000  181.38000    0.00000  167.01000  169.59000    7.56000 1055.60000  777.80000   27.77209
  28.00000  164.00000  163.00000  128.00000  197.00000    8.00000  961.00000  641.00000   27.23430
 180.00000  310.00000    0.00000    0.00000  192.00000    0.00000  970.00000  850.00000   37.32823
 100.00000  251.81000    0.00000   99.94000  146.14000   12.35000 1006.00000  899.76000   45.36752
  28.00000  143.00000  169.00000  143.00000  191.00000    8.00000  967.00000  643.00000   29.72331
   7.00000  475.00000    0.00000    0.00000  228.00000    0.00000  932.00000  594.00000   38.60376
 365.00000  342.00000   38.00000    0.00000  228.00000    0.00000  932.00000  670.00000   56.14196
  28.00000  314.00000  145.30000  113.20000  178.90000    8.00000  869.10000  690.20000   46.23419
   3.00000  290.35000    0.00000   96.18000  168.08000    9.41000  961.18000  865.00000   22.50450
  56.00000  379.50000  151.20000    0.00000  153.90000   15.90000 1134.30000  605.00000   54.89608
  28.00000  149.00000  153.00000  194.00000  192.00000    8.00000  935.00000  623.00000   24.57982
 100.00000  277.19000   97.82000   24.46000  160.70000   11.19000 1061.70000  782.46000   66.94812
 270.00000  500.00000    0.00000    0.00000  200.00000    0.00000 1125.00000  613.00000   55.15808
  90.00000  277.00000    0.00000    0.00000  191.00000    0.00000  968.00000  856.00000   31.25395
  28.00000  382.00000    0.00000    0.00000  185.00000    0.00000 1047.00000  739.00000   37.42476
  56.00000  277.05000    0.00000   97.39000  160.60000   11.83000  973.90000  875.61000   51.03501
  28.00000  153.00000  239.00000    0.00000  200.00000    6.00000 1002.00000  684.00000   26.85509
  28.00000  272.80000  105.10000   81.80000  209.70000    9.00000  904.00000  679.70000   37.17103
  28.00000  152.00000  178.00000  139.00000  168.00000   18.00000  944.00000  695.00000   36.34917
  28.00000  436.00000    0.00000    0.00000  218.00000    0.00000  838.40000  719.70000   23.84897
  28.00000  528.00000    0.00000    0.00000  185.00000    6.86000  920.00000  720.00000   56.83351
  28.00000  451.00000    0.00000    0.00000  165.00000   11.25000 1030.00000  745.00000   78.80021
  56.00000  229.68000    0.00000  118.16000  195.23000    6.13000 1028.10000  757.63000   31.35047
  28.00000  313.30000    0.00000  113.00000  178.50000    8.00000 1001.90000  688.70000   36.80492
  28.00000  160.00000  250.00000    0.00000  168.00000   12.00000 1049.00000  688.00000   39.45182
   3.00000  475.00000  118.80000    0.00000  181.10000    8.90000  852.10000  781.50000   37.79707
  28.00000  193.50000  290.20000    0.00000  185.70000    0.00000  998.20000  704.30000   32.62669
 180.00000  342.00000   38.00000    0.00000  228.00000    0.00000  932.00000  670.00000   52.12439
  90.00000  380.00000    0.00000    0.00000  228.00000    0.00000  932.00000  670.00000   52.90832
   3.00000  167.00000   75.40000  167.00000  164.03000    7.91000 1007.30000  770.10000   15.52010
   7.00000  375.00000   93.80000    0.00000  126.60000   23.40000  852.10000  992.60000   45.69847
   3.00000  251.37000    0.00000  118.27000  192.94000    5.75000 1043.60000  754.30000   11.98309
   7.00000  480.00000    0.00000    0.00000  192.00000    0.00000  936.20000  712.20000   34.56964
   7.00000  192.00000  288.00000    0.00000  192.00000    0.00000  929.80000  716.10000   21.48062
  28.00000  362.60000  189.00000    0.00000  164.90000   11.60000  944.70000  755.80000   71.29871
  28.00000  200.00000  133.00000    0.00000  192.00000    0.00000  965.40000  806.20000   30.43968
  28.00000  446.00000   24.00000   79.00000  162.00000   11.64000  967.00000  712.00000   51.02122
   7.00000  446.00000   24.00000   79.00000  162.00000   11.61000  967.00000  712.00000   52.00717
  28.00000  134.70000    0.00000  165.70000  180.20000   10.00000  961.00000  804.90000   13.29379
   3.00000  172.38000   13.61000  172.37000  156.76000    4.14000 1006.30000  856.40000   21.29102
   7.00000  305.30000  203.50000    0.00000  203.50000    0.00000  965.40000  631.00000   25.89396
 270.00000  237.50000  237.50000    0.00000  228.00000    0.00000  932.00000  594.00000   38.40795
 100.00000  167.95000   42.08000  163.83000  121.75000    5.72000 1058.70000  780.11000   39.23118
   7.00000  139.60000  209.40000    0.00000  192.00000    0.00000 1047.00000  806.90000   14.58931
  28.00000  272.60000    0.00000   89.60000  198.70000   10.60000  931.30000  762.20000   32.24541
  56.00000  167.95000   42.08000  163.83000  121.75000    5.72000 1058.70000  780.11000   32.85353
  90.00000  237.50000  237.50000    0.00000  228.00000    0.00000  932.00000  594.00000   33.11691
  14.00000  168.88000   42.22000  124.25000  158.33000   10.83000 1080.80000  796.15000   23.51113
  28.00000  425.00000  106.30000    0.00000  153.50000   16.50000  852.10000  887.10000   60.29468
   3.00000  374.00000  189.20000    0.00000  170.10000   10.10000  926.10000  756.70000   34.39796
  91.00000  362.60000  189.00000    0.00000  164.90000   11.60000  944.70000  755.80000   79.29663
  14.00000  213.76000   98.06000   24.52000  181.74000    6.65000 1066.00000  785.52000   17.83674
  28.00000  349.00000    0.00000    0.00000  192.00000    0.00000 1056.00000  809.00000   33.60506
   3.00000  425.00000  106.30000    0.00000  153.50000   16.50000  852.10000  887.10000   33.39822
 100.00000  190.34000    0.00000  125.18000  161.85000    9.88000 1088.10000  802.59000   40.38950
  14.00000  190.34000    0.00000  125.18000  161.85000    9.88000 1088.10000  802.59000   22.71823
  91.00000  425.00000  106.30000    0.00000  153.50000   16.50000  852.10000  887.10000   65.19685
  28.00000  298.00000  137.00000  107.00000  201.00000    6.00000  878.00000  655.00000   53.52402
  28.00000  136.40000  161.60000  125.80000  171.60000   10.40000  922.60000  764.40000   29.07313
   3.00000  275.07000    0.00000  121.35000  159.48000    9.90000 1053.60000  777.50000   23.80071
  14.00000  222.36000    0.00000   96.67000  189.29000    4.46000  967.08000  870.32000   24.44882
  28.00000  229.97000    0.00000  118.31000  195.47000    4.63000 1029.40000  758.59000   24.48329
  56.00000  359.00000   19.00000  141.00000  154.00000   10.91000  942.00000  801.00000   66.78068
  28.00000  350.00000    0.00000    0.00000  203.00000    0.00000  974.00000  775.00000   27.33772
 100.00000  252.31000    0.00000   98.75000  146.25000   14.17000  987.76000  889.01000   60.94968
   3.00000  166.09000    0.00000  163.27000  176.46000    4.49000 1058.60000  780.09000   10.76272
  56.00000  222.36000    0.00000   96.67000  189.29000    4.46000  967.08000  870.32000   29.44752
  90.00000  157.00000  236.00000    0.00000  192.00000    0.00000  935.40000  781.20000   43.37700
   3.00000  250.00000    0.00000   95.69000  191.84000    5.33000  948.90000  857.20000    8.48745
  28.00000  266.00000  112.00000   87.00000  178.00000   10.00000  910.00000  745.00000   39.41734
  56.00000  374.00000  189.20000    0.00000  170.10000   10.10000  926.10000  756.70000   63.39732
   1.00000  385.00000    0.00000    0.00000  186.00000    0.00000  966.00000  763.00000    6.26734
   3.00000  362.60000  189.00000    0.00000  164.90000   11.60000  944.70000  755.80000   35.30117
  28.00000  281.00000    0.00000    0.00000  185.00000    0.00000 1104.00000  774.00000   22.43555
  28.00000  167.00000  187.00000  195.00000  185.00000    7.00000  898.00000  636.00000   23.89034
  28.00000  158.60000  148.90000  116.00000  175.10000   15.00000  953.30000  719.70000   27.68108
  90.00000  480.00000    0.00000    0.00000  192.00000    0.00000  936.20000  712.20000   54.31554
 180.00000  302.00000    0.00000    0.00000  203.00000    0.00000  974.00000  817.00000   26.74477
   7.00000  350.00000    0.00000    0.00000  203.00000    0.00000  974.00000  775.00000   18.12632
   3.00000  236.00000    0.00000    0.00000  194.00000    0.00000  968.00000  885.00000    6.46728
  56.00000  475.00000  118.80000    0.00000  181.10000    8.90000  852.10000  781.50000   72.29845
  14.00000  339.00000    0.00000    0.00000  197.00000    0.00000  968.00000  781.00000   27.04125
  28.00000  147.80000  175.10000    0.00000  171.20000    2.20000 1000.00000  828.50000   26.92266
  28.00000  500.00000    0.00000    0.00000  151.00000    9.00000 1033.00000  655.00000   69.83702
  28.00000  152.60000  238.70000    0.00000  200.00000    6.30000 1001.80000  683.90000   26.85992
  14.00000  190.68000    0.00000  125.40000  162.14000    7.77000 1090.00000  804.01000   21.06349
  56.00000  286.30000  200.90000    0.00000  144.70000   11.20000 1004.60000  803.70000   72.99482
   7.00000  374.00000  189.20000    0.00000  170.10000   10.10000  926.10000  756.70000   46.20179
   7.00000  212.00000  141.30000    0.00000  203.50000    0.00000  973.40000  750.00000   15.03058
 100.00000  167.00000   75.40000  167.00000  164.03000    7.91000 1007.30000  770.10000   56.81282
  28.00000  321.40000    0.00000  127.90000  182.50000   11.50000  870.10000  779.70000   37.26549
  28.00000  252.00000    0.00000    0.00000  185.00000    0.00000 1111.00000  784.00000   19.69143
  14.00000  212.57000    0.00000  100.39000  159.35000   10.37000 1003.80000  903.79000   25.37272
  28.00000  425.00000  106.30000    0.00000  153.50000   16.50000  852.10000  887.10000   60.29468
  56.00000  491.00000   26.00000  123.00000  210.00000    3.93000  882.00000  699.00000   59.59043
  28.00000  333.00000    0.00000    0.00000  192.00000    0.00000  931.20000  842.60000   31.96687
  14.00000  194.68000    0.00000  100.52000  170.17000    7.48000  998.00000  901.80000   24.28334
  56.00000  424.00000   22.00000  132.00000  178.00000    8.48000  822.00000  750.00000   65.69721
  56.00000  173.54000   50.05000  173.53000  164.77000    6.47000 1006.20000  793.50000   53.77223
  28.00000  252.31000    0.00000   98.75000  146.25000   14.17000  987.76000  889.01000   50.60064
  28.00000  158.40000    0.00000  194.90000  219.70000   11.00000  897.70000  712.90000    8.53640
  28.00000  255.00000   99.00000   77.00000  189.00000    6.00000  919.00000  749.00000   33.79811
  28.00000  313.00000  145.00000    0.00000  178.00000    8.00000 1002.00000  689.00000   41.05140
  28.00000  339.00000    0.00000    0.00000  185.00000    0.00000 1069.00000  754.00000   31.84000
 100.00000  213.50000    0.00000  174.24000  154.61000   11.66000 1052.30000  775.48000   59.30183
   7.00000  210.70000  316.10000    0.00000  185.70000    0.00000  977.00000  689.30000   21.81985
  14.00000  302.00000    0.00000    0.00000  203.00000    0.00000  974.00000  817.00000   18.12632
   3.00000  141.30000  212.00000    0.00000  203.50000    0.00000  971.80000  748.50000    4.82771
  28.00000  302.00000    0.00000    0.00000  203.00000    0.00000  974.00000  817.00000   21.75297
  14.00000  277.19000   97.82000   24.46000  160.70000   11.19000 1061.70000  782.46000   47.71174
  28.00000  356.00000    0.00000  142.00000  193.00000   11.00000  801.00000  778.00000   40.86524
  91.00000  375.00000   93.80000    0.00000  126.60000   23.40000  852.10000  992.60000   62.50100
  28.00000  380.00000   95.00000    0.00000  228.00000    0.00000  932.00000  594.00000   36.44777
 100.00000  172.38000   13.61000  172.37000  156.76000    4.14000 1006.30000  856.40000   37.67986
  28.00000  146.50000  114.60000   89.30000  201.90000    8.80000  860.00000  829.50000   19.98791
  28.00000  289.00000  133.70000    0.00000  194.90000    5.50000  924.10000  760.10000   46.24729
   3.00000  531.30000    0.00000    0.00000  141.80000   28.20000  852.10000  893.70000   41.29961
  28.00000  500.00000    0.00000    0.00000  200.00000    0.00000 1125.00000  613.00000   44.09199
  90.00000  288.00000  192.00000    0.00000  192.00000    0.00000  932.00000  717.80000   50.52687
 100.00000  250.00000    0.00000   95.69000  191.84000    5.33000  948.90000  857.20000   41.16172
 100.00000  251.37000    0.00000  118.27000  188.45000    5.75000 1028.40000  757.73000   43.58178
  14.00000  500.00000    0.00000    0.00000  200.00000    0.00000 1125.00000  613.00000   36.93523
  56.00000  165.00000    0.02000  143.57000  163.81000    0.00000 1005.60000  900.90000   36.56291
  56.00000  469.00000  117.20000    0.00000  137.80000   32.20000  852.10000  840.50000   69.29923
  14.00000  251.37000    0.00000  118.27000  188.45000    6.35000 1028.40000  757.73000   24.42813
 100.00000  233.81000    0.00000   94.58000  197.89000    4.56700  947.04000  852.16000   34.55654
  90.00000  333.00000    0.00000    0.00000  192.00000    0.00000  931.20000  842.60000   41.68020
  28.00000  249.10000    0.00000   98.75000  158.11000   12.80000  987.76000  889.01000   30.84716
 100.00000  173.81000   93.37000  159.90000  172.34000    9.73000 1007.20000  746.60000   50.93849
 100.00000  212.57000    0.00000  100.39000  159.35000   10.37000 1003.80000  903.79000   47.73932
   7.00000  237.50000  237.50000    0.00000  228.00000    0.00000  932.00000  594.00000   26.25800
  28.00000  148.00000  175.00000    0.00000  171.00000    2.00000 1000.00000  828.00000   26.91714
  14.00000  251.37000    0.00000  118.27000  192.94000    5.75000 1043.60000  754.30000   20.72565
   7.00000  296.00000    0.00000    0.00000  192.00000    0.00000 1085.00000  765.00000   14.20321
 100.00000  213.50000    0.00000  174.24000  159.21000   11.66000 1043.60000  771.90000   52.95865
  28.00000  314.00000  145.00000  113.00000  179.00000    8.00000  869.00000  690.00000   46.22937
   7.00000  275.00000    0.00000    0.00000  183.00000    0.00000 1088.00000  808.00000   14.20321
  90.00000  236.00000    0.00000    0.00000  194.00000    0.00000  968.00000  885.00000   21.94602
  14.00000  167.00000   75.40000  167.00000  164.03000    7.91000 1007.30000  770.10000   32.90179
  28.00000  173.54000   50.05000  173.53000  164.77000    6.47000 1006.20000  793.50000   38.20387
  14.00000  376.00000    0.00000    0.00000  214.60000    0.00000 1003.50000  762.36000   25.62093
 180.00000  307.00000    0.00000    0.00000  193.00000    0.00000  968.00000  812.00000   34.48759
  56.00000  251.81000    0.00000   99.94000  146.14000   12.35000 1006.00000  899.76000   44.14025
  91.00000  425.00000  106.30000    0.00000  153.50000   16.50000  852.10000  887.10000   65.19685
   7.00000  228.00000  342.10000    0.00000  185.70000    0.00000  955.80000  674.30000   21.91706
  56.00000  168.88000   42.22000  124.25000  158.33000   10.83000 1080.80000  796.15000   39.14845
   7.00000  387.00000   20.00000   94.00000  157.00000   14.32000  938.00000  845.00000   36.83870
  28.00000  237.50000  237.50000    0.00000  228.00000    0.00000  932.00000  594.00000   30.07977
 180.00000  266.00000  114.00000    0.00000  228.00000    0.00000  932.00000  670.00000   48.69562
  28.00000  144.00000  170.00000  133.00000  192.00000    8.00000  814.00000  805.00000   29.86810
  28.00000  295.80000    0.00000    0.00000  185.70000    0.00000 1091.40000  769.30000   25.21690
  28.00000  159.10000  186.70000    0.00000  175.60000   11.30000  989.60000  788.90000   32.76804
  28.00000  313.00000  161.00000    0.00000  178.00000   10.00000  917.00000  759.00000   52.44154
  56.00000  238.05000    0.00000   94.11000  186.66000    7.00000  949.91000  847.01000   39.58971
  56.00000  251.37000    0.00000  118.27000  188.45000    5.75000 1028.40000  757.73000   36.96970
   3.00000  359.00000   19.00000  141.00000  154.00000   10.91000  942.00000  801.00000   23.63918
  28.00000  313.00000    0.00000    0.00000  178.00000    8.00000 1000.00000  822.00000   25.09693
  28.00000  475.00000    0.00000    0.00000  228.00000    0.00000  932.00000  594.00000   39.28979
   7.00000  310.00000    0.00000    0.00000  192.00000    0.00000  970.00000  850.00000   14.98921
   7.00000  116.00000  173.00000    0.00000  192.00000    0.00000  909.80000  891.90000   10.08979
  28.00000  229.68000    0.00000  118.16000  195.23000    6.13000 1028.10000  757.63000   24.53845
   3.00000  190.34000    0.00000  125.18000  161.85000    9.88000 1088.10000  802.59000    9.44582
  28.00000  322.00000    0.00000  116.00000  196.00000   10.00000  818.00000  813.00000   31.17810
 360.00000  198.60000  132.40000    0.00000  192.00000    0.00000  978.40000  825.50000   44.29608
  28.00000  397.00000    0.00000    0.00000  185.00000    0.00000 1040.00000  734.00000   39.09329
   7.00000  382.50000    0.00000    0.00000  185.70000    0.00000 1047.80000  739.30000   24.06547
   7.00000  332.50000  142.50000    0.00000  228.00000    0.00000  932.00000  594.00000   30.27558
  28.00000  159.00000  209.00000  161.00000  201.00000    7.00000  848.00000  669.00000   30.88163
  28.00000  182.04000   45.21000  121.97000  170.21000    8.19000 1059.40000  780.65000   31.26774
  28.00000  333.00000   17.50000  163.00000  167.00000   17.90000  996.00000  652.00000   47.27737
  28.00000  298.00000    0.00000  107.00000  186.00000    6.00000  879.00000  815.00000   42.63720
   3.00000  157.00000  236.00000    0.00000  192.00000    0.00000  935.40000  781.20000    9.69472
  28.00000  313.00000  145.00000    0.00000  127.00000    8.00000 1000.00000  822.00000   44.51947
   7.00000  310.00000    0.00000    0.00000  192.00000    0.00000 1012.00000  830.00000   17.24379
   7.00000  158.80000  238.20000    0.00000  185.70000    0.00000 1040.60000  734.30000    9.61750
  28.00000  531.30000    0.00000    0.00000  141.80000   28.20000  852.10000  893.70000   56.39914
  56.00000  318.80000  212.50000    0.00000  155.70000   14.30000  852.10000  880.40000   66.10006
   3.00000  362.60000  189.00000    0.00000  164.90000   11.60000  944.70000  755.80000   35.30117
   3.00000  200.00000  133.00000    0.00000  192.00000    0.00000  965.40000  806.20000   11.41428
 180.00000  331.00000    0.00000    0.00000  192.00000    0.00000  978.00000  825.00000   38.99676
  28.00000  298.00000    0.00000  107.00000  210.00000   11.00000  880.00000  744.00000   31.87448
  28.00000  427.50000   47.50000    0.00000  228.00000    0.00000  932.00000  594.00000   37.42752
   3.00000  212.57000    0.00000  100.39000  159.35000   10.37000 1003.80000  903.79000   13.33447
  28.00000  359.00000   19.00000  141.00000  154.00000   10.91000  942.00000  801.00000   62.93537
  28.00000  166.09000    0.00000  163.27000  176.46000    4.49000 1058.60000  780.09000   21.53923
  28.00000  155.00000    0.00000  143.00000  193.00000    9.00000 1047.00000  697.00000   12.45883
  28.00000  151.60000    0.00000  111.90000  184.40000    7.90000  992.00000  815.90000   12.18097
  28.00000  144.00000  136.00000  106.00000  178.00000    7.00000  941.00000  774.00000   26.14493
  28.00000  381.40000    0.00000    0.00000  185.70000    0.00000 1104.60000  784.30000   22.48933
   3.00000  323.70000  282.80000    0.00000  183.80000   10.30000  942.70000  659.90000   28.29610
   3.00000  231.75000    0.00000  121.62000  173.96000    6.72000 1056.40000  778.45000   15.43737
   3.00000  190.34000    0.00000  125.18000  166.61000    9.88000 1079.00000  798.90000   12.54846
   7.00000  236.00000  157.00000    0.00000  192.00000    0.00000  972.60000  749.10000   20.41607
  14.00000  167.95000   42.08000  163.83000  121.75000    5.72000 1058.70000  780.11000   17.82295
  56.00000  249.10000    0.00000   98.75000  158.11000   12.80000  987.76000  889.01000   42.03046
 100.00000  222.36000    0.00000   96.67000  189.29000    4.46000  967.08000  870.32000   40.71356
   7.00000  349.00000    0.00000    0.00000  192.00000    0.00000 1047.00000  806.00000   18.12632
   7.00000  387.00000   20.00000   94.00000  157.00000   13.93000  938.00000  845.00000   45.89842
   7.00000  295.00000    0.00000    0.00000  185.00000    0.00000 1069.00000  769.00000   14.79615
   3.00000  166.80000  250.20000    0.00000  203.50000    0.00000  975.60000  692.60000    6.90234
   3.00000  401.80000   94.70000    0.00000  147.40000   11.40000  946.80000  852.10000   41.09966
  91.00000  425.00000  106.30000    0.00000  153.50000   16.50000  852.10000  887.10000   65.19685
  28.00000  289.00000  134.00000    0.00000  195.00000    6.00000  924.00000  760.00000   46.24316
 180.00000  475.00000    0.00000    0.00000  228.00000    0.00000  932.00000  594.00000   42.62065
   3.00000  491.00000   26.00000  123.00000  201.00000    3.93000  822.00000  699.00000   29.54897
  28.00000  160.20000  188.00000  146.40000  203.20000   11.30000  828.70000  709.70000   35.31427
   7.00000  397.00000    0.00000    0.00000  185.70000    0.00000 1040.60000  734.30000   25.44787
  28.00000  148.10000    0.00000  136.60000  158.10000   16.10000 1001.80000  830.10000   17.95947
   7.00000  475.00000  118.80000    0.00000  181.10000    8.90000  852.10000  781.50000   55.59934
   7.00000  236.00000    0.00000    0.00000  193.00000    0.00000  968.00000  885.00000    9.99051
  28.00000  516.00000    0.00000    0.00000  162.00000    8.26000  801.00000  802.00000   41.36856
  56.00000  218.23000   54.64000  123.78000  140.75000   11.91000 1075.70000  792.67000   61.99079
 365.00000  304.00000   76.00000    0.00000  228.00000    0.00000  932.00000  670.00000   55.26012
  14.00000  251.81000    0.00000   99.94000  146.14000   12.35000 1006.00000  899.76000   33.35685
  28.00000  277.05000    0.00000   97.39000  160.60000   11.83000  973.90000  875.61000   48.28400
  28.00000  238.10000    0.00000    0.00000  185.70000    0.00000 1118.80000  789.30000   17.57612
   3.00000  310.00000    0.00000    0.00000  192.00000    0.00000 1012.00000  830.00000   11.85209
  28.00000  316.10000  210.70000    0.00000  185.70000    0.00000  977.00000  689.30000   38.70029
  56.00000  251.37000    0.00000  118.27000  188.45000    6.35000 1028.40000  757.73000   36.63875
   7.00000  359.00000   19.00000  141.00000  154.00000   10.91000  942.00000  801.00000   35.75426
   7.00000  141.30000  212.00000    0.00000  203.50000    0.00000  971.80000  748.50000   10.39385
  28.00000  321.30000  164.20000    0.00000  190.50000    4.60000  870.00000  774.00000   57.21823
 100.00000  167.35000  129.90000  128.62000  175.46000    7.79000 1006.30000  746.60000   53.65502
  28.00000  325.60000  166.40000    0.00000  174.00000    8.90000  881.60000  790.00000   61.23581
   7.00000  446.00000   24.00000   79.00000  162.00000   11.64000  967.00000  712.00000   38.01771
  56.00000  172.38000   13.61000  172.37000  156.76000    4.14000 1006.30000  856.40000   35.85275
  28.00000  387.00000   20.00000   94.00000  157.00000   11.61000  938.00000  845.00000   46.68442
 180.00000  304.00000   76.00000    0.00000  228.00000    0.00000  932.00000  670.00000   50.94883
