  -1.00000   -1.00000    0.60000    0.50000   -1.00000    0.00000   -1.00000   -1.00000   -0.33250   -1.00000   -0.60000   -1.00000   -1.00000   -1.00000   -1.00000   -1.00000   -1.00000   -1.00000   -1.00000   -0.33250   -1.00000   -1.00000   -1.00000   -1.00000   -1.00000    0.00000   -1.00000    0.58200
  -0.33250   -0.50000   -0.20000   -1.00000   -1.00000    0.00000    0.00000   -1.00000   -0.33250   -0.60000   -0.20000    0.60000   -0.50000   -1.00000    0.00000    0.00000   -1.00000    0.00000   -0.60000    0.33250    0.33250   -1.00000   -1.00000    0.00000    0.00000    0.00000   -0.33250    0.83800
  -1.00000   -0.50000   -0.20000   -1.00000   -1.00000    0.00000    0.00000   -1.00000   -0.33250   -0.60000    0.20000   -0.60000   -1.00000    1.00000    1.00000    1.00000   -1.00000    0.00000   -0.20000   -0.33250   -1.00000   -1.00000   -1.00000   -1.00000   -1.00000    0.00000   -1.00000    0.71700
  -1.00000   -0.50000   -0.20000   -1.00000   -1.00000    0.00000    0.00000   -1.00000   -0.33250   -0.60000   -0.20000   -0.20000   -1.00000   -1.00000    0.00000    0.00000   -1.00000    0.00000   -0.60000   -0.33250   -1.00000   -1.00000   -1.00000   -1.00000   -1.00000    0.00000   -1.00000    0.74200
  -0.33250   -0.50000   -0.20000   -1.00000   -1.00000    0.00000    0.00000   -1.00000   -0.33250   -0.60000   -0.60000   -0.20000   -1.00000   -1.00000    0.00000    1.00000   -1.00000    0.00000   -0.60000    0.33250    0.33250   -1.00000   -1.00000    0.00000    0.00000    0.00000   -0.33250    0.74100
   0.33250    0.00000   -0.60000   -1.00000   -1.00000   -1.00000    0.00000   -1.00000    0.33250   -0.20000   -0.20000   -0.60000   -1.00000    1.00000   -1.00000    1.00000   -1.00000   -1.00000   -0.60000    1.00000   -0.33250   -1.00000   -1.00000   -1.00000    0.00000    0.00000    0.33250    0.89700
  -1.00000    0.00000   -0.60000   -1.00000   -1.00000   -1.00000    0.00000   -1.00000    0.33250   -0.20000   -0.60000   -1.00000   -1.00000   -1.00000   -1.00000   -1.00000   -1.00000   -1.00000   -1.00000   -0.33250   -1.00000   -1.00000   -1.00000   -1.00000   -1.00000    0.00000   -1.00000    0.63800
  -0.33250   -0.50000    0.20000   -0.25000   -1.00000    1.00000    0.00000   -1.00000   -0.33250   -0.60000   -0.60000   -1.00000   -1.00000   -1.00000   -1.00000   -1.00000   -1.00000   -1.00000   -1.00000    0.33250    1.00000    1.00000   -1.00000    1.00000    0.00000    0.00000   -0.33250    0.66100
   1.00000    0.00000   -0.60000   -1.00000   -1.00000   -1.00000    0.00000   -1.00000   -0.33250    0.20000   -0.20000   -0.60000   -1.00000    1.00000   -1.00000    1.00000   -1.00000   -1.00000   -0.60000    1.00000   -0.33250   -1.00000   -1.00000   -1.00000    0.00000    0.00000   -0.33250    0.90000
  -1.00000   -1.00000   -0.60000   -1.00000   -1.00000   -1.00000   -1.00000   -1.00000   -0.33250   -1.00000   -0.60000   -1.00000   -1.00000   -1.00000   -1.00000   -1.00000   -1.00000   -1.00000   -1.00000   -0.33250   -1.00000   -1.00000   -1.00000   -1.00000   -1.00000    0.00000   -1.00000    0.60200
  -1.00000   -0.50000    0.20000    0.00000   -1.00000    1.00000    0.00000   -1.00000   -0.33250   -0.60000   -0.20000    0.20000    0.00000   -1.00000    1.00000    0.00000   -1.00000    0.00000   -0.60000   -0.33250   -1.00000   -1.00000   -1.00000   -1.00000   -1.00000    0.00000   -1.00000    0.67400
  -1.00000   -1.00000   -1.00000   -1.00000   -1.00000   -1.00000   -1.00000   -1.00000   -1.00000   -1.00000   -1.00000   -1.00000   -1.00000   -1.00000   -1.00000   -1.00000   -1.00000   -1.00000   -1.00000   -0.33250   -1.00000   -1.00000   -1.00000   -1.00000   -1.00000    0.00000   -1.00000    0.63400
  -1.00000   -0.50000    1.00000    1.00000   -1.00000    0.00000    0.00000   -1.00000   -0.33250   -0.60000   -0.60000   -1.00000   -1.00000   -1.00000   -1.00000   -1.00000   -1.00000   -1.00000   -1.00000   -0.33250   -1.00000   -1.00000   -1.00000   -1.00000   -1.00000    0.00000   -1.00000    0.54000
  -1.00000    0.00000   -0.60000   -1.00000   -1.00000   -1.00000   -1.00000    0.00000   -1.00000    0.20000   -0.20000   -0.20000   -1.00000   -1.00000    0.00000    0.00000   -1.00000    0.00000   -0.60000   -0.33250   -1.00000   -1.00000   -1.00000   -1.00000   -1.00000    0.00000   -1.00000    0.73800
  -0.33250   -0.50000   -0.20000   -1.00000   -1.00000    0.00000    0.00000   -1.00000   -0.33250   -0.60000   -0.20000    1.00000    1.00000   -1.00000    0.00000    0.00000   -1.00000    0.00000   -0.60000    0.33250    0.33250   -1.00000   -1.00000    0.00000    0.00000    0.00000   -0.33250    0.67100
  -1.00000   -1.00000   -1.00000   -1.00000   -1.00000   -1.00000   -1.00000   -1.00000   -1.00000   -1.00000   -0.60000   -0.20000   -1.00000   -1.00000    0.00000    1.00000   -1.00000    0.00000   -0.60000   -0.33250   -1.00000   -1.00000   -1.00000   -1.00000   -1.00000    0.00000   -1.00000    0.61300
  -1.00000   -0.50000   -0.60000   -1.00000   -1.00000   -1.00000    0.00000   -1.00000    1.00000   -0.60000   -0.60000   -1.00000   -1.00000   -1.00000   -1.00000   -1.00000   -1.00000   -1.00000   -1.00000   -0.33250   -1.00000   -1.00000   -1.00000   -1.00000   -1.00000    0.00000   -1.00000    0.67500
  -0.33250   -0.50000   -0.20000   -1.00000   -1.00000    0.00000    0.00000   -1.00000   -0.33250   -0.60000    0.20000   -0.60000   -1.00000   -1.00000   -1.00000    0.00000   -1.00000    1.00000   -0.20000    0.33250    0.33250   -1.00000   -1.00000    0.00000    0.00000    0.00000   -0.33250    0.80500
  -1.00000   -1.00000   -1.00000   -1.00000   -1.00000   -1.00000   -1.00000   -1.00000   -1.00000   -1.00000   -0.20000   -0.60000   -1.00000    1.00000   -1.00000    1.00000   -1.00000   -1.00000   -0.60000   -0.33250   -1.00000   -1.00000   -1.00000   -1.00000   -1.00000    0.00000   -1.00000    0.54700
  -1.00000   -1.00000   -0.20000   -0.25000   -1.00000    0.00000   -1.00000   -1.00000   -0.33250   -1.00000   -0.60000   -1.00000   -1.00000   -1.00000   -1.00000   -1.00000   -1.00000   -1.00000   -1.00000   -0.33250   -1.00000   -1.00000   -1.00000   -1.00000   -1.00000    0.00000   -1.00000    0.58700
  -1.00000   -1.00000   -0.60000   -1.00000   -1.00000   -1.00000   -1.00000   -1.00000   -0.33250   -1.00000   -0.60000   -1.00000   -1.00000   -1.00000   -1.00000   -1.00000   -1.00000   -1.00000   -1.00000   -0.33250   -0.33250   -1.00000   -1.00000   -1.00000   -1.00000    0.00000   -0.33250    0.64900
  -0.33250   -0.50000   -0.60000   -1.00000   -1.00000   -1.00000    0.00000   -1.00000    1.00000   -0.60000   -0.20000   -0.20000   -1.00000   -1.00000    0.00000    0.00000   -1.00000    0.00000   -0.60000    0.33250   -0.33250   -1.00000   -1.00000   -1.00000    0.00000    0.00000    1.00000    0.89300
  -1.00000   -0.50000   -0.20000   -1.00000   -1.00000    0.00000    0.00000   -1.00000   -0.33250   -0.60000   -0.60000   -1.00000   -1.00000   -1.00000   -1.00000   -1.00000   -1.00000   -1.00000   -1.00000   -0.33250   -1.00000   -1.00000   -1.00000   -1.00000   -1.00000    0.00000   -1.00000    0.63400
  -1.00000   -1.00000   -1.00000   -1.00000   -1.00000   -1.00000   -1.00000   -1.00000   -1.00000   -1.00000   -0.20000    0.20000    0.00000   -1.00000    1.00000    0.00000   -1.00000    0.00000   -0.60000   -0.33250   -1.00000   -1.00000   -1.00000   -1.00000   -1.00000    0.00000   -1.00000    0.56100
  -1.00000   -1.00000   -1.00000   -1.00000   -1.00000   -1.00000   -1.00000   -1.00000   -1.00000   -1.00000   -0.20000    1.00000    0.50000   -1.00000    0.00000    0.00000   -1.00000    0.00000   -0.60000   -0.33250   -1.00000   -1.00000   -1.00000   -1.00000   -1.00000    0.00000   -1.00000    0.51600
  -0.33250   -0.50000   -0.60000   -1.00000   -1.00000   -1.00000    0.00000   -1.00000    1.00000   -0.60000    0.20000   -0.60000   -1.00000    1.00000    1.00000    1.00000   -1.00000    0.00000   -0.20000    0.33250   -0.33250   -1.00000   -1.00000   -1.00000    0.00000    0.00000    1.00000    0.89300
  -1.00000   -1.00000   -1.00000   -1.00000   -1.00000   -1.00000   -1.00000   -1.00000   -1.00000   -1.00000   -0.60000   -0.60000   -1.00000   -1.00000   -1.00000   -1.00000   -1.00000    0.00000   -1.00000   -0.33250   -1.00000   -1.00000   -1.00000   -1.00000   -1.00000    0.00000   -1.00000    0.57200
  -1.00000   -0.50000    1.00000    0.75000   -1.00000    0.00000    0.00000   -1.00000   -0.33250   -0.60000   -0.60000   -1.00000   -1.00000   -1.00000   -1.00000   -1.00000   -1.00000   -1.00000   -1.00000   -0.33250   -1.00000   -1.00000   -1.00000   -1.00000   -1.00000    0.00000   -1.00000    0.56000
  -0.33250   -0.50000   -0.20000   -1.00000   -1.00000    0.00000    0.00000   -1.00000   -0.33250   -0.60000   -0.20000    1.00000    1.00000   -1.00000    0.00000    0.00000   -1.00000    0.00000   -0.60000    0.33250    0.33250   -1.00000   -1.00000    0.00000    0.00000    0.00000   -0.33250    0.76300
  -1.00000   -1.00000   -1.00000   -1.00000   -1.00000   -1.00000   -1.00000   -1.00000   -1.00000   -1.00000    1.00000   -0.60000   -1.00000   -1.00000    0.00000   -1.00000   -1.00000   -1.00000    1.00000   -0.33250   -1.00000   -1.00000   -1.00000   -1.00000   -1.00000    0.00000   -1.00000    0.55400
  -1.00000    0.00000   -0.60000   -1.00000   -1.00000   -1.00000    0.00000   -1.00000   -0.33250    0.20000   -0.60000   -1.00000   -1.00000   -1.00000   -1.00000   -1.00000   -1.00000   -1.00000   -1.00000   -0.33250   -1.00000   -1.00000   -1.00000   -1.00000   -1.00000    0.00000   -1.00000    0.59500
  -1.00000   -0.50000    0.60000   -0.50000   -1.00000    0.00000    0.00000   -1.00000   -0.33250   -0.60000   -0.60000   -1.00000   -1.00000   -1.00000   -1.00000   -1.00000   -1.00000   -1.00000   -1.00000   -0.33250   -1.00000   -1.00000   -1.00000   -1.00000   -1.00000    0.00000   -1.00000    0.64200
  -1.00000   -1.00000   -1.00000   -1.00000   -1.00000   -1.00000   -1.00000   -1.00000   -1.00000   -1.00000   -0.20000   -0.20000   -1.00000    0.00000    0.00000    0.00000   -1.00000    0.00000   -0.60000   -0.33250   -1.00000   -1.00000   -1.00000   -1.00000   -1.00000    0.00000   -1.00000    0.62800
  -1.00000    0.50000    0.20000   -0.75000   -1.00000   -1.00000   -1.00000    0.00000    0.33250   -0.20000   -0.60000   -1.00000   -1.00000   -1.00000   -1.00000   -1.00000   -1.00000   -1.00000   -1.00000   -0.33250   -1.00000   -1.00000   -1.00000   -1.00000   -1.00000    0.00000   -1.00000    0.63200
  -1.00000   -1.00000   -1.00000   -1.00000   -1.00000   -1.00000   -1.00000   -1.00000   -1.00000   -1.00000    0.60000   -0.20000   -1.00000   -1.00000   -1.00000   -1.00000    1.00000   -1.00000    0.20000   -0.33250   -1.00000   -1.00000   -1.00000   -1.00000   -1.00000    0.00000   -1.00000    0.58400
