  -0.12800    2.36600    0.40500    2.60600    0.00000    0.00000    1.03700
   2.64200    3.73400    0.22300    1.37400    2.00000    2.00000    4.58600
   2.04800    3.31400    0.33100    1.39700    3.00000    0.00000    4.47300
   0.65200    2.95500    0.33100    1.31300    0.00000    0.00000    2.96100
   1.61900    3.08000    0.40500    1.60900    0.00000    2.00000    3.52800
   2.44600    3.55900    0.22300    1.36000    0.00000    0.00000    3.45800
   2.51000    3.25200    0.22300    1.07700    0.00000    0.00000    4.02000
   2.51000    3.33200    0.13400    1.29400    0.00000    0.00000    3.43600
   1.56400    3.58800    0.25100    1.50600    0.00000    0.00000    3.57000
   1.49000    2.76500    0.33100    0.95100    0.00000    1.00000    2.55000
   1.61000    2.25100    0.63800    0.87100    1.00000    0.00000    4.41600
   5.20700    2.58500    1.58600    0.91700    0.00000    0.00000    6.37900
   3.10900    1.84400    1.27500    0.80400    0.00000    0.00000    6.72000
   1.75000    3.02300    0.56000    1.16800    0.00000    1.00000    3.37900
  -0.19700    3.35100    0.79700    2.45600    2.00000    0.00000    3.90300
   1.95000    3.44400    0.88000    1.46600    0.00000    3.00000    4.00400
   2.51000    3.25200    0.22300    1.07700    0.00000    0.00000    4.09300
   1.94000    2.16000    1.16000    1.60700    0.00000    0.00000    3.13000
   2.78600    3.43600    0.33100    0.95100    0.00000    0.00000    4.33800
   2.49200    3.18000    1.28100    1.24600    0.00000    0.00000    4.96300
   0.05700    2.44100    0.88000    1.54000    0.00000    2.00000    4.92000
   3.10900    1.84400    1.27500    0.80400    0.00000    0.00000    6.78400
   2.34500    3.40200    0.49600    1.45000    1.00000    0.00000    4.55700
   3.57400    2.90000    1.27500    0.91300    0.00000    1.00000    6.56400
   4.57000    4.82900    0.33100    1.52100    4.00000    4.00000    6.34700
   2.22200    3.19500    0.49600    1.13300    0.00000    1.00000    4.44600
   0.89300    2.35900    0.40500    0.81400    0.00000    0.00000    4.28700
  -0.41000    1.77400    0.42900    2.29900    0.00000    0.00000    1.89700
   0.49600    2.45600    0.33100    1.25900    0.00000    1.00000    2.85800
   3.84200    2.89300    1.23600    0.90700    0.00000    0.00000    6.04700
   2.12900    3.52000    0.22300    1.56200    0.00000    1.00000    3.44600
   2.54000    3.45200    0.33100    1.09800    0.00000    1.00000    3.74200
   0.98200    2.11900    0.92300    1.17900    0.00000    1.00000    1.05000
   0.58600    2.42900    0.40500    1.92700    0.00000    1.00000    2.58300
   2.29700    3.90000    0.42900    1.57200    0.00000    1.00000    3.84200
   1.31300    1.63400    0.71300    1.19000    0.00000    0.00000    2.05600
   1.20900    1.27900    1.16000    1.71400    0.00000    0.00000    2.93600
  -0.17200    2.16500    0.13400    1.91200    0.00000    0.00000    2.30000
   2.21400    3.24000    0.56000    0.88900    0.00000    0.00000    4.54400
   2.59200    3.32300    0.40500    1.17000    0.00000    2.00000    4.57700
   3.18400    3.38000    0.87400    0.90300    0.00000    1.00000    5.27800
   0.53800    3.01400    0.56000    1.98700    0.00000    1.00000    3.49600
   2.34300    1.88600    0.98800    0.76400    0.00000    0.00000    3.88900
   3.29100    3.60900    0.81100    1.18900    0.00000    0.00000    5.11500
   1.85900    2.72800    0.22300    0.95300    0.00000    0.00000    3.29000
   1.73700    3.19100    0.22300    1.15400    0.00000    0.00000    2.68600
   1.33500    2.86600    0.22300    1.28800    2.00000    0.00000    3.41100
   3.79500    2.12600    0.97700    0.77100    0.00000    0.00000    4.76200
   1.79500    3.31600    0.22300    1.57100    0.00000    1.00000    2.85600
   2.95700    2.75500    0.83000    1.65600    0.00000    0.00000    3.74600
   1.02400    3.12600    0.69300    1.69000    2.00000    2.00000    4.28200
   4.45200    2.83600    1.86000    1.04600    0.00000    2.00000    8.20700
   1.12100    2.85700    0.97300    1.83800    0.00000    2.00000    5.31100
   1.79500    3.13400    0.22300    1.31900    0.00000    0.00000    4.80400
  -0.93700    3.15500    0.63800    2.12800    0.00000    0.00000    1.10200
   2.27800    3.65100    1.15100    0.91100    0.00000    2.00000    4.54000
   2.05000    3.57000    1.37400    2.25900    0.00000    0.00000    6.08300
   0.24200    2.56500    0.45200    1.52900    0.00000    0.00000    2.11500
   1.70100    2.50800    0.58000    0.94100    0.00000    0.00000    3.79900
   2.84100    2.29700    0.76200    0.79800    0.00000    0.00000    3.55500
   1.85900    2.83400    0.13400    0.95000    0.00000    0.00000    3.47000
   1.24600    2.09200    1.35900    2.27300    1.00000    1.00000    4.79600
   2.12700    2.08600    0.64000    0.83800    0.00000    0.00000    3.99500
   4.09800    4.11400    0.22300    1.57100    0.00000    0.00000    5.21900
   1.58700    3.36900    0.13400    1.61400    0.00000    0.00000    3.25200
  -0.02200    3.98000    0.45200    2.01300    0.00000    0.00000    1.81000
   1.54800    2.92600    0.58200    1.93900    0.00000    0.00000    3.04600
   2.65000    3.90500    0.56000    1.39900    1.00000    0.00000    4.94700
   3.98800    2.97800    1.24600    1.10300    0.00000    1.00000    6.53500
  -2.03000    2.11800    0.95600    1.64300    0.00000    0.00000    3.63800
   1.74800    2.47900    0.88700    0.95400    0.00000    0.00000    4.20800
   0.90600    2.83100    1.39300    1.07700    0.00000    1.00000    5.31700
   2.19300    3.10300    0.13400    1.01600    0.00000    0.00000    3.65100
   1.74800    2.47900    0.88700    0.95400    0.00000    0.00000    4.11900
   2.11000    4.20500    1.51200    1.04600    0.00000    2.00000    5.00200
   2.20600    2.23300    0.46000    0.78900    1.00000    0.00000    4.96000
   1.93600    4.26800    0.91600    1.19000    0.00000    2.00000    7.84900
   2.12900    3.52000    0.22300    1.56200    1.00000    0.00000    3.62900
  -0.38600    1.51200    0.33100    1.62700    1.00000    0.00000    2.89100
   1.85900    2.83400    0.13400    0.95000    0.00000    0.00000    2.82700
   2.84100    2.37400    0.81100    0.81700    1.00000    0.00000    5.27700
   4.05400    3.79300    0.13400    0.93000    0.00000    0.00000    6.03800
  -0.29700    1.71300    1.09800    1.75200    0.00000    0.00000    3.04600
   0.80000    2.03400    0.64000    1.72700    0.00000    0.00000    2.58600
   1.85900    2.83400    0.13400    1.23700    0.00000    0.00000    3.03000
   3.11000    1.73300    1.07700    0.81000    0.00000    0.00000    4.63000
   1.06400    2.80200    0.22300    1.60000    1.00000    0.00000    4.42300
   3.18600    3.74000    0.13400    1.58100    0.00000    0.00000    4.39600
   5.93400    3.37600    1.27800    0.91500    0.00000    0.00000    4.86200
   3.31400    1.92500    1.16000    0.80100    0.00000    0.00000    5.19200
   2.27400    3.66900    0.22300    1.77800    0.00000    0.00000    3.60400
   0.80000    2.87800    0.13400    2.10200    0.00000    0.00000    1.93200
   0.91500    3.26100    0.33100    2.04700    0.00000    1.00000    4.18200
   2.64600    2.74000    1.04000    1.60300    0.00000    1.00000    4.21500
   1.66100    3.61800    0.84200    1.68600    0.00000    2.00000    5.18400
   0.07600    2.50700    0.40500    1.50000    0.00000    2.00000    2.85100
  -0.74100    2.33000    0.58000    1.77600    0.00000    2.00000    0.89000
   2.21700    4.88000    0.13400    1.85300    0.00000    0.00000    4.77000
   2.52600    2.71000    0.93000    0.72400    0.00000    0.00000    4.83800
   3.31500    3.55400    0.62900    0.94500    0.00000    0.00000    3.45900
   2.84900    4.17100    0.69300    1.67800    0.00000    2.00000    4.85100
   1.14100    3.13700    0.25100    1.33500    0.00000    0.00000    2.41200
   1.75800    2.21700    0.65900    0.78800    0.00000    0.00000    3.72700
   4.24600    4.21900    1.03300    0.96300    0.00000    1.00000    9.35400
   0.09400    1.59400    0.22300    1.33300    2.00000    0.00000    6.29700
   4.45200    3.05700    1.63600    0.99500    0.00000    2.00000    8.43300
   2.93100    3.05500    1.27300    1.13200    0.00000    0.00000    5.39300
   1.73700    2.87600    0.92800    1.37200    0.00000    1.00000    6.14800
   2.35700    3.60100    0.22300    1.25400    0.00000    1.00000    3.14100
   4.63900    4.53200    0.40500    1.18900    2.00000    3.00000    5.10400
   2.59100    3.89600    0.13400    1.98400    0.00000    0.00000    3.45000
   3.29100    3.66900    0.48600    1.37400    0.00000    0.00000    4.61000
   3.58600    3.08600    0.94800    0.75100    0.00000    0.00000    5.10700
   2.22400    3.58500    0.33100    1.49100    0.00000    0.00000    3.53000
   1.18800    1.88300    0.91600    1.20700    0.00000    1.00000    1.15300
   1.81700    1.50000    0.83000    1.89100    0.00000    0.00000    2.92000
   3.61700    2.01900    1.31700    0.77000    0.00000    0.00000    5.93000
   3.29100    3.60900    0.81100    1.20800    0.00000    0.00000    4.46900
   2.33500    1.82200    0.68100    0.79400    0.00000    0.00000    3.69600
   2.53800    3.34300    1.06800    0.92300    0.00000    0.00000    3.32700
   4.09200    2.58500    1.58600    1.35200    0.00000    0.00000    6.55100
   1.11700    3.28200    0.56000    1.74900    0.00000    2.00000    3.75700
   2.55300    2.37500    1.02600    1.09000    0.00000    1.00000    3.89500
   1.22900    2.32900    0.71100    0.86800    0.00000    1.00000    3.09700
   3.50300    3.83200    0.22300    1.58700    0.00000    0.00000    4.41000
   1.32100    3.19600    1.38000    1.23400    0.00000    0.00000    6.01800
   1.91900    2.86800    1.28600    1.29400    0.00000    0.00000    4.80900
   3.18600    3.66900    0.22300    1.59900    0.00000    0.00000    3.98400
   0.56200    2.54200    0.42900    1.89100    0.00000    0.00000    2.12000
   1.23900    3.02300    0.56000    1.34900    1.00000    0.00000    3.91700
  -0.53400    2.36600    0.40500    1.73500    0.00000    0.00000    0.24200
   4.59400    2.08600    1.68500    0.39600    0.00000    0.00000    6.72000
   0.65500    2.13700    0.22300    1.17900    0.00000    0.00000    3.84100
   1.70100    2.44800    0.63800    0.92100    0.00000    0.00000    3.51300
   1.50600    2.38600    0.22300    0.85700    0.00000    0.00000    3.51300
   2.50200    3.92100    0.13400    1.78900    0.00000    0.00000    3.86100
   3.11000    2.95000    1.77200    1.35100    0.00000    4.00000    5.38300
   3.02600    3.87100    0.82900    1.55800    0.00000    1.00000    4.53900
   1.85900    2.72800    0.22300    0.95300    0.00000    0.00000    3.89700
   0.80000    2.74800    0.22300    2.04800    0.00000    0.00000    1.46200
   2.27400    3.74000    0.13400    1.58100    0.00000    0.00000    4.39600
   1.51400    2.08000    0.76400    0.78800    0.00000    0.00000    4.96100
   1.80100    2.82400    0.22300    1.05100    0.00000    0.00000    3.16800
   2.55800    3.73800    1.13100    1.58400    1.00000    2.00000    4.42200
   1.51500    2.78100    0.71100    1.14700    0.00000    0.00000    3.84600
   2.24800    3.50900    0.85400    1.47800    0.00000    0.00000    2.83200
   3.04800    3.91400    0.56000    1.63700    0.00000    1.00000    3.92600
   3.10500    3.64500    0.22300    1.15500    0.00000    0.00000    4.81000
   1.06000    2.72600    0.49600    1.10800    0.00000    1.00000    3.10000
   1.80700    3.02700    0.33100    1.01100    0.00000    1.00000    3.00900
   1.76900    2.21700    0.87200    0.87500    0.00000    0.00000    4.18200
   1.45300    3.26000    0.82900    1.67600    0.00000    1.00000    3.77000
   1.89700    3.19800    0.40500    1.39900    0.00000    0.00000    3.87400
   1.80700    3.02700    0.33100    1.47200    1.00000    0.00000    3.51000
   5.12400    2.93100    1.71000    0.93500    2.00000    2.00000    7.01700
  -0.52100    3.28600    0.35700    2.10400    0.00000    0.00000    1.77100
   2.43700    4.62800    1.20900    1.96800    0.00000    0.00000    4.55100
   3.79500    2.47700    0.83000    0.98300    0.00000    0.00000    4.74300
   1.44200    2.86600    0.22300    1.28800    0.00000    0.00000    1.90600
  -2.08900    2.82200    0.81100    1.52400    0.00000    0.00000    0.60000
   4.23400    4.08500    0.13400    1.48200    0.00000    0.00000    5.63000
   3.31400    2.01900    1.12600    0.79300    0.00000    0.00000    4.73700
   1.53300    3.10300    0.13400    1.34400    0.00000    0.00000    3.17400
   5.33900    4.37200    0.13400    1.25400    0.00000    0.00000    6.56900
   1.58600    3.38600    0.25100    1.22500    0.00000    0.00000    3.08600
   2.52700    3.58700    0.67500    2.10800    0.00000    0.00000    3.65600
   3.28900    3.64100    0.40500    1.53100    0.00000    1.00000    3.18200
   1.50100    2.23300    0.57000    0.88300    0.00000    0.00000    3.32500
   3.31500    3.51400    0.13400    1.07000    1.00000    0.00000    7.80900
   4.20300    3.00100    0.65100    0.78100    0.00000    0.00000    5.26200
   0.68000    1.63400    0.79800    1.09300    0.00000    0.00000    2.56900
   0.49100    3.45900    1.47000    1.48300    0.00000    2.00000    4.48600
   0.87400    2.59100    0.33100    1.62900    0.00000    0.00000    2.39500
   0.47900    2.12600    0.40500    1.69000    1.00000    1.00000    3.57300
   2.15200    3.00300    0.13400    1.03200    0.00000    0.00000    4.17100
   1.56900    3.52600    0.71100    1.58600    0.00000    3.00000    3.66000
  -0.05900    2.99300    0.81100    1.23200    0.00000    2.00000    5.39500
   2.29400    3.02300    0.56000    1.16800    0.00000    1.00000    3.92400
   3.46700    4.28500    0.13400    1.71000    0.00000    0.00000    5.38000
   0.14300    2.08600    0.33100    1.22100    1.00000    0.00000    3.81500
   2.25500    2.58500    0.00000    0.91700    0.00000    0.00000    3.50200
   1.20900    3.03500    0.22300    1.94100    0.00000    0.00000    2.10700
   3.90900    2.08600    1.50100    0.76600    0.00000    0.00000    6.09300
   4.41600    3.25200    0.49900    0.83200    0.00000    0.00000    4.67400
   2.05400    3.43600    1.22500    1.83900    0.00000    0.00000    5.08700
   1.78300    2.98200    0.49600    1.15100    0.00000    1.00000    3.66500
   2.99400    3.17900    0.00000    0.80500    0.00000    0.00000    4.15400
   1.59500    3.39300    1.29200    2.12200    0.00000    3.00000    3.47700
   1.27200    3.40500    0.25100    1.56000    0.00000    0.00000    4.13200
   3.56300    3.99300    0.22300    1.21400    1.00000    0.00000    4.61100
   4.06300    2.08500    1.07900    0.89500    0.00000    0.00000    4.74000
   3.07600    2.68400    0.98800    1.22600    0.00000    1.00000    4.40400
   3.18200    3.73000    0.82900    1.56200    0.00000    1.00000    4.73200
   1.64300    2.49500    0.56000    0.83500    0.00000    1.00000    1.96900
   2.60400    1.92000    1.07900    1.73800    0.00000    0.00000    3.40800
   0.80000    2.87800    0.13400    1.68400    0.00000    0.00000    2.43600
   3.55700    4.22300    0.63800    1.11700    0.00000    1.00000    8.16900
   1.18200    2.81800    0.88000    1.48800    0.00000    0.00000    3.72600
   1.97100    3.64100    0.33100    1.93300    1.00000    0.00000    3.24600
   0.13300    2.02400    0.40500    1.60500    0.00000    1.00000    1.30700
   2.37000    2.23300    0.64000    0.92000    1.00000    0.00000    4.80500
   3.79500    2.47700    0.83000    0.98300    0.00000    0.00000    4.54000
   5.25800    4.43600    0.76400    1.22700    0.00000    1.00000    5.41200
   3.38600    3.17900    0.00000    0.80500    0.00000    0.00000    4.32200
   2.35400    2.43500    1.11300    1.10900    0.00000    1.00000    2.83900
   2.35900    2.45400    1.07500    0.95100    0.00000    0.00000    6.31700
   2.95600    2.11800    0.93400    0.91300    1.00000    0.00000    4.98800
   2.63700    3.01200    0.22300    0.76000    0.00000    0.00000    4.53800
   2.57300    2.63600    0.82700    0.99900    0.00000    0.00000    4.39300
   0.80000    2.74800    0.22300    1.70500    0.00000    0.00000    1.69100
   1.06400    2.80200    0.22300    1.60000    1.00000    0.00000    3.93700
   1.59100    2.72800    0.22300    0.95300    0.00000    0.00000    2.37100
   2.03300    1.78300    0.57000    1.18700    1.00000    0.00000    6.06400
   1.53300    2.82400    0.22300    1.05100    0.00000    0.00000    4.05000
   3.38600    3.86700    0.13400    1.17400    0.00000    0.00000    4.06400
   2.10200    2.72800    0.13400    0.92300    0.00000    0.00000    3.42000
   3.80600    4.03700    0.13400    1.56300    0.00000    0.00000    5.18000
   4.19000    1.92500    1.36400    0.42100    0.00000    0.00000    5.59100
   1.70100    2.50800    0.58000    0.94100    0.00000    0.00000    3.48300
   2.81300    3.46100    0.22300    1.12000    0.00000    0.00000    4.47000
   5.14900    3.22200    1.50100    0.87200    0.00000    0.00000    5.86100
   0.34700    2.39600    0.22300    1.77800    0.00000    0.00000    0.77800
   3.37700    2.23300    1.07000    0.84100    1.00000    0.00000    5.25100
   2.42000    3.11000    0.00000    1.07900    2.00000    0.00000    3.97400
   2.90400    4.13500    0.58000    1.26300    1.00000    2.00000    5.53800
   4.20700    3.32300    1.23200    1.13400    0.00000    0.00000    6.52500
   2.10200    2.82400    0.22300    1.00000    1.00000    0.00000    3.36000
   3.37400    3.73900    0.00000    1.20400    0.00000    1.00000    5.43400
  -0.54400    2.08500    0.56000    2.45100    0.00000    0.00000    1.18000
   1.79500    3.31600    0.22300    1.57100    1.00000    0.00000    3.97900
   1.31300    1.63400    0.71300    1.19000    0.00000    0.00000    2.78200
   4.20600    4.13900    0.49600    1.43000    0.00000    1.00000    5.76700
   1.74800    2.47900    0.88700    0.95400    0.00000    0.00000    4.18100
  -1.05300    2.33300    0.25100    1.94600    0.00000    0.00000    2.57600
  -0.38000    1.63600    0.33100    1.26500    1.00000    1.00000    2.76600
   3.26700    3.73900    0.00000    1.25000    1.00000    2.00000    2.14900
   4.73800    4.32400    0.00000    1.20500    0.00000    1.00000    4.30200
   1.94000    3.56600    0.13400    1.59500    0.00000    0.00000    3.71900
   4.44900    3.69000    1.15900    1.29500    0.00000    2.00000    5.74900
   4.50600    4.25800    0.22300    1.53800    0.00000    1.00000    5.74100
   2.64600    1.88600    1.11500    0.65300    0.00000    0.00000    4.34200
  -0.12900    2.30900    0.76200    1.11800    0.00000    2.00000    2.71500
   4.06600    3.89800    0.88700    1.45000    0.00000    0.00000    5.99900
   2.23900    2.37700    0.82700    0.93800    0.00000    0.00000    5.00500
   0.84600    2.51200    0.13400    1.29300    0.00000    0.00000    2.36400
   2.52900    2.33000    0.93200    0.93100    0.00000    1.00000    4.55900
   3.12700    3.31500    0.22300    0.79900    0.00000    0.00000    4.44000
   2.29600    2.21600    0.67900    0.76400    0.00000    0.00000    3.55900
   3.03800    3.51400    0.00000    1.37500    2.00000    2.00000    4.46500
   2.82100    3.62900    0.33100    1.47800    0.00000    1.00000    3.24000
   3.35800    3.70000    0.22300    1.55600    0.00000    1.00000    3.97100
   3.46100    3.31100    0.56000    0.92700    0.00000    1.00000    5.27600
   0.89300    2.35900    0.40500    0.81400    0.00000    0.00000    3.31400
   1.85100    3.59100    0.58000    1.68500    0.00000    1.00000    4.11700
   1.44200    3.08000    0.22300    1.58300    1.00000    0.00000    3.72700
   1.94000    3.48500    0.22300    1.61400    0.00000    0.00000    2.85300
   2.94200    3.17900    0.00000    1.06300    0.00000    0.00000    3.94700
   4.63400    2.12600    1.27800    0.89600    0.00000    0.00000    5.36100
   1.29400    2.45600    0.33100    0.87500    0.00000    1.00000    2.26300
   2.81300    3.46100    0.22300    1.12000    0.00000    0.00000    4.67200
   1.06400    2.80200    0.22300    1.60000    0.00000    1.00000    1.84200
   3.55800    2.46500    1.58600    1.00000    0.00000    4.00000    7.59100
   3.39500    3.31500    0.22300    0.96000    0.00000    0.00000    4.62900
   4.23000    3.75600    0.00000    0.96400    0.00000    0.00000    4.42500
   0.78700    2.96000    0.88000    1.53000    1.00000    1.00000    5.24400
   1.94000    2.71900    0.89100    2.29200    0.00000    0.00000    3.28900
   4.45300    4.44300    0.25100    1.28700    4.00000    3.00000    6.48300
   1.70100    2.44800    0.63800    1.12100    0.00000    0.00000    2.90400
   3.32000    2.39600    1.59300    1.35100    0.00000    0.00000    6.02300
   3.50300    3.89600    0.13400    1.57100    0.00000    0.00000    4.82200
   2.59000    3.42600    0.85000    1.79200    0.00000    0.00000    4.37700
   2.04200    1.41700    0.89800    0.64800    0.00000    0.00000    4.42100
   0.37000    4.08600    0.45200    1.84300    0.00000    0.00000    3.46300
   6.51500    3.46500    2.17100    0.88800    0.00000    0.00000    3.62300
   1.59100    2.83400    0.13400    0.95000    0.00000    0.00000    3.02100
   3.45100    3.40200    0.60400    1.51700    0.00000    0.00000    5.08600
   0.05200    2.52300    0.56000    1.60200    1.00000    1.00000    4.38400
   4.27900    3.82800    1.25900    0.96600    1.00000    2.00000    8.60400
   1.07400    2.63200    0.42900    1.17600    0.00000    0.00000    2.97500
   2.60400    3.21900    0.81100    1.12700    0.00000    0.00000    4.75900
   3.29100    3.60900    0.81100    1.20800    0.00000    0.00000    4.38000
   3.54600    4.27800    0.40500    1.34500    0.00000    0.00000    4.66800
   2.12700    2.21600    0.58200    0.83900    0.00000    0.00000    3.62000
   4.43100    3.73900    0.00000    1.16100    0.00000    0.00000    5.68000
   2.70200    3.09800    0.93000    1.07500    0.00000    0.00000    5.65000
   0.21500    3.81000    1.02500    1.05500    0.00000    2.00000    3.83800
   1.74800    2.43900    0.93000    0.92400    0.00000    0.00000    5.00700
   1.09700    3.35100    0.49600    1.46600    0.00000    0.00000    2.39200
   1.13200    2.43000    0.49600    0.83000    1.00000    0.00000    4.62800
   0.43400    2.83600    0.69300    1.43000    0.00000    2.00000    3.17800
   1.24600    2.88800    0.25100    0.94400    0.00000    0.00000    1.93500
   2.43300    2.30400    1.02800    1.12400    0.00000    0.00000    4.63500
   1.62200    3.92100    0.25100    1.39800    0.00000    0.00000    3.41600
  -0.52100    2.98300    0.49600    2.10600    0.00000    0.00000    1.68000
   2.26900    2.21700    0.76400    0.85900    1.00000    0.00000    5.30800
   3.81800    2.37400    1.16000    0.97900    0.00000    1.00000    5.04800
   3.91300    4.12100    0.82900    1.55100    0.00000    1.00000    5.65300
   0.70600    3.21900    0.40500    1.60500    0.00000    0.00000    1.13400
   1.70100    2.50800    0.58000    0.94100    0.00000    0.00000    3.24200
   0.88800    2.50700    0.40500    1.65200    0.00000    2.00000    2.49500
   2.23900    2.37700    0.82700    0.93800    0.00000    0.00000    3.75900
   3.47400    3.67500    1.11200    1.31400    0.00000    1.00000    4.70600
   4.17900    3.59600    0.97200    0.94100    0.00000    1.00000    4.82800
   2.63700    3.01200    0.22300    0.76000    0.00000    0.00000    4.62000
   2.72300    3.31500    0.22300    1.10000    1.00000    0.00000    4.35000
   1.23900    3.02300    0.56000    1.16800    1.00000    0.00000    3.27800
   0.07600    2.50700    0.40500    1.50000    2.00000    0.00000    3.93600
   3.21000    2.62000    0.49900    0.99000    0.00000    0.00000    4.23000
   2.22600    1.43900    1.07900    1.86700    0.00000    0.00000    3.40200
   0.99600    1.00000    1.15000    0.96800    0.00000    1.00000    3.49900
   2.81300    3.46100    0.22300    1.12000    0.00000    0.00000    4.46300
   2.24200    3.00300    0.13400    1.41300    0.00000    0.00000    2.64700
   3.61800    4.05000    0.69300    1.38100    0.00000    2.00000    5.36700
   0.05700    2.56500    0.69300    1.98700    0.00000    2.00000    4.03100
   2.68800    2.46900    0.58200    0.91300    0.00000    0.00000    4.00200
  -0.70300    2.03100    0.49600    1.95200    0.00000    1.00000    1.23100
   0.73600    1.78300    0.62900    0.75000    1.00000    0.00000    3.46000
   3.84200    3.16000    1.02800    0.80900    0.00000    0.00000    5.93900
  -0.91700    2.70400    0.56000    1.96500    0.00000    0.00000    0.15000
   1.65400    3.37800    1.38000    1.25000    0.00000    0.00000    4.85400
   2.84100    2.29700    0.76200    0.79800    0.00000    0.00000    3.60800
   1.19900    2.83400    0.13400    1.32200    0.00000    0.00000    2.41300
   1.44200    3.08000    0.22300    1.46200    1.00000    0.00000    3.51800
   3.21000    2.62000    0.49900    0.99000    0.00000    0.00000    3.84000
  -0.31700    1.42900    0.22300    1.75000    1.00000    0.00000    3.07600
   2.87600    2.26000    0.49900    0.90700    0.00000    0.00000    3.64500
   2.41900    2.60900    0.60400    1.52900    0.00000    0.00000    3.57200
   1.20900    3.14300    0.13400    1.64100    0.00000    0.00000    2.69200
   1.58000    2.96100    0.40500    1.38800    0.00000    0.00000    3.07000
  -0.17200    1.94600    0.22300    1.92900    0.00000    0.00000    0.53400
   2.60400    3.21900    0.81100    1.12700    0.00000    0.00000    4.25700
   1.67200    1.81800    0.49900    1.46800    1.00000    0.00000    3.54600
   2.10200    2.82400    0.22300    1.00000    0.00000    1.00000    2.87000
   2.44600    3.70000    0.22300    1.55600    0.00000    1.00000    3.66200
   0.20200    2.02600    0.22300    1.42900    1.00000    0.00000    5.25900
   1.49000    2.77800    0.40500    1.17000    1.00000    0.00000    2.93000
   1.58700    1.85500    1.06700    1.24400    0.00000    0.00000    3.48700
   1.97600    3.04100    0.94700    1.29800    0.00000    1.00000    6.60700
   1.39300    3.61100    0.33100    2.01700    0.00000    0.00000    2.85900
   2.10200    2.23300    0.64000    0.92000    0.00000    1.00000    3.61500
   0.54800    2.13700    0.22300    1.37500    3.00000    0.00000    4.86500
   2.50200    3.73400    0.22300    1.42600    0.00000    0.00000    3.18000
  -0.56400    1.42900    0.22300    1.80400    0.00000    0.00000    2.72000
   0.57500    2.48200    1.30300    1.41500    0.00000    0.00000    4.91900
   2.94200    3.17900    0.00000    1.06300    0.00000    0.00000    3.82200
   0.45400    2.85500    1.33100    1.32500    0.00000    2.00000    7.04500
   1.68000    2.59400    0.25100    0.86100    0.00000    0.00000    3.11200
   2.05600    2.19800    0.79800    0.79000    0.00000    1.00000    3.32800
   2.95600    2.03100    0.89100    0.82200    0.00000    0.00000    4.42000
   0.94300    2.63400    0.22300    1.29800    0.00000    0.00000    3.13100
   1.70000    2.47700    0.40500    0.87600    0.00000    1.00000    2.47400
   2.79100    3.40100    0.73200    1.18500    0.00000    1.00000    3.52900
   3.31800    2.98700    1.07600    0.92100    0.00000    1.00000    6.07700
   0.65500    2.13700    0.22300    1.17900    0.00000    0.00000    3.77900
   2.60400    2.02400    0.97700    1.32800    0.00000    0.00000    5.05200
   2.85900    3.19100    0.22300    0.84700    0.00000    0.00000    4.96700
   1.23900    4.19100    0.76200    2.19500    0.00000    0.00000    2.61800
   2.95700    1.70100    1.44300    1.90500    0.00000    0.00000    4.44000
   1.44200    3.08000    0.22300    1.58300    0.00000    1.00000    2.27100
   0.70600    3.22200    0.33100    2.17700    0.00000    0.00000    1.81900
   3.90600    4.41300    0.56000    1.17000    1.00000    2.00000    7.89900
   4.80400    3.38300    1.40800    0.89200    0.00000    0.00000    5.44000
   1.39500    2.21500    0.88700    0.88800    0.00000    0.00000    3.93200
   4.06300    2.08500    1.07900    0.89500    0.00000    0.00000    4.79000
   1.57900    3.38000    0.70200    1.52700    0.00000    1.00000    3.84100
   2.42000    3.17100    0.13400    1.18900    1.00000    0.00000    3.56900
   1.39800    2.88800    0.25100    1.77100    0.00000    0.00000    2.98300
   1.61000    2.11000    0.58000    0.80500    0.00000    0.00000    3.78700
   4.80400    3.00500    1.68300    0.77400    0.00000    0.00000    7.28700
   3.79500    2.12600    0.97700    0.77100    0.00000    0.00000    5.28400
   3.11800    5.15800    0.13400    1.79100    0.00000    0.00000    6.04000
   1.09100    2.30900    0.76200    0.84500    1.00000    0.00000    3.60100
   0.31400    3.02600    0.25100    2.16400    0.00000    0.00000    1.81200
   1.70100    2.50800    0.58000    0.94100    0.00000    0.00000    3.78900
   2.19300    3.01200    0.22300    1.02300    0.00000    0.00000    3.85700
   0.84600    2.51200    0.13400    1.29300    0.00000    0.00000    2.01600
   2.02100    3.36100    0.22300    1.43700    1.00000    2.00000    3.16800
   4.37900    4.23700    0.22300    1.56500    0.00000    0.00000    5.26800
   2.99100    2.44200    0.93400    0.98400    0.00000    1.00000    4.20800
   2.89400    3.98000    0.22300    1.72300    0.00000    0.00000    4.70300
   1.44200    3.08000    0.22300    1.46200    2.00000    0.00000    2.49400
   2.23900    2.37700    0.82700    0.93800    0.00000    0.00000    5.14600
   2.04200    3.11100    0.33100    1.01100    0.00000    1.00000    3.25000
   2.24200    3.33200    0.13400    1.06800    0.00000    0.00000    3.80600
   2.19300    3.10300    0.13400    1.01600    0.00000    0.00000    3.22000
   2.22600    2.02400    0.83000    1.76100    0.00000    0.00000    2.92800
   1.57000    3.38000    0.63800    1.50600    0.00000    1.00000    4.38000
   1.79500    3.31600    0.22300    1.57100    1.00000    0.00000    3.85400
   2.57700    3.47700    0.69300    1.34400    0.00000    2.00000    4.11600
   1.06000    2.72600    0.49600    1.17900    0.00000    1.00000    3.66100
   1.78300    2.98200    0.49600    1.15100    0.00000    1.00000    3.52200
   1.37300    3.02600    0.40500    1.54800    0.00000    1.00000    2.84000
   0.02400    1.07500    1.16100    0.86500    0.00000    1.00000    5.38600
   3.89600    2.86200    1.54000    1.22600    0.00000    0.00000    6.17100
   4.92600    2.26000    1.44300    0.90200    0.00000    0.00000    6.00600
   2.37000    2.23300    0.64000    0.92000    1.00000    0.00000    4.75000
   1.82100    2.47000    1.43700    1.34600    2.00000    2.00000    6.35100
   4.26800    3.59300    1.23600    1.16600    0.00000    0.00000    7.60700
   1.58700    3.36900    0.13400    1.61400    0.00000    0.00000    2.22600
   1.94000    2.42300    0.94900    1.15000    0.00000    0.00000    2.44000
   0.20200    2.03100    0.87200    1.47500    0.00000    1.00000    6.42400
  -0.24100    2.33300    0.25100    2.32700    0.00000    0.00000    3.88400
   0.65500    2.46200    0.22300    1.62500    0.00000    1.00000    1.35200
   3.15700    2.08000    1.03300    0.90200    0.00000    0.00000    3.69300
   4.23400    4.13700    0.22300    1.54200    0.00000    1.00000    5.19400
   1.71700    2.81900    0.73200    1.48300    0.00000    0.00000    2.94100
   2.57300    2.16400    1.43700    1.22700    0.00000    2.00000    6.20700
   4.01700    3.12800    0.71300    0.79700    0.00000    1.00000    5.03900
   0.22600    2.84100    0.88000    1.70500    0.00000    3.00000    1.64700
   2.05200    2.97100    0.97200    1.25500    0.00000    2.00000    4.56500
   2.54500    3.60100    0.22300    1.35000    3.00000    2.00000    4.32000
   4.67300    3.59600    0.60400    1.51500    0.00000    0.00000    5.36300
  -1.05300    1.96800    0.33100    1.89100    0.00000    0.00000    1.47000
   3.61800    4.05000    0.69300    1.38100    0.00000    2.00000    5.66700
   1.06400    2.80200    0.22300    1.60000    0.00000    1.00000    1.74800
   1.74800    2.47900    0.88700    0.95400    0.00000    0.00000    5.34100
   2.61900    2.53600    0.76400    1.16500    0.00000    1.00000    4.19100
   4.03800    3.11300    1.59300    1.31900    1.00000    1.00000    6.14300
   1.65500    3.10100    1.53500    1.32600    0.00000    1.00000    6.23800
   2.45900    1.66700    1.27800    1.50000    0.00000    2.00000    3.95500
   3.57100    3.62900    0.22300    0.80200    0.00000    0.00000    4.26900
   3.25900    2.44200    0.93400    0.98400    0.00000    1.00000    4.20800
  -0.08100    2.70100    0.40500    2.00300    0.00000    0.00000    0.53300
   2.94200    2.62000    0.49900    0.99000    0.00000    0.00000    4.40200
   2.00500    3.10200    0.69300    1.31600    0.00000    2.00000    3.45100
   1.58700    3.27700    0.22300    1.63300    0.00000    0.00000    2.18200
   3.11200    3.32600    0.64700    0.98600    0.00000    1.00000    4.08100
   2.08100    1.63900    0.83000    1.44500    2.00000    0.00000    5.05000
   4.43600    3.39000    0.93400    0.88900    0.00000    0.00000    5.26400
   3.80600    3.98000    0.22300    1.57800    0.00000    0.00000    4.81900
   4.09800    4.16600    0.13400    1.55600    0.00000    0.00000    5.91200
   1.70100    2.44800    0.63800    0.92100    0.00000    0.00000    3.52100
   1.66000    2.54800    0.94700    1.05100    1.00000    0.00000    3.58800
   2.20900    3.55700    0.33100    1.30100    2.00000    1.00000    4.71100
   3.42600    1.89200    1.44100    0.77600    0.00000    0.00000    6.08700
   2.94200    3.17900    0.00000    1.06300    0.00000    0.00000    3.81100
   1.11200    2.28300    1.07000    1.22300    0.00000    0.00000    4.27800
   3.98300    3.65200    0.87200    0.86700    2.00000    3.00000    4.04000
   0.99600    1.09400    1.23600    1.46100    0.00000    1.00000    1.91100
   2.06000    3.46200    0.40500    1.71700    0.00000    1.00000    4.55700
   2.72900    1.96200    0.93400    0.81900    0.00000    0.00000    4.29600
   1.44200    3.08000    0.22300    1.58300    1.00000    0.00000    3.75700
   1.87800    3.35300    0.40500    1.41800    1.00000    1.00000    5.01800
   0.96700    3.02900    0.33100    2.13000    0.00000    1.00000    1.88500
