   0.25000    0.00000    0.25000    0.00000    0.25000    0.25000    0.53383
   0.16700    0.16700    0.16700    0.16700    0.16700    0.16700    0.69269
   0.33300    0.00000    0.33300    0.33300    0.00000    0.00000    0.75344
   0.00000    0.00000    0.25000    0.25000    0.25000    0.25000    0.59511
   0.00000    0.00000    0.50000    0.00000    0.50000    0.00000    0.62673
   0.00000    1.00000    0.00000    0.00000    0.00000    0.00000    0.53187
   0.00000    0.20000    0.20000    0.20000    0.20000    0.20000    0.68674
   0.00000    0.25000    0.25000    0.25000    0.00000    0.25000    0.67939
   0.50000    0.00000    0.00000    0.00000    0.50000    0.00000    0.34946
   0.00000    0.00000    1.00000    0.00000    0.00000    0.00000    0.54971
   0.33300    0.00000    0.00000    0.00000    0.33300    0.33300    0.29512
   0.25000    0.00000    0.25000    0.25000    0.00000    0.25000    0.64931
   0.00000    0.50000    0.50000    0.00000    0.00000    0.00000    0.80000
   0.33300    0.00000    0.00000    0.33300    0.00000    0.33300    0.54224
   0.00000    0.00000    0.50000    0.00000    0.00000    0.50000    0.45576
   0.25000    0.25000    0.25000    0.25000    0.00000    0.00000    0.71361
   0.00000    0.25000    0.00000    0.25000    0.25000    0.25000    0.59852
   0.00000    0.50000    0.00000    0.50000    0.00000    0.00000    0.65219
   0.00000    0.00000    0.00000    0.00000    1.00000    0.00000    0.32435
   0.33300    0.00000    0.33300    0.00000    0.00000    0.33300    0.52502
   0.25000    0.25000    0.25000    0.00000    0.00000    0.25000    0.64566
   0.00000    0.33300    0.33300    0.33300    0.00000    0.00000    0.78606
   0.00000    0.00000    0.00000    0.50000    0.50000    0.00000    0.67988
   0.00000    0.00000    0.00000    1.00000    0.00000    0.00000    0.69263
   0.00000    0.33300    0.33300    0.00000    0.33300    0.00000    0.74012
   0.00000    0.33300    0.33300    0.00000    0.00000    0.33300    0.56986
   0.00000    0.33300    0.00000    0.00000    0.33300    0.33300    0.47397
   0.00000    0.50000    0.00000    0.00000    0.50000    0.00000    0.58532
   0.20000    0.20000    0.00000    0.20000    0.20000    0.20000    0.61255
   0.25000    0.25000    0.00000    0.25000    0.00000    0.25000    0.59923
