   0.00688    0.00852    0.00214    0.00504    0.00184   -0.00271    0.00072    0.00250   -0.00117
   0.00928    0.01538    0.00298    0.00423    0.00207    0.01439    0.00169    0.00359    0.01124
   0.00285   -0.00294    0.00451    0.00860    0.00681   -0.00035    0.00578    0.00796   -0.00392
   0.00013   -0.00033    0.00148   -0.00324   -0.00894    0.00857    0.00080   -0.00444   -0.00033
   0.00877    0.01516    0.00437   -0.00145    0.00606    0.01690    0.00878    0.00707    0.00491
  -0.00696   -0.00619   -0.01016    0.00226    0.00055   -0.01984   -0.01696    0.00220   -0.00683
   0.01032    0.06171    0.00554    0.03479    0.03789   -0.00818    0.00984    0.03280    0.04683
   0.00404    0.04249   -0.00380   -0.01013    0.00000    0.00000    0.00524    0.00472    0.02588
  -0.00323   -0.00008   -0.00556    0.00156   -0.00557   -0.00220   -0.00055   -0.00143    0.00499
  -0.00175   -0.00775   -0.00510   -0.00498    0.00133    0.00748   -0.01253   -0.00163   -0.00182
  -0.01395   -0.00972    0.00000   -0.01205   -0.00982   -0.01387   -0.00616   -0.01053   -0.00105
   0.00473    0.00695   -0.00403   -0.00404    0.00176    0.00443    0.00451   -0.00021    0.00165
  -0.00841   -0.00521    0.00632   -0.00067    0.00148   -0.02347    0.00856   -0.00070   -0.00199
  -0.00190   -0.01222    0.00000   -0.00605   -0.00579   -0.00813   -0.00511   -0.00776   -0.00581
  -0.00368    0.00271    0.00581   -0.00227   -0.00399   -0.00214   -0.00409   -0.00556    0.00350
  -0.01067   -0.00070   -0.02726   -0.02641   -0.02149    0.00449   -0.03327   -0.02444   -0.00651
  -0.01054   -0.04330   -0.00101   -0.01434   -0.00755    0.00994    0.00540   -0.01009   -0.03201
  -0.01476   -0.02492    0.00075    0.00264   -0.00535   -0.00115    0.00559   -0.00374   -0.01766
  -0.00735   -0.03012    0.00242   -0.01437   -0.01327    0.00421    0.00000   -0.01411   -0.02391
   0.00040   -0.01142   -0.00247   -0.00567   -0.00220    0.01436    0.01334   -0.00336   -0.00372
   0.00034   -0.00433    0.00020   -0.00904   -0.00733   -0.00865    0.00427   -0.00747   -0.00227
   0.04780    0.01562    0.03869    0.02750    0.02172    0.06123    0.06379    0.01564    0.01626
  -0.00488    0.00621   -0.00036   -0.00195   -0.00279   -0.00074   -0.00654   -0.00339    0.00527
  -0.00012   -0.01850   -0.00033   -0.00199   -0.00035   -0.00954   -0.00037   -0.00299   -0.01427
   0.01180    0.01568    0.00710    0.02040    0.01504    0.00158    0.00000    0.01692    0.00703
  -0.00064   -0.00592   -0.00127    0.00036   -0.00379    0.01719    0.00205   -0.00196   -0.00465
   0.01002    0.01265    0.02908    0.01193    0.00912    0.01091    0.02522    0.01517    0.01020
  -0.00335    0.02786    0.00684   -0.00358    0.00083   -0.00790    0.00727   -0.00004    0.03141
   0.00048   -0.02785    0.00235    0.00139   -0.00280   -0.00249    0.00115   -0.00288   -0.02448
   0.01517    0.02323   -0.00752    0.02658    0.01527    0.02691    0.00956    0.01877    0.01858
  -0.00523   -0.00814    0.00722    0.00374    0.00683   -0.00019   -0.00131    0.00383    0.00508
   0.00115   -0.00318    0.01289    0.00971    0.00682    0.01614    0.00884    0.00923   -0.00684
   0.00289    0.00641    0.00609    0.01104    0.00564   -0.00102    0.00275    0.00761    0.00968
   0.01345    0.00040    0.00238    0.00344   -0.00046    0.00000    0.01212    0.00017   -0.00250
   0.00292   -0.00904    0.00572    0.00403    0.00376   -0.00349    0.01353    0.00193   -0.00626
   0.00097   -0.03185    0.00384   -0.00168    0.00233    0.00522   -0.00435    0.00231   -0.02681
  -0.03832   -0.05069    0.00000    0.00000   -0.02466   -0.01360   -0.04883   -0.03093   -0.04114
   0.00515    0.02219    0.00005    0.00331    0.00819    0.00799    0.01141    0.00569    0.02473
  -0.01015   -0.04274   -0.00269   -0.00695   -0.01080    0.00103   -0.00242   -0.00776   -0.03098
  -0.00262    0.01224    0.01335    0.01643    0.00872    0.00231    0.01026    0.01108    0.02103
  -0.00250   -0.00996   -0.00367   -0.01158   -0.00307   -0.01977   -0.00314   -0.00988   -0.00169
  -0.00657   -0.01062   -0.00340    0.00328   -0.00992   -0.01142   -0.01583   -0.00726    0.00024
  -0.00691   -0.01125   -0.01620   -0.00381   -0.00988   -0.01230   -0.00028   -0.00796   -0.00473
   0.00114   -0.01212   -0.01708   -0.01814   -0.01742    0.01313   -0.01117   -0.01656   -0.01004
   0.00433    0.01067    0.00694    0.00795    0.01015   -0.00022    0.00118    0.00803    0.01631
   0.00503   -0.00413   -0.00365    0.00322   -0.00352    0.01896    0.00024   -0.00262   -0.01350
  -0.00239    0.01740   -0.01988   -0.01160   -0.00189   -0.00342   -0.02328   -0.00506    0.01227
  -0.00007    0.01156    0.00549    0.00816    0.00177    0.00449   -0.01046    0.00776    0.00851
  -0.01310   -0.00045   -0.00457    0.01830    0.00412    0.00257   -0.01362    0.00679    0.00933
   0.00619    0.00876    0.02226    0.02502    0.01884   -0.00626    0.01952    0.02151    0.00711
  -0.00450    0.00689    0.00418    0.00542    0.00664    0.00414    0.00624    0.00398    0.00536
  -0.01530   -0.03754   -0.01439   -0.01731   -0.01767   -0.00845   -0.02442   -0.02001   -0.02370
  -0.00596   -0.00033    0.00508    0.00085   -0.00099   -0.00468    0.00309   -0.00159    0.00849
  -0.00028    0.01564   -0.00551    0.00360    0.00076    0.00379   -0.00685   -0.00018    0.01434
  -0.01486   -0.02637   -0.00332   -0.00127    0.00179   -0.01460   -0.03002    0.00055   -0.01632
   0.00719    0.00757    0.02322    0.00814    0.00301    0.00081    0.01421    0.00659    0.01307
  -0.00225    0.02047   -0.00098   -0.00263   -0.00226   -0.01636   -0.01283   -0.00412    0.02576
   0.00750    0.00937    0.00311    0.00041    0.01507    0.00847    0.00921    0.01053    0.00292
   0.00244    0.03711    0.01542    0.01303    0.02109    0.00141    0.01647    0.01968    0.04145
   0.01282    0.02443    0.00244    0.00695   -0.00578    0.04451    0.00026    0.00395   -0.00141
   0.01856    0.02804    0.00104    0.01683    0.01394    0.00000    0.02007    0.01656    0.02022
   0.00798    0.01769    0.00502    0.00978    0.00692    0.00010    0.00193    0.00648    0.01503
   0.00077    0.00258   -0.00695   -0.00458   -0.00861    0.02664    0.00201   -0.00455    0.00125
   0.00334   -0.00278    0.00740    0.00691    0.00394    0.01591    0.02157    0.00597   -0.00511
   0.00392    0.01088   -0.01225   -0.00394    0.00674    0.00154   -0.01640   -0.00078    0.00711
   0.00003    0.00356   -0.00022    0.00278    0.00148    0.00806   -0.00781    0.00160   -0.00274
  -0.02411   -0.02966    0.00000   -0.01783   -0.00417   -0.02341   -0.04090   -0.01509   -0.01371
  -0.00144    0.00638   -0.00122    0.00822    0.00405    0.01051   -0.01049    0.00697    0.00638
  -0.01131   -0.00836    0.01030    0.00229    0.00718   -0.02677    0.01563    0.00439    0.00807
   0.01003    0.01078    0.00881    0.01458    0.01666    0.01305    0.00000    0.01558    0.00251
  -0.01328   -0.00240   -0.00138   -0.01873   -0.01164    0.00898   -0.00313   -0.01704    0.00169
   0.01146    0.00818    0.00404    0.01220    0.01156    0.03187   -0.02033    0.01231    0.00352
  -0.00945   -0.00412   -0.01280    0.00016    0.00060   -0.02898   -0.01604   -0.00190   -0.00444
  -0.00247    0.00423    0.00061   -0.01240    0.00213    0.00000   -0.01002    0.00018    0.00073
   0.00362    0.00966   -0.00016    0.00300   -0.00333    0.02669   -0.00326   -0.00007    0.00039
  -0.02343   -0.01727    0.00133   -0.01955   -0.01433   -0.05045    0.03031   -0.01207    0.00066
   0.00024   -0.00470    0.00736    0.00008   -0.00363   -0.00860    0.00309   -0.00076   -0.01020
  -0.00509    0.00153    0.04257    0.00501   -0.00773   -0.02056    0.03353   -0.00334    0.00086
   0.00011    0.00161    0.00596   -0.00517   -0.00206   -0.01153    0.01525   -0.00340    0.00665
  -0.00874   -0.02681   -0.00452   -0.01572   -0.01178   -0.02504    0.01172   -0.01621   -0.02002
  -0.00868   -0.03555   -0.03403   -0.04738   -0.05095    0.00291   -0.04030   -0.04522   -0.04117
  -0.00154    0.00001   -0.00328    0.00181    0.00129   -0.00065    0.00587   -0.00054   -0.00381
   0.00350    0.00840   -0.00261   -0.01473   -0.01257   -0.00014   -0.00141   -0.00971    0.00404
   0.00212    0.00778    0.00000    0.00974    0.00340   -0.00834    0.00729    0.00530    0.01110
  -0.00089    0.00464    0.00026   -0.00124   -0.00442    0.01147   -0.01040   -0.00404   -0.00075
   0.01154    0.00067   -0.00549   -0.00660   -0.00573    0.00320   -0.00080   -0.00594   -0.00143
   0.02532    0.10062    0.04303    0.05163    0.05032    0.01590    0.04025    0.06704    0.06895
  -0.00400    0.00486   -0.00698   -0.00031   -0.00650    0.01661   -0.00342   -0.00220    0.00820
   0.00252   -0.00377   -0.00102   -0.00542   -0.01048    0.01722    0.00098   -0.00890   -0.00742
  -0.00966   -0.00229    0.00328   -0.00607   -0.00908   -0.01679   -0.00543   -0.00933   -0.00577
   0.00553    0.01278   -0.00568   -0.00309   -0.00449    0.01378    0.00905   -0.00465    0.00599
   0.00304    0.01340    0.00624    0.00193    0.00795    0.00572    0.01837    0.00697    0.00860
   0.00595    0.01116    0.00000    0.01459    0.01471    0.00209    0.00000    0.01262    0.00803
   0.00054    0.01695   -0.00204    0.01417    0.00498   -0.00448   -0.00928    0.00912    0.01013
  -0.00765   -0.01188   -0.00425    0.00053   -0.00029    0.00314   -0.00620   -0.00342   -0.00677
  -0.01977   -0.04010   -0.03164   -0.02478   -0.02190   -0.00466   -0.04847   -0.02752   -0.02958
   0.00431    0.01090    0.00968    0.00070   -0.02337    0.00344    0.01487   -0.01357   -0.00525
  -0.02759   -0.05732    0.00035   -0.02364   -0.02575   -0.03107   -0.01228   -0.02645   -0.04309
  -0.00146   -0.00033    0.00237    0.00674    0.00420   -0.00794   -0.00615    0.00496    0.00629
  -0.00533   -0.02205    0.00000    0.01356    0.00000   -0.00388    0.01997    0.00693   -0.01557
  -0.00665   -0.00095   -0.01997    0.00623    0.00679    0.03336   -0.00936    0.00338    0.00292
   0.00079    0.00033   -0.00257   -0.00296   -0.00471    0.00000   -0.00693   -0.00264   -0.00257
  -0.00174    0.00853    0.00113    0.01572    0.00651    0.00927   -0.00999    0.01029    0.00726
  -0.00183   -0.03563    0.00008    0.00468   -0.02428    0.02885    0.00000   -0.01376   -0.03004
  -0.02729   -0.05383    0.00289   -0.01804   -0.01537   -0.02929   -0.01849   -0.02101   -0.03830
   0.01105    0.00807    0.00435    0.01993    0.02130   -0.00186    0.00153    0.01900    0.00800
  -0.00143   -0.00714   -0.00857   -0.01718   -0.00877    0.00759   -0.00721   -0.00832   -0.00408
   0.01534    0.01959    0.01642    0.01127    0.00749    0.02945    0.02533    0.01313    0.00691
   0.00123    0.00084    0.00288    0.00303    0.00136    0.01086   -0.00267    0.00355   -0.00319
   0.03031    0.00272    0.02348    0.05283    0.03739    0.00843    0.05167    0.03655    0.00791
   0.00295   -0.00136    0.00168    0.00267    0.00000   -0.00504   -0.00272    0.00525   -0.00408
  -0.01411   -0.02566   -0.02858   -0.02125   -0.02471   -0.02741   -0.02155   -0.02491   -0.01730
  -0.00639   -0.04353    0.00967    0.00204    0.00522   -0.01492   -0.00475    0.00312   -0.03477
   0.00968    0.02957   -0.03532   -0.01967   -0.00992   -0.00544   -0.01255   -0.01216    0.01730
  -0.00647    0.00631    0.00278   -0.00940   -0.00434   -0.01570   -0.00107   -0.00416    0.00899
  -0.00543   -0.02670   -0.00514   -0.00157   -0.00153   -0.00068   -0.01278   -0.00307   -0.01531
  -0.01468   -0.02476    0.00230    0.00293   -0.00095   -0.02856    0.00642   -0.00040   -0.01417
  -0.00442   -0.00084   -0.00159   -0.00456   -0.00985    0.01373    0.00922   -0.00832    0.01190
   0.00072   -0.01453    0.01092   -0.00618   -0.00812    0.00180    0.01094   -0.00812   -0.01190
   0.00041   -0.02027   -0.03368   -0.02026   -0.02477    0.01772   -0.01475   -0.02311   -0.02053
  -0.02729   -0.04978   -0.01148   -0.04875   -0.03271   -0.01887   -0.02588   -0.03792   -0.03584
   0.00812    0.01251    0.00850   -0.00347   -0.00431   -0.00642    0.00578   -0.00147    0.00838
  -0.00218    0.00868    0.00140   -0.00747   -0.00447    0.01536    0.00000   -0.00336    0.00267
  -0.00671   -0.02632   -0.00138   -0.01315   -0.00469   -0.00288    0.00100   -0.00985   -0.01311
   0.00394    0.02309    0.00666    0.01254    0.01015    0.00323   -0.00514    0.01349    0.01315
   0.01028   -0.00928   -0.00038    0.00427    0.00617    0.00546    0.00296    0.00639   -0.01132
  -0.00612   -0.03655   -0.01274   -0.02472   -0.01084    0.00580   -0.01899   -0.01344   -0.02278
  -0.00380   -0.01621    0.00069   -0.00318   -0.00276   -0.00809    0.00252   -0.00334   -0.01277
  -0.00601   -0.00867   -0.01030   -0.01676   -0.01663   -0.00267   -0.01149   -0.01521   -0.00652
  -0.00097    0.01799   -0.00771    0.02040    0.01078    0.00183    0.00000    0.01425    0.00966
  -0.00484   -0.00296   -0.02958   -0.03886   -0.02482   -0.00644   -0.01012   -0.02615   -0.00559
  -0.00229   -0.00559    0.00403   -0.00136   -0.00414    0.00952   -0.00134   -0.00386   -0.00716
  -0.00250   -0.00302   -0.00889    0.00373    0.00276   -0.00033    0.00280    0.00161    0.00477
  -0.00373   -0.00434   -0.00943   -0.01627   -0.00714    0.00000   -0.00508   -0.00989   -0.00455
   0.00269   -0.01363    0.03163   -0.01414   -0.00179    0.03130    0.02315   -0.00568   -0.00712
   0.00417   -0.00437    0.00392    0.00289    0.00215    0.02815   -0.00534   -0.00113   -0.00178
   0.00201    0.00681   -0.01444   -0.00437    0.00453   -0.01875   -0.00673    0.00038    0.01050
   0.01111    0.01376    0.00000   -0.00588    0.00573    0.00000    0.00000    0.00052    0.01596
   0.00351    0.00879   -0.00309   -0.00287   -0.00372   -0.02008    0.00291   -0.00205    0.00340
   0.00741   -0.00922   -0.02027    0.01456    0.00000   -0.00920   -0.01256    0.01041   -0.01011
  -0.00603   -0.00770   -0.01600   -0.00399   -0.00674    0.00430   -0.02644   -0.00475   -0.00883
   0.00552   -0.00004    0.00368    0.00825    0.00327    0.02454    0.00781    0.00309   -0.00420
  -0.00487   -0.00780    0.00120   -0.00977   -0.00807   -0.01126    0.00016   -0.00922   -0.01054
  -0.01068   -0.00692   -0.01031   -0.00077    0.00184   -0.00683   -0.03031   -0.00011   -0.00242
   0.00371    0.00380    0.00043    0.00713    0.00891    0.00306   -0.00204    0.00801    0.00432
   0.00947    0.01822    0.00601    0.00843    0.01017    0.01497    0.01404    0.01056    0.02054
  -0.00211    0.01630   -0.00171    0.00090   -0.00444    0.00729   -0.01281   -0.00037    0.00955
  -0.00961   -0.02273   -0.01188   -0.01004   -0.01949   -0.00134   -0.02291   -0.01336   -0.01695
   0.00173    0.01501   -0.00596    0.01961    0.01143   -0.01041   -0.00611    0.01590    0.01187
  -0.01942   -0.08472    0.00339   -0.01173   -0.00047   -0.04006    0.02828   -0.00556   -0.06221
   0.01031    0.03251    0.00423    0.01000    0.00618    0.02680    0.00000    0.01046    0.02904
   0.01025    0.00561   -0.00352    0.02274    0.02896    0.01766   -0.01051    0.02668    0.00021
   0.00840    0.01448    0.01592    0.00000    0.01602    0.00000    0.00000    0.01678    0.01023
   0.00877    0.03181    0.00779    0.00846    0.01287    0.00416    0.01892    0.01134    0.02543
   0.00615    0.01018   -0.00259   -0.00466   -0.00163    0.00668    0.00000   -0.00372   -0.00059
   0.00976    0.02241   -0.00018   -0.00025    0.00123    0.02071   -0.00396    0.00106    0.01267
  -0.00214   -0.04391   -0.05037   -0.03517   -0.02218   -0.00290   -0.02144   -0.02439   -0.04054
  -0.00693    0.00646   -0.00857   -0.01577   -0.01049    0.01773   -0.01299   -0.00976    0.00293
   0.00668    0.02478    0.00775    0.01136    0.00473   -0.00282    0.01321    0.00842    0.02399
   0.00498    0.02210    0.00177    0.01316    0.00505   -0.00055   -0.01075    0.00850    0.01553
  -0.00750    0.04605    0.01171    0.00816   -0.00127   -0.02730    0.00811    0.00458    0.04724
  -0.00093    0.00738    0.00534   -0.00308   -0.00302    0.00683   -0.00924   -0.00374    0.00142
   0.02770    0.05156    0.03735    0.03011    0.01472    0.03667    0.03025    0.02035    0.03178
  -0.00973   -0.01398   -0.01462   -0.01263   -0.01517   -0.01342   -0.01260   -0.01537   -0.00455
  -0.00663   -0.01042    0.00198    0.00029   -0.00650    0.00274   -0.00896    0.00045   -0.00779
  -0.01251   -0.02159   -0.02413   -0.02630    0.00000    0.00000   -0.03410   -0.03072   -0.01830
   0.00751    0.01534    0.00937    0.00712    0.01792    0.02722    0.00303    0.01223    0.00959
  -0.00557   -0.03503   -0.02414   -0.00630   -0.01590   -0.00284   -0.00777   -0.01097   -0.01030
  -0.00318   -0.00118    0.00226   -0.00995   -0.01020   -0.01279    0.00000   -0.01290   -0.00193
  -0.01283   -0.02519   -0.00811   -0.01081   -0.01834   -0.00396   -0.02123   -0.00616   -0.02143
   0.00831    0.01486    0.00958    0.00854   -0.00287   -0.00098    0.00776    0.00713    0.02117
  -0.01552   -0.01421    0.00451   -0.00299   -0.00281   -0.01757   -0.00466   -0.00523   -0.00121
   0.00231   -0.00208    0.00242    0.00431    0.00450    0.01595   -0.00833    0.00550    0.00207
  -0.02595   -0.03008   -0.01973   -0.02493   -0.02346   -0.01355   -0.04865   -0.02161   -0.03008
  -0.00997   -0.01789   -0.00599   -0.01034   -0.00632   -0.00224   -0.00946   -0.00775   -0.01203
   0.00004   -0.01409   -0.00279   -0.01199   -0.01083    0.00000    0.00000   -0.01032   -0.01843
   0.00236    0.00452    0.01905    0.00672    0.00346   -0.01297    0.01403    0.00645    0.00035
   0.01033   -0.00592    0.02378    0.02260    0.01431    0.00501    0.02638    0.01684   -0.00112
   0.00312    0.01130   -0.00589   -0.00478   -0.00317    0.00093   -0.00427   -0.00395    0.00409
   0.00223    0.00245    0.00073    0.00197    0.00662   -0.00389    0.00000    0.00392    0.00730
  -0.00515    0.00667    0.00350   -0.00137   -0.00009   -0.00802   -0.00886    0.00225    0.00448
   0.00545   -0.00603    0.00175    0.00048    0.00070    0.00746    0.00242   -0.00050   -0.01613
  -0.00518   -0.00359    0.00177    0.00016    0.00114    0.00424   -0.01131    0.00230   -0.00616
   0.00107    0.00816    0.00051    0.00681    0.00660   -0.00257   -0.00308    0.00814    0.00238
  -0.01703   -0.01207   -0.01690   -0.02782   -0.02789   -0.00865   -0.02286   -0.02087   -0.01200
   0.00588   -0.01846    0.00000    0.00000    0.00000   -0.00444    0.00000    0.00000   -0.01366
  -0.00556   -0.01644   -0.01007    0.00696    0.00331   -0.01221   -0.00986   -0.00018   -0.00713
   0.00333    0.00588   -0.00056    0.00257    0.00384    0.01797    0.00478    0.00099   -0.00033
   0.00363   -0.01699    0.00084   -0.00599   -0.00158   -0.00072    0.00998   -0.00357   -0.01415
   0.00213    0.00856   -0.00150    0.00368    0.00455   -0.00415    0.00956   -0.00081    0.00843
   0.00365    0.00966    0.00904   -0.00001    0.00086    0.01510   -0.00396    0.00078    0.00297
   0.00199    0.03218    0.01477    0.00746    0.00711   -0.00591    0.01938    0.00803    0.02303
   0.00230    0.01189   -0.02063    0.00263   -0.01050    0.03266   -0.02295   -0.00392    0.00330
  -0.00024   -0.00689   -0.00837   -0.00381   -0.00086   -0.00994    0.00684   -0.00419   -0.00445
   0.00517   -0.01060    0.00441   -0.00284    0.00795    0.00372    0.01144   -0.00006   -0.01365
   0.00098    0.00020    0.00610    0.00245   -0.00080   -0.00995    0.01266   -0.00072    0.00684
   0.01869    0.03407    0.00771   -0.00066    0.01114    0.05026   -0.00351    0.00619    0.00321
   0.00112   -0.00807    0.01491   -0.00661   -0.00201   -0.02481    0.03490   -0.00083   -0.00623
  -0.00096   -0.01371   -0.02074   -0.01424   -0.01127    0.00136   -0.01194   -0.01262   -0.01307
   0.01000    0.04564    0.01183    0.01700    0.01832    0.00513    0.01373    0.02026    0.04374
   0.00092   -0.03491    0.00092   -0.00456   -0.00686   -0.00628    0.01162   -0.00657   -0.03191
   0.00207   -0.01457    0.01623    0.00393    0.00007   -0.01117    0.02413   -0.00414   -0.01413
  -0.01588   -0.00713    0.00000    0.00284    0.00000   -0.00584   -0.01931   -0.00244    0.00139
  -0.01425   -0.00325   -0.00279   -0.00032   -0.00642   -0.00171   -0.02390   -0.00302    0.00482
  -0.00553   -0.00644    0.00496    0.01451    0.00977    0.01725   -0.00538    0.01500   -0.00262
   0.01065    0.02258    0.01391    0.01406    0.01305    0.02176    0.01510    0.01475    0.02277
  -0.00118    0.01178    0.00499   -0.00511    0.00498   -0.00167    0.01093   -0.00055    0.00886
  -0.00529    0.00089   -0.00165    0.00088   -0.00340   -0.00068   -0.00887    0.00008   -0.00181
  -0.00059   -0.01211   -0.00611   -0.00426    0.00057   -0.02674    0.00515   -0.00203   -0.00743
   0.00720    0.01421   -0.00252    0.00241    0.01172    0.01019   -0.00230    0.00626    0.01395
   0.00676    0.03292   -0.01210    0.00243    0.00289    0.00308    0.00141    0.00257    0.02465
  -0.01909   -0.03561   -0.00053   -0.01564   -0.01745   -0.01513   -0.01629   -0.01974   -0.02592
   0.00414   -0.00168    0.00000    0.00000    0.00000    0.01321    0.00000    0.00368   -0.00081
   0.01575    0.02213    0.02178    0.02318    0.02611    0.00346    0.01473    0.02519    0.01371
   0.00430   -0.00969    0.00271   -0.00299   -0.00568    0.01106   -0.00053   -0.00404   -0.00873
   0.01636    0.00609   -0.01915    0.00304    0.00102    0.01365   -0.00095    0.00360    0.00880
  -0.00097    0.01594    0.00484   -0.00045    0.00090   -0.01124    0.00597    0.00013    0.01478
  -0.00178   -0.01642   -0.00047    0.00159   -0.00071   -0.00548   -0.01329    0.00054   -0.01758
   0.00421    0.00634    0.00449    0.00583    0.00763    0.00425    0.00887    0.00538    0.00055
   0.00877    0.01548    0.00279    0.02614    0.01552    0.01960   -0.00744    0.01597    0.01201
   0.01175    0.02705    0.00580    0.00889    0.00430    0.01162   -0.00314    0.00599    0.01991
   0.00319    0.01024    0.00582    0.01077    0.00775   -0.01428    0.01047    0.00899    0.00829
   0.00173    0.01349    0.01242    0.00722    0.00712   -0.01163    0.00611    0.00540    0.01004
   0.01616    0.05034    0.01523    0.01761    0.01595   -0.00042    0.02225    0.01341    0.04522
  -0.01238   -0.02745   -0.02239   -0.00903   -0.00603   -0.02590   -0.00075   -0.00820   -0.02386
  -0.00832   -0.03160   -0.00330   -0.00140   -0.00046   -0.02399   -0.00772   -0.00598   -0.02534
  -0.00242    0.02121   -0.01430    0.01456    0.00848    0.00067   -0.03274    0.01374    0.01605
  -0.00247   -0.01169   -0.01329   -0.01582    0.00050    0.00000   -0.02838   -0.00523   -0.02627
  -0.00200   -0.02686    0.00012   -0.00634   -0.00534    0.01347    0.00599   -0.00411   -0.02344
  -0.00003    0.03428   -0.00171    0.01544    0.00872    0.00128   -0.00686    0.00999    0.03402
   0.00817    0.01752    0.01125    0.01087    0.01914    0.00000    0.00000    0.00963    0.02400
  -0.00728    0.00029    0.00487   -0.00455   -0.01132   -0.00711   -0.00695   -0.01013   -0.00455
  -0.00114   -0.00743    0.00582    0.00076    0.00804    0.00685    0.00424    0.00416   -0.01107
  -0.00824    0.01287    0.00218    0.00730    0.00620   -0.02074   -0.00353    0.00674    0.01644
   0.00044   -0.01133    0.01047    0.00520    0.00437   -0.01669    0.00771    0.00438   -0.00681
   0.00481    0.02024    0.01212    0.01556    0.01400   -0.00381    0.01314    0.01423    0.01082
   0.01336    0.02004    0.02122   -0.00736   -0.00642    0.02123    0.03643   -0.00649    0.01579
   0.00424    0.01105   -0.00131   -0.00206    0.00000    0.00000    0.00508    0.00658    0.00904
  -0.00250   -0.00642   -0.00481    0.00250   -0.00011    0.01284   -0.00762    0.00050   -0.01018
   0.01092    0.03228    0.00753    0.00679    0.00629    0.02545    0.00487    0.00856    0.02204
  -0.00409    0.00037    0.00381   -0.00078   -0.00191    0.00000    0.01022   -0.00281    0.00974
  -0.00381   -0.03100   -0.00890    0.00925    0.00619   -0.01052    0.00619    0.00699   -0.03002
   0.00502    0.00540    0.00421    0.00963    0.00867   -0.00599    0.00000    0.00710    0.01233
   0.00138    0.00231    0.02097    0.01820    0.00922    0.00000   -0.00873    0.01361    0.00076
   0.00731    0.00555   -0.01154    0.00332    0.00204    0.02033    0.00102    0.00265    0.00167
  -0.00019    0.00582   -0.00140    0.00144    0.00000    0.00036    0.00579    0.00419    0.00322
  -0.01303   -0.02039   -0.01383   -0.01756   -0.02113    0.00384   -0.03607   -0.01920   -0.02236
   0.00323    0.03780    0.00015    0.00283    0.00261   -0.02110    0.00193    0.00302    0.02618
   0.00807    0.02402    0.00311   -0.00272    0.00403    0.00253    0.00278    0.00132    0.01390
   0.00037    0.00353   -0.00750    0.00815    0.00736    0.00494   -0.00384    0.00566   -0.00122
   0.00129   -0.01230    0.00171    0.00170   -0.00079   -0.00173    0.01449   -0.00030   -0.00634
  -0.00754   -0.00634    0.00045   -0.00701   -0.00565    0.00007   -0.00458   -0.00670   -0.00502
  -0.01477   -0.02083    0.00174   -0.02742   -0.00761    0.00000   -0.00848   -0.01409   -0.01489
   0.00783    0.03622    0.01304    0.02366    0.04246   -0.01548    0.00669    0.03391    0.02441
   0.00420    0.00429   -0.00335   -0.00751   -0.00199    0.01072    0.00884   -0.00318   -0.00183
  -0.03856   -0.04058   -0.03544   -0.05233   -0.03550   -0.04637   -0.03038   -0.03958   -0.02178
  -0.00501   -0.00928    0.01059   -0.01217   -0.00965   -0.00643    0.00986   -0.01053   -0.00544
   0.02210    0.03587    0.03301    0.04418    0.02375    0.00559    0.03872    0.02997    0.03457
   0.00084    0.00281    0.02596   -0.00006    0.01057    0.01305    0.00489    0.00163    0.01117
   0.01425    0.01443    0.00163    0.00560    0.00857   -0.02506    0.01396    0.00424    0.00706
   0.00009    0.00180    0.00239   -0.00078   -0.00287    0.00534   -0.00175   -0.00251    0.00787
   0.00224   -0.02346   -0.02305   -0.02048   -0.00971   -0.03167   -0.00854   -0.00720   -0.00878
