   0.33300    0.00000    0.00000    0.00000    0.33300    0.33300    0.29512
   0.25000    0.25000    0.00000    0.25000    0.00000    0.25000    0.59923
   0.00000    0.50000    0.00000    0.00000    0.00000    0.50000    0.53629
   0.00000    0.33300    0.33300    0.00000    0.00000    0.33300    0.56986
   0.00000    0.00000    0.00000    0.50000    0.50000    0.00000    0.67988
   0.00000    0.33300    0.00000    0.33300    0.33300    0.00000    0.65173
   0.25000    0.25000    0.25000    0.00000    0.00000    0.25000    0.64566
   0.00000    0.20000    0.20000    0.20000    0.20000    0.20000    0.68674
   0.33300    0.00000    0.00000    0.33300    0.33300    0.00000    0.61861
   0.00000    0.25000    0.00000    0.25000    0.25000    0.25000    0.59852
   0.00000    0.00000    0.50000    0.00000    0.50000    0.00000    0.62673
   0.00000    0.00000    0.00000    0.00000    1.00000    0.00000    0.32435
   0.20000    0.20000    0.20000    0.00000    0.20000    0.20000    0.59579
   0.00000    0.00000    0.00000    0.33300    0.33300    0.33300    0.52673
   0.33300    0.33300    0.00000    0.00000    0.00000    0.33300    0.52634
   0.00000    0.00000    0.33300    0.00000    0.33300    0.33300    0.46118
   0.00000    0.00000    0.50000    0.00000    0.00000    0.50000    0.45576
   0.33300    0.00000    0.00000    0.33300    0.00000    0.33300    0.54224
   0.00000    0.25000    0.25000    0.25000    0.25000    0.00000    0.78042
   0.00000    0.00000    0.33300    0.33300    0.00000    0.33300    0.56665
   0.00000    0.00000    1.00000    0.00000    0.00000    0.00000    0.54971
   0.33300    0.00000    0.33300    0.00000    0.33300    0.00000    0.61316
   0.25000    0.00000    0.25000    0.25000    0.00000    0.25000    0.64931
   0.25000    0.25000    0.25000    0.25000    0.00000    0.00000    0.71361
   0.33300    0.00000    0.33300    0.33300    0.00000    0.00000    0.75344
   0.25000    0.00000    0.25000    0.00000    0.25000    0.25000    0.53383
   1.00000    0.00000    0.00000    0.00000    0.00000    0.00000    0.20000
   0.33300    0.33300    0.33300    0.00000    0.00000    0.00000    0.67848
   0.20000    0.20000    0.20000    0.20000    0.00000    0.20000    0.68540
   0.25000    0.25000    0.00000    0.25000    0.25000    0.00000    0.60099
