  28.00000  259.90000  100.60000   78.40000  170.60000   10.40000  935.70000  762.90000   49.77327
  28.00000  313.30000  145.00000    0.00000  178.50000    8.00000  867.20000  824.00000   40.92523
  28.00000  516.00000    0.00000    0.00000  162.00000    8.20000  801.00000  802.00000   41.36856
  56.00000  251.81000    0.00000   99.94000  146.14000   12.35000 1006.00000  899.76000   44.14025
   3.00000  331.00000    0.00000    0.00000  192.00000    0.00000  978.00000  825.00000   13.52062
  90.00000  133.00000  200.00000    0.00000  192.00000    0.00000  927.40000  839.20000   36.58842
  90.00000  288.00000  192.00000    0.00000  192.00000    0.00000  932.00000  717.80000   50.52687
   7.00000  252.00000    0.00000    0.00000  185.00000    0.00000 1111.00000  784.00000   13.71368
 100.00000  251.37000    0.00000  118.27000  188.45000    5.75000 1028.40000  757.73000   43.58178
  28.00000  153.00000  102.00000    0.00000  192.00000    0.00000  888.00000  943.10000   17.96430
  28.00000  540.00000    0.00000    0.00000  173.00000    0.00000 1125.00000  613.00000   67.30665
  28.00000  172.38000   13.61000  172.37000  156.76000    4.14000 1006.30000  856.40000   33.68780
  91.00000  389.90000  189.00000    0.00000  145.90000   22.00000  944.70000  755.80000   82.59922
   3.00000  362.60000  189.00000    0.00000  164.90000   11.60000  944.70000  755.80000   35.30117
  56.00000  229.97000    0.00000  118.31000  195.47000    4.63000 1029.40000  758.59000   31.53663
   3.00000  388.60000   97.10000    0.00000  157.90000   12.10000  852.10000  925.70000   28.09615
 180.00000  475.00000    0.00000    0.00000  228.00000    0.00000  932.00000  594.00000   42.62065
  28.00000  450.10000   50.00000    0.00000  200.00000    3.00000 1124.40000  613.20000   39.37597
  28.00000  323.70000  282.80000    0.00000  183.80000   10.30000  942.70000  659.90000   74.69783
   7.00000  286.30000  200.90000    0.00000  144.70000   11.20000 1004.60000  803.70000   37.99702
   3.00000  387.00000   20.00000   94.00000  157.00000   14.32000  938.00000  845.00000   22.75271
 365.00000  190.00000  190.00000    0.00000  228.00000    0.00000  932.00000  670.00000   53.69225
  28.00000  385.00000    0.00000  136.00000  158.00000   20.00000  903.00000  768.00000   55.55108
   3.00000  424.00000   22.00000  132.00000  168.00000    8.92000  822.00000  750.00000   32.10988
  91.00000  531.30000    0.00000    0.00000  141.80000   28.20000  852.10000  893.70000   59.19841
   3.00000  540.00000    0.00000    0.00000  173.00000    0.00000 1125.00000  613.00000   41.63746
  28.00000  151.80000  178.10000  138.70000  167.50000   18.30000  944.00000  694.60000   36.34986
   3.00000  251.37000    0.00000  118.27000  188.45000    5.75000 1028.40000  757.73000   17.22311
   3.00000  275.07000    0.00000  121.35000  159.48000    9.90000 1053.60000  777.50000   23.80071
  56.00000  251.37000    0.00000  118.27000  192.94000    5.75000 1043.60000  754.30000   39.26566
   7.00000  491.00000   26.00000  123.00000  210.00000    3.93000  882.00000  699.00000   33.48883
  28.00000  200.00000  133.00000    0.00000  192.00000    0.00000  965.40000  806.20000   30.43968
   3.00000  173.54000   50.05000  173.53000  164.77000    6.47000 1006.20000  793.50000   23.07676
  28.00000  397.00000    0.00000    0.00000  185.00000    0.00000 1040.00000  734.00000   39.09329
  28.00000  159.00000  187.00000    0.00000  176.00000   11.00000  990.00000  789.00000   32.76390
  14.00000  213.50000    0.00000  174.24000  154.61000   11.66000 1052.30000  775.48000   33.70159
  28.00000  225.00000    0.00000    0.00000  181.00000    0.00000 1113.00000  833.00000   17.34032
  28.00000  375.00000   93.80000    0.00000  126.60000   23.40000  852.10000  992.60000   56.69561
  28.00000  152.00000    0.00000  112.00000  184.00000    8.00000  992.00000  816.00000   12.17615
  91.00000  475.00000  118.80000    0.00000  181.10000    8.90000  852.10000  781.50000   74.19451
   3.00000  178.03000  129.80000  118.60000  179.94000    3.57000 1007.30000  746.80000   20.72565
  28.00000  310.00000  142.80000    0.00000  167.90000   10.00000  914.30000  804.00000   45.30478
  28.00000  132.00000  207.00000  161.00000  179.00000    5.00000  867.00000  736.00000   33.30169
   7.00000  382.50000    0.00000    0.00000  185.70000    0.00000 1047.80000  739.30000   24.06547
   7.00000  272.80000  181.90000    0.00000  185.70000    0.00000 1012.40000  714.30000   19.76521
  28.00000  284.00000  119.70000    0.00000  168.30000    7.20000  970.40000  794.20000   40.93488
  28.00000  164.60000    0.00000  150.40000  181.60000   11.70000 1023.30000  728.90000   18.03393
  56.00000  194.68000    0.00000  100.52000  165.62000    7.48000 1006.40000  905.90000   33.96359
   3.00000  331.00000    0.00000    0.00000  192.00000    0.00000  879.00000  825.00000   13.52062
  56.00000  194.68000    0.00000  100.52000  170.17000    7.48000  998.00000  901.80000   43.38872
  14.00000  173.81000   93.37000  159.90000  172.34000    9.73000 1007.20000  746.60000   29.55094
   7.00000  284.00000   15.00000  141.00000  179.00000    5.46000  842.00000  801.00000   24.13166
  90.00000  525.00000    0.00000    0.00000  189.00000    0.00000 1125.00000  613.00000   58.78472
  28.00000  362.60000  189.00000    0.00000  164.90000   11.60000  944.70000  755.80000   71.29871
  28.00000  425.00000  106.30000    0.00000  153.50000   16.50000  852.10000  887.10000   60.29468
  90.00000  307.00000    0.00000    0.00000  193.00000    0.00000  968.00000  812.00000   32.92248
  28.00000  250.00000    0.00000   95.69000  187.42000    5.53000  956.86000  861.17000   29.21999
  28.00000  162.00000  190.10000  148.10000  178.80000   18.80000  838.10000  741.40000   33.76226
  28.00000  298.20000    0.00000  107.00000  209.70000   11.10000  879.60000  744.20000   31.87516
  28.00000  350.00000    0.00000    0.00000  203.00000    0.00000  974.00000  775.00000   27.33772
  28.00000  298.00000    0.00000  107.00000  186.00000    6.00000  879.00000  815.00000   42.63720
  14.00000  251.37000    0.00000  118.27000  188.45000    6.35000 1028.40000  757.73000   24.42813
  28.00000  178.03000  129.80000  118.60000  179.94000    3.57000 1007.30000  746.80000   39.16224
  28.00000  200.00000    0.00000    0.00000  180.00000    0.00000 1125.00000  845.00000   12.24509
 360.00000  310.00000    0.00000    0.00000  192.00000    0.00000  970.00000  850.00000   38.11423
  28.00000  374.00000  189.20000    0.00000  170.10000   10.10000  926.10000  756.70000   61.09447
   7.00000  350.00000    0.00000    0.00000  203.00000    0.00000  974.00000  775.00000   18.12632
  28.00000  304.00000   76.00000    0.00000  228.00000    0.00000  932.00000  670.00000   47.81378
   7.00000  116.00000  173.00000    0.00000  192.00000    0.00000  909.80000  891.90000   10.08979
  28.00000  218.85000    0.00000  124.13000  158.49000   11.33000 1078.70000  794.91000   30.21973
  28.00000  359.00000   19.00000  141.00000  154.00000   10.91000  942.00000  801.00000   62.93537
   7.00000  333.00000    0.00000    0.00000  192.00000    0.00000  931.20000  842.60000   23.40495
  56.00000  469.00000  117.20000    0.00000  137.80000   32.20000  852.10000  840.50000   69.29923
   3.00000  212.00000  141.30000    0.00000  203.50000    0.00000  973.40000  750.00000    6.80858
  28.00000  153.00000  145.00000    0.00000  178.00000    8.00000 1000.00000  822.00000   19.00885
  28.00000  212.00000    0.00000  124.78000  159.00000    7.84000 1085.40000  799.54000   38.50034
  28.00000  425.00000  106.30000    0.00000  151.40000   18.60000  936.00000  803.70000   61.79773
  28.00000  312.70000  144.70000    0.00000  127.30000    8.00000  999.70000  822.20000   44.52360
  28.00000  525.00000    0.00000    0.00000  189.00000    0.00000 1125.00000  613.00000   55.94408
  28.00000  238.10000    0.00000    0.00000  185.70000    0.00000 1118.80000  789.30000   17.57612
 180.00000  331.00000    0.00000    0.00000  192.00000    0.00000  978.00000  825.00000   38.99676
   7.00000  250.00000    0.00000    0.00000  182.00000    0.00000 1100.00000  820.00000   12.73462
  28.00000  222.36000    0.00000   96.67000  189.29000    4.46000  967.08000  870.32000   24.89008
  56.00000  213.76000   98.06000   24.52000  181.74000    6.65000 1066.00000  785.52000   47.13258
  28.00000  228.00000  342.10000    0.00000  185.70000    0.00000  955.80000  674.30000   39.69934
  56.00000  424.00000   22.00000  132.00000  168.00000    8.92000  822.00000  750.00000   74.36491
 270.00000  475.00000    0.00000    0.00000  228.00000    0.00000  932.00000  594.00000   42.13112
  28.00000  135.00000    0.00000  166.00000  180.00000   10.00000  961.00000  805.00000   13.29310
  28.00000  150.00000  236.80000    0.00000  173.80000   11.90000 1069.30000  674.80000   37.43165
  28.00000  148.00000    0.00000  137.00000  158.00000   16.00000 1002.00000  830.00000   17.95396
  28.00000  252.10000   97.10000   75.60000  193.80000    8.30000  835.50000  821.40000   33.39960
  90.00000  139.60000  209.40000    0.00000  192.00000    0.00000 1047.00000  806.90000   39.35805
   3.00000  157.00000  236.00000    0.00000  192.00000    0.00000  935.40000  781.20000    9.69472
  56.00000  167.00000   75.40000  167.00000  164.03000    7.91000 1007.30000  770.10000   53.46197
  28.00000  155.60000  243.50000    0.00000  180.30000   10.70000 1022.00000  697.70000   37.36339
  28.00000  157.00000  214.00000  152.00000  200.00000    9.00000  819.00000  704.00000   33.05348
   7.00000  290.20000  193.50000    0.00000  185.70000    0.00000  998.20000  704.30000   21.85915
  14.00000  194.68000    0.00000  100.52000  165.62000    7.48000 1006.40000  905.90000   24.98661
  28.00000  305.00000    0.00000  100.00000  196.00000   10.00000  959.00000  705.00000   30.12321
  14.00000  500.00000    0.00000    0.00000  200.00000    0.00000 1125.00000  613.00000   36.93523
 180.00000  500.00000    0.00000    0.00000  200.00000    0.00000 1125.00000  613.00000   51.04191
   3.00000  446.00000   24.00000   79.00000  162.00000   11.64000  967.00000  712.00000   25.02108
  28.00000  155.00000  183.00000    0.00000  193.00000    9.00000  877.00000  868.00000   23.78692
  28.00000  213.72000   98.05000   24.51000  181.71000    6.86000 1065.80000  785.38000   45.70536
  56.00000  425.00000  106.30000    0.00000  153.50000   16.50000  852.10000  887.10000   64.30053
  28.00000  158.00000    0.00000  195.00000  220.00000   11.00000  898.00000  713.00000    8.53571
  91.00000  388.60000   97.10000    0.00000  157.90000   12.10000  852.10000  925.70000   57.59883
 100.00000  251.81000    0.00000   99.94000  146.14000   12.35000 1006.00000  899.76000   45.36752
  14.00000  297.16000    0.00000  117.54000  174.80000    9.52000 1022.80000  753.45000   36.99039
  28.00000  141.90000  166.60000  129.70000  173.50000   10.90000  882.60000  785.30000   44.61186
  28.00000  290.20000  193.50000    0.00000  185.70000    0.00000  998.20000  704.30000   33.04314
   3.00000  491.00000   26.00000  123.00000  210.00000    3.93000  882.00000  699.00000   25.60911
  28.00000  298.00000    0.00000  107.00000  164.00000   13.00000  953.00000  784.00000   35.85965
  90.00000  277.00000    0.00000    0.00000  191.00000    0.00000  968.00000  856.00000   31.25395
  14.00000  322.00000    0.00000    0.00000  203.00000    0.00000  974.00000  800.00000   20.77391
   7.00000  362.60000  189.00000    0.00000  164.90000   11.60000  944.70000  755.80000   55.89582
  28.00000  500.00000    0.00000    0.00000  140.00000    4.00000  966.00000  853.00000   67.56865
 100.00000  167.00000   75.40000  167.00000  164.03000    7.91000 1007.30000  770.10000   56.81282
  56.00000  446.00000   24.00000   79.00000  162.00000   10.30000  967.00000  712.00000   54.76508
   7.00000  374.00000  189.20000    0.00000  170.10000   10.10000  926.10000  756.70000   46.20179
  91.00000  425.00000  106.30000    0.00000  151.40000   18.60000  936.00000  803.70000   66.69991
   7.00000  238.20000  158.80000    0.00000  185.70000    0.00000 1040.60000  734.30000   15.69109
  90.00000  108.30000  162.40000    0.00000  203.50000    0.00000  938.20000  849.00000   29.23171
   7.00000  362.60000  189.00000    0.00000  164.90000   11.60000  944.70000  755.80000   55.89582
   3.00000  165.00000    0.02000  143.57000  163.81000    0.00000 1005.60000  900.90000   14.39626
 100.00000  168.88000   42.22000  124.25000  158.33000   10.83000 1080.80000  796.15000   48.15300
  28.00000  148.10000    0.00000  136.60000  158.10000   16.10000 1001.80000  830.10000   17.95947
   3.00000  212.52000    0.00000  100.37000  159.32000    8.71000 1007.80000  903.59000   13.54131
  28.00000  326.00000    0.00000  138.00000  199.00000   11.00000  801.00000  792.00000   40.67908
   3.00000  393.00000    0.00000    0.00000  192.00000    0.00000  940.00000  758.00000   19.10538
 360.00000  198.60000  132.40000    0.00000  192.00000    0.00000  978.40000  825.50000   44.29608
  28.00000  251.37000    0.00000  118.27000  188.45000    5.75000 1028.40000  757.73000   29.65436
  28.00000  151.60000    0.00000  111.90000  184.40000    7.90000  992.00000  815.90000   12.18097
 180.00000  427.50000   47.50000    0.00000  228.00000    0.00000  932.00000  594.00000   41.83671
 270.00000  380.00000   95.00000    0.00000  228.00000    0.00000  932.00000  594.00000   41.15138
  28.00000  214.90000   53.80000  121.89000  155.63000    9.61000 1014.30000  780.58000   52.20023
  90.00000  350.00000    0.00000    0.00000  203.00000    0.00000  974.00000  775.00000   31.35047
   7.00000  173.00000  116.00000    0.00000  192.00000    0.00000  946.80000  856.80000   11.39221
  28.00000  284.00000   15.00000  141.00000  179.00000    5.46000  842.00000  801.00000   43.73346
  28.00000  155.20000  183.90000  143.20000  193.80000    9.20000  879.60000  698.50000   28.99109
 100.00000  190.34000    0.00000  125.18000  166.61000    9.88000 1079.00000  798.90000   33.56369
   3.00000  500.00000    0.00000    0.00000  200.00000    0.00000 1125.00000  613.00000   26.06219
  56.00000  491.00000   26.00000  123.00000  210.00000    3.93000  882.00000  699.00000   59.59043
   7.00000  332.50000  142.50000    0.00000  228.00000    0.00000  932.00000  594.00000   30.27558
 360.00000  349.00000    0.00000    0.00000  192.00000    0.00000 1047.00000  806.00000   42.12698
 100.00000  229.97000    0.00000  118.31000  195.47000    4.63000 1029.40000  758.59000   35.34254
  28.00000  281.00000    0.00000    0.00000  186.00000    0.00000 1104.00000  774.00000   22.43555
   3.00000  139.60000  209.40000    0.00000  192.00000    0.00000 1047.00000  806.90000    8.06342
  28.00000  159.00000  149.00000  116.00000  175.00000   15.00000  953.00000  720.00000   27.67557
   3.00000  194.68000    0.00000  100.52000  170.17000    7.48000  998.00000  901.80000   12.17615
   7.00000  238.10000    0.00000    0.00000  185.70000    0.00000 1118.80000  789.30000   10.33593
  56.00000  446.00000   24.00000   79.00000  162.00000   11.64000  967.00000  712.00000   55.25461
  90.00000  254.00000    0.00000    0.00000  198.00000    0.00000  968.00000  863.00000   26.94472
  56.00000  362.60000  189.00000    0.00000  164.90000   11.60000  944.70000  755.80000   77.29715
  56.00000  323.70000  282.80000    0.00000  183.80000   10.30000  942.70000  659.90000   80.19985
  28.00000  156.00000  178.00000  187.00000  221.00000    7.00000  854.00000  614.00000   29.41305
 365.00000  339.00000    0.00000    0.00000  197.00000    0.00000  968.00000  781.00000   38.89334
   3.00000  213.74000    0.00000  174.74000  154.79000   10.16000 1053.50000  776.35000   17.57474
  28.00000  380.00000   95.00000    0.00000  228.00000    0.00000  932.00000  594.00000   36.44777
  28.00000  313.00000  145.00000    0.00000  178.00000    8.00000  867.00000  824.00000   44.38846
  28.00000  145.70000  172.60000    0.00000  181.90000    3.40000  985.80000  816.80000   23.74417
  90.00000  236.00000    0.00000    0.00000  194.00000    0.00000  968.00000  885.00000   21.94602
  28.00000  333.00000    0.00000    0.00000  192.00000    0.00000  931.20000  842.60000   31.96687
   7.00000  198.60000  132.40000    0.00000  192.00000    0.00000  978.40000  825.50000   14.63826
  28.00000  190.34000    0.00000  125.18000  166.61000    9.88000 1079.00000  798.90000   24.84872
  28.00000  152.60000  238.70000    0.00000  200.00000    6.30000 1001.80000  683.90000   26.85992
  28.00000  281.00000    0.00000    0.00000  185.00000    0.00000 1104.00000  774.00000   22.43555
  90.00000  339.00000    0.00000    0.00000  197.00000    0.00000  968.00000  781.00000   35.17017
  90.00000  333.00000    0.00000    0.00000  192.00000    0.00000  931.20000  842.60000   41.68020
   3.00000  108.30000  162.40000    0.00000  203.50000    0.00000  938.20000  849.00000    2.33181
  28.00000  446.00000   24.00000   79.00000  162.00000   11.61000  967.00000  712.00000   57.02656
 270.00000  380.00000    0.00000    0.00000  228.00000    0.00000  932.00000  670.00000   53.30063
  28.00000  239.60000  359.40000    0.00000  185.70000    0.00000  941.60000  664.30000   39.43527
  28.00000  153.10000  145.00000  113.00000  178.50000    8.00000 1001.90000  688.70000   25.55956
  28.00000  298.00000  137.00000  107.00000  201.00000    6.00000  878.00000  655.00000   53.52402
   7.00000  359.00000   19.00000  141.00000  154.00000   10.91000  942.00000  801.00000   35.75426
  56.00000  376.00000    0.00000    0.00000  214.60000    0.00000 1003.50000  762.36000   36.30091
   3.00000  200.00000  133.00000    0.00000  192.00000    0.00000  965.40000  806.20000   11.41428
   7.00000  212.00000  141.30000    0.00000  203.50000    0.00000  973.40000  750.00000   15.03058
   7.00000  166.80000  250.20000    0.00000  203.50000    0.00000  975.60000  692.60000   15.74832
  90.00000  192.00000  288.00000    0.00000  192.00000    0.00000  929.80000  716.10000   50.73233
  56.00000  167.95000   42.08000  163.83000  121.75000    5.72000 1058.70000  780.11000   32.85353
  56.00000  252.31000    0.00000   98.75000  146.25000   14.17000  987.76000  889.01000   55.82687
  28.00000  285.00000  190.00000    0.00000  163.00000    7.60000 1031.00000  685.00000   53.57918
 180.00000  540.00000    0.00000    0.00000  173.00000    0.00000 1125.00000  613.00000   71.62277
 270.00000  237.50000  237.50000    0.00000  228.00000    0.00000  932.00000  594.00000   38.40795
   3.00000  359.00000   19.00000  141.00000  154.00000   10.91000  942.00000  801.00000   25.11663
  28.00000  145.00000    0.00000  134.00000  181.00000   11.00000  979.00000  812.00000   13.19657
  28.00000  287.00000  121.00000   94.00000  188.00000    9.00000  904.00000  696.00000   41.94083
   3.00000  339.00000    0.00000    0.00000  197.00000    0.00000  968.00000  781.00000   13.22415
   3.00000  212.07000    0.00000  121.62000  180.31000    5.69000 1057.60000  779.32000   12.47262
   3.00000  376.00000    0.00000    0.00000  214.60000    0.00000 1003.50000  762.36000   16.27853
  28.00000  362.60000  189.00000    0.00000  164.90000   11.60000  944.70000  755.80000   71.29871
   3.00000  525.00000    0.00000    0.00000  189.00000    0.00000 1125.00000  613.00000   33.79811
  28.00000  250.20000  166.80000    0.00000  203.50000    0.00000  977.60000  694.10000   36.96419
  28.00000  427.50000   47.50000    0.00000  228.00000    0.00000  932.00000  594.00000   37.42752
   3.00000  231.75000    0.00000  121.62000  173.96000    6.72000 1056.40000  778.45000   15.43737
   7.00000  203.50000  305.30000    0.00000  203.50000    0.00000  963.40000  630.00000   19.53906
  28.00000  310.00000  143.00000  111.00000  168.00000   22.00000  914.00000  651.00000   33.68780
  28.00000  289.00000    0.00000    0.00000  192.00000    0.00000  913.20000  895.30000   25.57335
  28.00000  424.00000   22.00000  132.00000  168.00000    8.92000  822.00000  750.00000   72.09851
  28.00000  300.00000    0.00000  120.00000  212.00000   10.00000  878.00000  728.00000   23.83519
  28.00000  266.20000  112.30000   87.50000  177.90000   10.40000  909.70000  744.50000   39.42148
 100.00000  246.83000    0.00000  125.08000  143.30000   11.99000 1086.80000  800.89000   66.42412
  28.00000  152.70000  144.70000    0.00000  178.10000    8.00000  999.70000  822.20000   19.00954
  28.00000  531.30000    0.00000    0.00000  141.80000   28.20000  852.10000  893.70000   56.39914
  28.00000  154.80000  183.40000    0.00000  193.30000    9.10000  877.20000  867.70000   23.78692
  28.00000  307.00000    0.00000    0.00000  193.00000    0.00000  968.00000  812.00000   27.53078
   3.00000  213.76000   98.06000   24.52000  181.74000    6.65000 1066.00000  785.52000   13.18278
   7.00000  362.60000  189.00000    0.00000  164.90000   11.60000  944.70000  755.80000   22.89750
  90.00000  203.50000  305.30000    0.00000  203.50000    0.00000  963.40000  630.00000   51.86376
 100.00000  212.52000    0.00000  100.37000  159.32000    8.71000 1007.80000  903.59000   42.91988
   7.00000  200.00000  133.00000    0.00000  192.00000    0.00000  965.40000  806.20000   17.16588
  14.00000  376.00000    0.00000    0.00000  214.60000    0.00000 1003.50000  762.36000   25.62093
  28.00000  148.10000    0.00000  182.10000  181.40000   15.00000  838.90000  884.30000   15.52631
  28.00000  313.00000  161.00000    0.00000  178.00000   10.00000  917.00000  759.00000   52.44154
   3.00000  168.88000   42.22000  124.25000  158.33000   10.83000 1080.80000  796.15000    7.39808
  56.00000  362.60000  189.00000    0.00000  164.90000   11.60000  944.70000  755.80000   77.29715
  28.00000  540.00000    0.00000    0.00000  162.00000    2.50000 1055.00000  676.00000   61.88737
   7.00000  446.00000   24.00000   79.00000  162.00000   11.64000  967.00000  712.00000   39.30013
  28.00000  387.00000   20.00000   94.00000  157.00000   11.61000  938.00000  845.00000   46.68442
  28.00000  397.00000    0.00000    0.00000  186.00000    0.00000 1040.00000  734.00000   36.93523
  90.00000  296.00000    0.00000    0.00000  192.00000    0.00000 1085.00000  765.00000   29.39236
   7.00000  200.00000    0.00000    0.00000  180.00000    0.00000 1125.00000  845.00000    7.83934
  28.00000  333.00000   17.50000  163.00000  167.00000   17.90000  996.00000  652.00000   47.27737
  56.00000  251.37000    0.00000  118.27000  188.45000    6.35000 1028.40000  757.73000   36.63875
  28.00000  296.00000    0.00000  107.00000  221.00000   11.00000  819.00000  778.00000   31.41942
  28.00000  272.80000  181.90000    0.00000  185.70000    0.00000 1012.40000  714.30000   31.38150
  91.00000  313.30000  262.20000    0.00000  175.50000    8.60000 1046.90000  611.80000   66.59649
  28.00000  150.70000    0.00000  185.30000  166.70000   15.60000 1074.50000  678.00000   13.46133
   7.00000  425.00000  106.30000    0.00000  153.50000   16.50000  852.10000  887.10000   49.20101
  90.00000  236.00000  157.00000    0.00000  192.00000    0.00000  972.60000  749.10000   47.78207
   3.00000  424.00000   22.00000  132.00000  178.00000    8.48000  882.00000  750.00000   32.01139
 365.00000  380.00000   95.00000    0.00000  228.00000    0.00000  932.00000  594.00000   43.69830
  28.00000  255.00000    0.00000    0.00000  192.00000    0.00000  889.80000  945.00000   18.74616
  14.00000  238.05000    0.00000   94.11000  186.66000    7.00000  949.91000  847.01000   25.68988
   7.00000  424.00000   22.00000  132.00000  178.00000    8.48000  822.00000  750.00000   39.00464
   3.00000  212.00000    0.00000  124.78000  159.00000    7.84000 1085.40000  799.54000   19.51907
  90.00000  153.00000  102.00000    0.00000  192.00000    0.00000  888.00000  943.10000   26.32281
  28.00000  397.00000   17.20000  158.00000  167.00000   20.80000  967.00000  633.00000   55.64761
   3.00000  166.09000    0.00000  163.27000  176.46000    4.49000 1058.60000  780.09000   10.76272
  28.00000  296.00000    0.00000    0.00000  186.00000    0.00000 1090.00000  769.00000   25.17966
  28.00000  166.00000  260.00000    0.00000  183.00000   13.00000  859.00000  827.00000   37.91429
  56.00000  213.74000    0.00000  174.74000  154.79000   10.16000 1053.50000  776.35000   46.64305
   7.00000  139.60000  209.40000    0.00000  192.00000    0.00000 1047.00000  806.90000   14.58931
  28.00000  277.19000   97.82000   24.46000  160.70000   11.19000 1061.70000  782.46000   63.14221
   7.00000  295.80000    0.00000    0.00000  185.70000    0.00000 1091.40000  769.30000   14.84373
  28.00000  321.00000    0.00000  128.00000  182.00000   11.00000  870.00000  780.00000   37.25928
  14.00000  214.90000   53.80000  121.89000  155.63000    9.61000 1014.30000  780.58000   38.60376
  28.00000  318.00000    0.00000  126.00000  210.00000    6.00000  861.00000  737.00000   40.05856
   3.00000  229.97000    0.00000  118.31000  195.47000    4.63000 1029.40000  758.59000   10.03188
 100.00000  194.68000    0.00000  100.52000  170.17000    7.48000  998.00000  901.80000   44.27815
  14.00000  212.57000    0.00000  100.39000  159.35000   10.37000 1003.80000  903.79000   25.37272
  56.00000  231.75000    0.00000  121.62000  173.96000    6.72000 1056.40000  778.45000   42.69925
   3.00000  297.16000    0.00000  117.54000  174.80000    9.52000 1022.80000  753.45000   21.91155
   3.00000  286.30000  200.90000    0.00000  144.70000   11.20000 1004.60000  803.70000   24.40056
  14.00000  540.00000    0.00000    0.00000  173.00000    0.00000 1125.00000  613.00000   59.76378
 100.00000  277.05000    0.00000   97.39000  160.60000   11.83000  973.90000  875.61000   55.64071
   7.00000  153.00000  102.00000    0.00000  192.00000    0.00000  888.00000  943.10000    8.37438
   3.00000  181.38000    0.00000  167.01000  169.59000    7.56000 1055.60000  777.80000   13.62405
   3.00000  387.00000   20.00000   94.00000  157.00000   11.61000  938.00000  845.00000   34.77027
  28.00000  143.70000  170.20000  132.60000  191.60000    8.50000  814.10000  805.30000   29.87086
   7.00000  387.00000   20.00000   94.00000  157.00000   14.32000  938.00000  845.00000   36.83870
  14.00000  166.09000    0.00000  163.27000  176.46000    4.49000 1058.60000  780.09000   25.48303
  28.00000  136.40000  161.60000  125.80000  171.60000   10.40000  922.60000  764.40000   29.07313
   7.00000  325.00000    0.00000    0.00000  184.00000    0.00000 1063.00000  783.00000   17.54027
   3.00000  389.90000  189.00000    0.00000  145.90000   22.00000  944.70000  755.80000   40.59635
  14.00000  350.00000    0.00000    0.00000  203.00000    0.00000  974.00000  775.00000   22.53208
  14.00000  302.00000    0.00000    0.00000  203.00000    0.00000  974.00000  817.00000   18.12632
  56.00000  233.81000    0.00000   94.58000  197.89000    4.56700  947.04000  852.16000   27.66178
 100.00000  213.72000   98.05000   24.51000  181.71000    6.86000 1065.80000  785.38000   53.90323
   7.00000  525.00000    0.00000    0.00000  189.00000    0.00000 1125.00000  613.00000   42.42346
   7.00000  350.00000    0.00000    0.00000  186.00000    0.00000 1050.00000  770.00000   20.27749
  28.00000  149.00000  236.00000    0.00000  176.00000   13.00000  847.00000  893.00000   32.95695
   3.00000  349.00000    0.00000    0.00000  192.00000    0.00000 1047.00000  806.00000   14.98921
   7.00000  281.00000    0.00000    0.00000  186.00000    0.00000 1104.00000  774.00000   14.49968
 270.00000  304.00000   76.00000    0.00000  228.00000    0.00000  932.00000  670.00000   54.37828
  56.00000  229.68000    0.00000  118.16000  195.23000    6.13000 1028.10000  757.63000   31.35047
  28.00000  164.00000    0.00000  200.00000  181.00000   13.00000  849.00000  846.00000   15.08573
  28.00000  325.60000  166.40000    0.00000  174.00000    8.90000  881.60000  790.00000   61.23581
  28.00000  202.00000   11.00000  141.00000  206.00000    1.72000  942.00000  801.00000   21.96671
   7.00000  157.00000  236.00000    0.00000  192.00000    0.00000  935.40000  781.20000   16.88940
  28.00000  505.00000    0.00000   60.00000  195.00000    0.00000 1030.00000  630.00000   64.01785
   7.00000  210.70000  316.10000    0.00000  185.70000    0.00000  977.00000  689.30000   21.81985
  28.00000  143.00000  169.00000  143.00000  191.00000    8.00000  967.00000  643.00000   29.72331
  28.00000  314.00000  145.00000  113.00000  179.00000    8.00000  869.00000  690.00000   46.22937
  90.00000  380.00000    0.00000    0.00000  228.00000    0.00000  932.00000  670.00000   52.90832
 270.00000  525.00000    0.00000    0.00000  189.00000    0.00000 1125.00000  613.00000   67.11359
 365.00000  427.50000   47.50000    0.00000  228.00000    0.00000  932.00000  594.00000   43.69830
  56.00000  491.00000   26.00000  123.00000  201.00000    3.93000  822.00000  699.00000   61.85585
  28.00000  141.30000  212.00000    0.00000  203.50000    0.00000  971.80000  748.50000   29.89223
  28.00000  236.00000    0.00000    0.00000  194.00000    0.00000  968.00000  885.00000   18.41590
  28.00000  264.50000  111.00000   86.50000  195.50000    5.90000  832.60000  790.40000   41.54231
  14.00000  194.68000    0.00000  100.52000  170.17000    7.48000  998.00000  901.80000   24.28334
 365.00000  304.00000   76.00000    0.00000  228.00000    0.00000  932.00000  670.00000   55.26012
  14.00000  277.00000    0.00000    0.00000  191.00000    0.00000  968.00000  856.00000   21.26344
  90.00000  332.50000  142.50000    0.00000  228.00000    0.00000  932.00000  594.00000   37.72192
  90.00000  393.00000    0.00000    0.00000  192.00000    0.00000  940.60000  785.60000   48.84662
  28.00000  355.90000    0.00000  141.60000  193.30000   11.00000  801.40000  778.40000   40.86869
   3.00000  102.00000  153.00000    0.00000  192.00000    0.00000  887.00000  942.00000    4.56502
 100.00000  222.36000    0.00000   96.67000  189.29000    4.46000  967.08000  870.32000   40.71356
  14.00000  182.04000   45.21000  121.97000  170.21000    8.19000 1059.40000  780.65000   21.50476
  14.00000  213.50000    0.00000  174.24000  159.21000   11.66000 1043.60000  771.90000   29.59231
  28.00000  389.90000  189.00000    0.00000  145.90000   22.00000  944.70000  755.80000   74.49788
   7.00000  202.00000   11.00000  141.00000  206.00000    1.72000  942.00000  801.00000   15.06998
  14.00000  167.00000   75.40000  167.00000  164.03000    7.91000 1007.30000  770.10000   32.90179
  28.00000  167.35000  129.90000  128.62000  175.46000    7.79000 1006.30000  746.60000   41.20309
  90.00000  393.00000    0.00000    0.00000  192.00000    0.00000  940.00000  758.00000   48.79422
  28.00000  192.00000  288.00000    0.00000  192.00000    0.00000  929.80000  716.10000   39.32151
  90.00000  427.50000   47.50000    0.00000  228.00000    0.00000  932.00000  594.00000   41.54300
  90.00000  190.00000  190.00000    0.00000  228.00000    0.00000  932.00000  670.00000   42.32693
  90.00000  116.00000  173.00000    0.00000  192.00000    0.00000  909.80000  891.90000   31.02366
  90.00000  480.00000    0.00000    0.00000  192.00000    0.00000  936.20000  712.20000   54.31554
  28.00000  322.00000    0.00000    0.00000  203.00000    0.00000  974.00000  800.00000   25.17966
  56.00000  212.57000    0.00000  100.39000  159.35000   10.37000 1003.80000  903.79000   44.39536
 120.00000  331.00000    0.00000    0.00000  192.00000    0.00000 1025.00000  821.00000   39.38287
  14.00000  229.68000    0.00000  118.16000  195.23000    6.13000 1028.10000  757.63000   22.31834
  56.00000  295.71000    0.00000   95.64000  171.54000    8.87000  955.14000  859.20000   48.71837
  28.00000  139.60000  209.40000    0.00000  192.00000    0.00000 1047.00000  806.90000   28.23749
  28.00000  252.00000   97.00000   76.00000  194.00000    8.00000  835.00000  821.00000   33.39822
   3.00000  393.00000    0.00000    0.00000  192.00000    0.00000  940.60000  785.60000   19.19915
  14.00000  172.38000   13.61000  172.37000  156.76000    4.14000 1006.30000  856.40000   29.75089
  28.00000  262.00000  111.00000   86.00000  195.00000    5.00000  895.00000  733.00000   33.71538
  28.00000  255.30000   98.80000   77.00000  188.60000    6.50000  919.00000  749.30000   33.79880
  28.00000  276.40000  116.00000   90.30000  179.60000    8.90000  870.10000  768.30000   44.28435
 365.00000  254.00000    0.00000    0.00000  198.00000    0.00000  968.00000  863.00000   29.78536
  28.00000  145.40000    0.00000  178.90000  201.70000    7.80000  824.00000  868.70000   10.53588
   3.00000  480.00000    0.00000    0.00000  192.00000    0.00000  936.20000  712.20000   24.40469
   3.00000  255.00000    0.00000    0.00000  192.00000    0.00000  889.80000  945.00000    8.20407
  56.00000  213.72000   98.05000   24.51000  181.71000    6.86000 1065.80000  785.38000   50.77301
  56.00000  172.38000   13.61000  172.37000  156.76000    4.14000 1006.30000  856.40000   35.85275
  28.00000  475.00000    0.00000    0.00000  228.00000    0.00000  932.00000  594.00000   39.28979
   7.00000  203.50000  135.70000    0.00000  185.70000    0.00000 1076.20000  759.30000   11.95758
  28.00000  439.00000  177.00000    0.00000  186.00000   11.10000  884.90000  707.90000   65.99664
 180.00000  349.00000    0.00000    0.00000  192.00000    0.00000 1047.00000  806.00000   41.05140
   3.00000  349.00000    0.00000    0.00000  192.00000    0.00000 1047.00000  806.90000   15.04919
  56.00000  401.80000   94.70000    0.00000  147.40000   11.40000  946.80000  852.10000   73.69809
  28.00000  313.00000  145.00000    0.00000  178.00000    8.00000 1002.00000  689.00000   41.05140
  28.00000  252.50000    0.00000    0.00000  185.70000    0.00000 1111.60000  784.30000   19.76521
  28.00000  147.80000  175.10000    0.00000  171.20000    2.20000 1000.00000  828.50000   26.92266
 100.00000  212.57000    0.00000  100.39000  159.35000   10.37000 1003.80000  903.79000   47.73932
   3.00000  379.50000  151.20000    0.00000  153.90000   15.90000 1134.30000  605.00000   28.59946
  28.00000  315.00000  137.00000    0.00000  145.00000    5.90000 1130.00000  745.00000   81.75117
  28.00000  317.90000    0.00000  126.50000  209.70000    5.70000  860.50000  736.60000   40.06200
  28.00000  181.90000  272.80000    0.00000  185.70000    0.00000 1012.40000  714.30000   27.93550
  28.00000  173.54000   50.05000  173.53000  164.77000    6.47000 1006.20000  793.50000   38.20387
  28.00000  146.00000  173.00000    0.00000  182.00000    3.00000  986.00000  817.00000   23.73866
  28.00000  261.90000  110.50000   86.10000  195.40000    5.00000  895.20000  732.60000   33.71882
   7.00000  228.00000  342.10000    0.00000  185.70000    0.00000  955.80000  674.30000   21.91706
  28.00000  296.00000    0.00000    0.00000  192.00000    0.00000 1085.00000  765.00000   21.64955
 180.00000  198.60000  132.40000    0.00000  192.00000    0.00000  978.40000  825.50000   41.71950
  14.00000  249.10000    0.00000   98.75000  158.11000   12.80000  987.76000  889.01000   28.68220
  28.00000  165.00000  128.50000  132.10000  175.06000    8.08000 1005.80000  746.60000   46.38795
   3.00000  290.35000    0.00000   96.18000  168.08000    9.41000  961.18000  865.00000   22.50450
  28.00000  330.50000  169.60000    0.00000  194.90000    8.10000  811.00000  802.30000   56.61908
  90.00000  250.20000  166.80000    0.00000  203.50000    0.00000  977.60000  694.10000   47.71450
  28.00000  260.00000  101.00000   78.00000  171.00000   10.00000  936.00000  763.00000   49.77327
  56.00000  246.83000    0.00000  125.08000  143.30000   11.99000 1086.80000  800.89000   60.32226
  14.00000  167.35000  129.90000  128.62000  175.46000    7.79000 1006.30000  746.60000   31.81242
  28.00000  436.00000    0.00000    0.00000  218.00000    0.00000  838.40000  719.70000   23.84897
   3.00000  318.80000  212.50000    0.00000  155.70000   14.30000  852.10000  880.40000   25.20035
  28.00000  540.00000    0.00000    0.00000  162.00000    2.50000 1040.00000  676.00000   79.98611
 100.00000  181.38000    0.00000  167.01000  169.59000    7.56000 1055.60000  777.80000   45.36752
  28.00000  148.00000  175.00000    0.00000  171.00000    2.00000 1000.00000  828.00000   26.91714
  28.00000  276.00000  116.00000   90.00000  180.00000    9.00000  870.00000  768.00000   44.27815
  28.00000  167.00000  187.00000  195.00000  185.00000    7.00000  898.00000  636.00000   23.89034
 100.00000  212.07000    0.00000  121.62000  180.31000    5.69000 1057.60000  779.32000   39.61040
  56.00000  213.50000    0.00000  174.24000  159.21000   11.66000 1043.60000  771.90000   51.25565
   7.00000  349.00000    0.00000    0.00000  192.00000    0.00000 1056.00000  809.00000    9.01145
   3.00000  233.81000    0.00000   94.58000  197.89000    4.56700  947.04000  852.16000   10.38351
  28.00000  297.16000    0.00000  117.54000  174.80000    9.52000 1022.80000  753.45000   47.40147
   3.00000  469.00000  117.20000    0.00000  137.80000   32.20000  852.10000  840.50000   40.19645
  56.00000  424.00000   22.00000  132.00000  178.00000    8.48000  822.00000  750.00000   65.69721
  56.00000  173.81000   93.37000  159.90000  172.34000    9.73000 1007.20000  746.60000   48.98727
 100.00000  213.76000   98.06000   24.52000  181.74000    6.65000 1066.00000  785.52000   49.97322
  14.00000  173.54000   50.05000  173.53000  164.77000    6.47000 1006.20000  793.50000   33.00522
   3.00000  250.20000  166.80000    0.00000  203.50000    0.00000  977.60000  694.10000    9.73126
  28.00000  212.00000  141.30000    0.00000  203.50000    0.00000  973.40000  750.00000   33.00384
   3.00000  387.00000   20.00000   94.00000  157.00000   13.93000  938.00000  845.00000   25.51061
  28.00000  155.00000    0.00000  143.00000  193.00000    9.00000 1047.00000  697.00000   12.45883
   3.00000  252.31000    0.00000   98.75000  146.25000   14.17000  987.76000  889.01000   21.78055
 100.00000  213.50000    0.00000  174.24000  159.21000   11.66000 1043.60000  771.90000   52.95865
   3.00000  307.00000    0.00000    0.00000  193.00000    0.00000  968.00000  812.00000   12.54157
  56.00000  166.09000    0.00000  163.27000  176.46000    4.49000 1058.60000  780.09000   28.62704
  28.00000  186.20000  124.10000    0.00000  185.70000    0.00000 1083.40000  764.30000   17.59681
  28.00000  297.80000  137.20000  106.90000  201.30000    6.00000  878.40000  655.30000   53.52471
 180.00000  266.00000  114.00000    0.00000  228.00000    0.00000  932.00000  670.00000   48.69562
  56.00000  362.60000  189.00000    0.00000  164.90000   11.60000  944.70000  755.80000   77.29715
  28.00000  162.00000  214.00000  164.00000  202.00000   10.00000  820.00000  680.00000   30.64721
 120.00000  349.00000    0.00000    0.00000  192.00000    0.00000 1056.00000  809.00000   40.85835
  28.00000  144.00000    0.00000  175.00000  158.00000   18.00000  943.00000  844.00000   15.41668
  14.00000  181.38000    0.00000  167.01000  169.59000    7.56000 1055.60000  777.80000   21.60128
  28.00000  233.81000    0.00000   94.58000  197.89000    4.56700  947.04000  852.16000   22.83545
  56.00000  475.00000  118.80000    0.00000  181.10000    8.90000  852.10000  781.50000   72.29845
  28.00000  312.90000  160.50000    0.00000  177.60000    9.60000  916.60000  759.50000   52.44637
  56.00000  446.00000   24.00000   79.00000  162.00000   11.61000  967.00000  712.00000   61.06689
   7.00000  349.00000    0.00000    0.00000  192.00000    0.00000 1047.00000  806.00000   18.12632
   3.00000  183.90000  122.60000    0.00000  203.50000    0.00000  959.20000  800.00000    4.90355
  14.00000  277.19000   97.82000   24.46000  160.70000   11.19000 1061.70000  782.46000   47.71174
  28.00000  165.00000    0.00000  150.00000  182.00000   12.00000 1023.00000  729.00000   18.02980
  28.00000  156.00000  243.00000    0.00000  180.00000   11.00000 1022.00000  698.00000   37.36270
  28.00000  299.80000    0.00000  119.80000  211.50000    9.90000  878.20000  727.60000   23.83587
   3.00000  249.10000    0.00000   98.75000  158.11000   12.80000  987.76000  889.01000   15.36153
  28.00000  385.00000    0.00000    0.00000  186.00000    0.00000  966.00000  763.00000   31.35047
 180.00000  277.00000    0.00000    0.00000  191.00000    0.00000  968.00000  856.00000   32.32953
  28.00000  305.30000  203.50000    0.00000  203.50000    0.00000  965.40000  631.00000   43.37700
  28.00000  337.90000  189.00000    0.00000  174.90000    9.50000  944.70000  755.80000   49.89738
  28.00000  288.00000  192.00000    0.00000  192.00000    0.00000  932.00000  717.80000   38.80440
 100.00000  297.16000    0.00000  117.54000  174.80000    9.52000 1022.80000  753.45000   56.74387
  28.00000  500.00000    0.00000    0.00000  151.00000    9.00000 1033.00000  655.00000   69.83702
  28.00000  313.00000  145.00000    0.00000  127.00000    8.00000 1000.00000  822.00000   44.51947
  28.00000  160.20000  188.00000  146.40000  203.20000   11.30000  828.70000  709.70000   35.31427
  28.00000  314.00000    0.00000  113.00000  170.00000   10.00000  925.00000  783.00000   38.45897
   7.00000  362.60000  189.00000    0.00000  164.90000   11.60000  944.70000  755.80000   55.89582
   7.00000  331.00000    0.00000    0.00000  192.00000    0.00000  978.00000  825.00000   16.26474
   3.00000  349.00000    0.00000    0.00000  192.00000    0.00000 1056.00000  809.00000   15.87174
 100.00000  252.31000    0.00000   98.75000  146.25000   14.17000  987.76000  889.01000   60.94968
  28.00000  154.00000  144.00000  112.00000  220.00000   10.00000  923.00000  658.00000   16.49916
  56.00000  313.30000  262.20000    0.00000  175.50000    8.60000 1046.90000  611.80000   64.90038
  28.00000  255.00000   99.00000   77.00000  189.00000    6.00000  919.00000  749.00000   33.79811
  28.00000  144.00000   15.00000  195.00000  176.00000    6.00000 1021.00000  709.00000   15.34084
  91.00000  286.30000  200.90000    0.00000  144.70000   11.20000 1004.60000  803.70000   76.80073
  28.00000  485.00000    0.00000    0.00000  146.00000    0.00000 1120.00000  800.00000   71.98819
  28.00000  266.00000  114.00000    0.00000  228.00000    0.00000  932.00000  670.00000   45.85429
  56.00000  379.50000  151.20000    0.00000  153.90000   15.90000 1134.30000  605.00000   54.89608
  28.00000  500.00000    0.00000    0.00000  200.00000    0.00000 1125.00000  613.00000   44.09199
  28.00000  151.00000    0.00000  184.00000  167.00000   12.00000  991.00000  772.00000   15.56837
   7.00000  135.70000  203.50000    0.00000  185.70000    0.00000 1076.20000  759.30000    7.50701
  28.00000  322.20000    0.00000  115.60000  196.00000   10.40000  817.90000  813.40000   31.17879
 180.00000  380.00000    0.00000    0.00000  228.00000    0.00000  932.00000  670.00000   53.10413
  28.00000  173.81000   93.37000  159.90000  172.34000    9.73000 1007.20000  746.60000   37.81086
   3.00000  218.85000    0.00000  124.13000  158.49000   11.33000 1078.70000  794.91000   15.34084
   7.00000  424.00000   22.00000  132.00000  168.00000    8.92000  822.00000  750.00000   40.28510
 100.00000  290.35000    0.00000   96.18000  168.08000    9.41000  961.18000  865.00000   48.97348
  28.00000  252.00000    0.00000    0.00000  185.00000    0.00000 1111.00000  784.00000   19.69143
 270.00000  266.00000  114.00000    0.00000  228.00000    0.00000  932.00000  670.00000   51.73276
  90.00000  102.00000  153.00000    0.00000  192.00000    0.00000  887.00000  942.00000   25.46097
  28.00000  165.00000    0.02000  143.57000  163.81000    0.00000 1005.60000  900.90000   26.20009
  56.00000  389.90000  189.00000    0.00000  145.90000   22.00000  944.70000  755.80000   79.40006
  28.00000  339.00000    0.00000    0.00000  185.00000    0.00000 1060.00000  754.00000   31.64695
 100.00000  251.37000    0.00000  118.27000  188.45000    6.35000 1028.40000  757.73000   44.20920
  28.00000  326.50000    0.00000  137.90000  199.00000   10.80000  801.10000  792.50000   38.63065
  90.00000  173.00000  116.00000    0.00000  192.00000    0.00000  946.80000  856.80000   32.10269
  56.00000  165.00000  128.50000  132.10000  175.06000    8.08000 1005.80000  746.60000   53.72397
   7.00000  316.10000  210.70000    0.00000  185.70000    0.00000  977.00000  689.30000   24.43779
  28.00000  246.83000    0.00000  125.08000  143.30000   11.99000 1086.80000  800.89000   52.50360
  28.00000  162.00000  190.00000  148.00000  179.00000   19.00000  838.00000  741.00000   33.75674
  28.00000  135.00000  105.00000  193.00000  196.00000    6.00000  965.00000  643.00000   21.91155
 270.00000  540.00000    0.00000    0.00000  173.00000    0.00000 1125.00000  613.00000   74.16693
  28.00000  446.00000   24.00000   79.00000  162.00000   11.64000  967.00000  712.00000   44.42294
  28.00000  149.50000  236.00000    0.00000  175.80000   12.60000  846.80000  892.70000   32.96385
   7.00000  295.00000    0.00000    0.00000  185.00000    0.00000 1069.00000  769.00000   14.79615
  28.00000  321.40000    0.00000  127.90000  182.50000   11.50000  870.10000  779.70000   37.26549
  28.00000  273.00000  105.00000   82.00000  210.00000    9.00000  904.00000  680.00000   37.16965
   3.00000  251.37000    0.00000  118.27000  192.94000    5.75000 1043.60000  754.30000   11.98309
  28.00000  149.00000  153.00000  194.00000  192.00000    8.00000  935.00000  623.00000   24.57982
  56.00000  359.00000   19.00000  141.00000  154.00000   10.91000  942.00000  801.00000   66.78068
  28.00000  140.00000  133.00000  103.00000  200.00000    7.00000  916.00000  753.00000   36.43881
  90.00000  349.00000    0.00000    0.00000  192.00000    0.00000 1047.00000  806.00000   39.48629
  28.00000  194.68000    0.00000  100.52000  170.17000    7.48000  998.00000  901.80000   37.26618
 100.00000  173.81000   93.37000  159.90000  172.34000    9.73000 1007.20000  746.60000   50.93849
   3.00000  153.00000  102.00000    0.00000  192.00000    0.00000  888.00000  943.10000    4.78221
  28.00000  166.00000  259.70000    0.00000  183.20000   12.70000  858.80000  826.80000   37.91704
 180.00000  332.50000  142.50000    0.00000  228.00000    0.00000  932.00000  594.00000   39.77932
  28.00000  146.00000  230.00000    0.00000  202.00000    3.00000  827.00000  872.00000   33.06037
  28.00000  309.90000  142.80000  111.20000  167.80000   22.10000  913.90000  651.20000   38.21559
 365.00000  332.50000  142.50000    0.00000  228.00000    0.00000  932.00000  594.00000   41.05278
  28.00000  145.90000  230.50000    0.00000  202.50000    3.40000  827.00000  871.80000   32.72046
   7.00000  255.00000    0.00000    0.00000  192.00000    0.00000  889.80000  945.00000   10.22217
 180.00000  190.00000  190.00000    0.00000  228.00000    0.00000  932.00000  670.00000   46.93194
  90.00000  304.00000   76.00000    0.00000  228.00000    0.00000  932.00000  670.00000   49.18515
 100.00000  190.68000    0.00000  125.40000  162.14000    7.77000 1090.00000  804.01000   40.56877
  28.00000  382.00000    0.00000    0.00000  185.00000    0.00000 1047.00000  739.00000   37.42476
  14.00000  250.00000    0.00000   95.69000  187.42000    5.53000  956.86000  861.17000   24.91766
  28.00000  212.07000    0.00000  121.62000  180.31000    5.69000 1057.60000  779.32000   24.90387
  28.00000  182.04000   45.21000  121.97000  170.21000    8.19000 1059.40000  780.65000   31.26774
  28.00000  190.00000  190.00000    0.00000  228.00000    0.00000  932.00000  670.00000   40.85697
  56.00000  362.60000  189.00000    0.00000  164.90000   11.60000  944.70000  755.80000   77.29715
  28.00000  322.00000    0.00000  116.00000  196.00000   10.00000  818.00000  813.00000   31.17810
 100.00000  218.23000   54.64000  123.78000  140.75000   11.91000 1075.70000  792.67000   63.52832
  28.00000  159.10000  186.70000    0.00000  175.60000   11.30000  989.60000  788.90000   32.76804
  28.00000  475.00000    0.00000    0.00000  162.00000    9.50000 1044.00000  662.00000   58.52272
  28.00000  313.80000    0.00000  112.60000  169.90000   10.10000  925.30000  782.90000   38.46104
  56.00000  250.00000    0.00000   95.69000  187.42000    5.53000  956.86000  861.17000   38.32797
  56.00000  387.00000   20.00000   94.00000  157.00000   13.93000  938.00000  845.00000   47.96685
  28.00000  145.00000  116.00000  119.00000  184.00000    5.70000  833.00000  880.00000   29.15794
  28.00000  153.00000  239.00000    0.00000  200.00000    6.00000 1002.00000  684.00000   26.85509
  28.00000  321.30000  164.20000    0.00000  190.50000    4.60000  870.00000  774.00000   57.21823
   3.00000  425.00000  106.30000    0.00000  153.50000   16.50000  852.10000  887.10000   33.39822
  28.00000  249.10000    0.00000   98.75000  158.11000   12.80000  987.76000  889.01000   30.84716
  28.00000  160.00000  250.00000    0.00000  168.00000   12.00000 1049.00000  688.00000   39.45182
  14.00000  218.23000   54.64000  123.78000  140.75000   11.91000 1075.70000  792.67000   35.95617
   7.00000  439.00000  177.00000    0.00000  186.00000   11.10000  884.90000  707.90000   56.09577
  28.00000  520.00000    0.00000    0.00000  175.00000    5.20000  870.00000  805.00000   51.02122
   3.00000  531.30000    0.00000    0.00000  141.80000   28.20000  852.10000  893.70000   41.29961
 100.00000  249.10000    0.00000   98.75000  158.11000   12.80000  987.76000  889.01000   51.05570
  28.00000  284.00000  120.00000    0.00000  168.00000    7.00000  970.00000  794.00000   40.93419
   7.00000  102.00000  153.00000    0.00000  192.00000    0.00000  887.00000  942.00000    7.67594
   3.00000  141.30000  212.00000    0.00000  203.50000    0.00000  971.80000  748.50000    4.82771
  28.00000  154.80000    0.00000  142.80000  193.30000    9.10000  877.20000  867.70000    9.73816
  56.00000  214.90000   53.80000  121.89000  155.63000    9.61000 1014.30000  780.58000   53.95839
   7.00000  491.00000   26.00000  123.00000  201.00000    3.93000  822.00000  699.00000   37.92118
   3.00000  212.57000    0.00000  100.39000  159.35000   10.37000 1003.80000  903.79000   13.33447
  28.00000  316.10000  210.70000    0.00000  185.70000    0.00000  977.00000  689.30000   38.70029
