  28.00000  475.00000    0.00000    0.00000  228.00000    0.00000  932.00000  594.00000   39.28979
  90.00000  350.00000    0.00000    0.00000  203.00000    0.00000  974.00000  775.00000   31.35047
  28.00000  255.30000   98.80000   77.00000  188.60000    6.50000  919.00000  749.30000   33.79880
   3.00000  250.20000  166.80000    0.00000  203.50000    0.00000  977.60000  694.10000    9.73126
  28.00000  210.70000  316.10000    0.00000  185.70000    0.00000  977.00000  689.30000   37.81362
  28.00000  439.00000  177.00000    0.00000  186.00000   11.10000  884.90000  707.90000   65.99664
   3.00000  333.00000    0.00000    0.00000  192.00000    0.00000  931.20000  842.60000   15.61594
  14.00000  165.00000    0.02000  143.57000  163.81000    0.00000 1005.60000  900.90000   16.87837
   3.00000  157.00000  236.00000    0.00000  192.00000    0.00000  935.40000  781.20000    9.69472
  28.00000  359.00000   19.00000  141.00000  154.00000   10.91000  942.00000  801.00000   59.49488
  28.00000  252.00000   97.00000   76.00000  194.00000    8.00000  835.00000  821.00000   33.39822
 270.00000  540.00000    0.00000    0.00000  173.00000    0.00000 1125.00000  613.00000   74.16693
  28.00000  251.37000    0.00000  118.27000  188.45000    5.75000 1028.40000  757.73000   29.65436
  14.00000  236.00000    0.00000    0.00000  194.00000    0.00000  968.00000  885.00000   12.83804
  28.00000  366.00000  187.00000    0.00000  191.30000    6.60000  824.30000  756.90000   65.90908
   7.00000  225.00000    0.00000    0.00000  181.00000    0.00000 1113.00000  833.00000   11.16951
   7.00000  252.00000    0.00000    0.00000  186.00000    0.00000 1111.00000  784.00000   11.46599
  56.00000  362.60000  189.00000    0.00000  164.90000   11.60000  944.70000  755.80000   77.29715
  28.00000  265.00000  111.00000   86.00000  195.00000    6.00000  833.00000  790.00000   41.54093
   3.00000  425.00000  106.30000    0.00000  153.50000   16.50000  852.10000  887.10000   33.39822
  28.00000  318.00000    0.00000  126.00000  210.00000    6.00000  861.00000  737.00000   40.05856
 100.00000  167.00000   75.40000  167.00000  164.03000    7.91000 1007.30000  770.10000   56.81282
   7.00000  424.00000   22.00000  132.00000  178.00000    8.48000  822.00000  750.00000   39.00464
  14.00000  190.34000    0.00000  125.18000  161.85000    9.88000 1088.10000  802.59000   22.71823
   7.00000  297.00000    0.00000    0.00000  186.00000    0.00000 1040.00000  734.00000   30.95747
  56.00000  166.09000    0.00000  163.27000  176.46000    4.49000 1058.60000  780.09000   28.62704
  28.00000  251.81000    0.00000   99.94000  146.14000   12.35000 1006.00000  899.76000   33.94290
  28.00000  250.00000    0.00000   95.69000  187.42000    5.53000  956.86000  861.17000   29.21999
  28.00000  145.00000    0.00000  134.00000  181.00000   11.00000  979.00000  812.00000   13.19657
  56.00000  252.31000    0.00000   98.75000  146.25000   14.17000  987.76000  889.01000   55.82687
  28.00000  260.90000  100.50000   78.30000  200.60000    8.60000  864.50000  761.50000   32.40124
 100.00000  238.05000    0.00000   94.11000  186.66000    7.00000  949.91000  847.01000   44.29883
 360.00000  331.00000    0.00000    0.00000  192.00000    0.00000  978.00000  825.00000   41.24445
  28.00000  321.00000    0.00000  128.00000  182.00000   11.00000  870.00000  780.00000   37.25928
  28.00000  246.83000    0.00000  125.08000  143.30000   11.99000 1086.80000  800.89000   52.50360
  28.00000  162.00000  190.10000  148.10000  178.80000   18.80000  838.10000  741.40000   33.76226
  28.00000  234.00000  156.00000    0.00000  189.00000    5.85000  981.00000  760.00000   39.30013
 100.00000  249.10000    0.00000   98.75000  158.11000   12.80000  987.76000  889.01000   51.05570
  28.00000  162.00000  214.00000  164.00000  202.00000   10.00000  820.00000  680.00000   30.64721
   7.00000  239.60000  359.40000    0.00000  185.70000    0.00000  941.60000  664.30000   25.42236
  28.00000  315.00000  137.00000    0.00000  145.00000    5.90000 1130.00000  745.00000   81.75117
  90.00000  116.00000  173.00000    0.00000  192.00000    0.00000  909.80000  891.90000   31.02366
  28.00000  173.54000   50.05000  173.53000  164.77000    6.47000 1006.20000  793.50000   38.20387
  28.00000  318.80000  212.50000    0.00000  155.70000   14.30000  852.10000  880.40000   55.49592
   3.00000  480.00000    0.00000    0.00000  192.00000    0.00000  936.00000  721.00000   24.39366
   7.00000  220.80000  147.20000    0.00000  185.70000    0.00000 1055.00000  744.30000   13.08901
  28.00000  203.50000  305.30000    0.00000  203.50000    0.00000  963.40000  630.00000   41.68434
  14.00000  277.19000   97.82000   24.46000  160.70000   11.19000 1061.70000  782.46000   47.71174
  28.00000  252.00000    0.00000    0.00000  185.00000    0.00000 1111.00000  784.00000   19.69143
  28.00000  316.10000  210.70000    0.00000  185.70000    0.00000  977.00000  689.30000   38.70029
  28.00000  480.00000    0.00000    0.00000  192.00000    0.00000  936.20000  712.20000   43.94237
  28.00000  212.52000    0.00000  100.37000  159.32000    8.71000 1007.80000  903.59000   31.64005
   3.00000  236.00000  157.00000    0.00000  192.00000    0.00000  972.60000  749.10000   13.56544
  91.00000  313.30000  262.20000    0.00000  175.50000    8.60000 1046.90000  611.80000   66.59649
   7.00000  382.00000    0.00000    0.00000  186.00000    0.00000 1111.00000  784.00000   11.46599
 365.00000  304.00000   76.00000    0.00000  228.00000    0.00000  932.00000  670.00000   55.26012
  90.00000  427.50000   47.50000    0.00000  228.00000    0.00000  932.00000  594.00000   41.54300
  28.00000  154.80000  183.40000    0.00000  193.30000    9.10000  877.20000  867.70000   23.78692
  56.00000  213.50000    0.00000  174.24000  154.61000   11.66000 1052.30000  775.48000   51.43491
  91.00000  362.60000  189.00000    0.00000  164.90000   11.60000  944.70000  755.80000   79.29663
 365.00000  380.00000   95.00000    0.00000  228.00000    0.00000  932.00000  594.00000   43.69830
  56.00000  213.72000   98.05000   24.51000  181.71000    6.86000 1065.80000  785.38000   50.77301
  56.00000  218.23000   54.64000  123.78000  140.75000   11.91000 1075.70000  792.67000   61.99079
 360.00000  277.00000    0.00000    0.00000  191.00000    0.00000  968.00000  856.00000   33.70159
  28.00000  500.00000    0.00000    0.00000  140.00000    4.00000  966.00000  853.00000   67.56865
  28.00000  133.00000  200.00000    0.00000  192.00000    0.00000  927.40000  839.20000   27.87483
  28.00000  285.00000  190.00000    0.00000  163.00000    7.60000 1031.00000  685.00000   53.57918
  28.00000  380.00000   95.00000    0.00000  228.00000    0.00000  932.00000  594.00000   36.44777
 100.00000  252.31000    0.00000   98.75000  146.25000   14.17000  987.76000  889.01000   60.94968
   7.00000  325.00000    0.00000    0.00000  184.00000    0.00000 1063.00000  783.00000   17.54027
  28.00000  153.00000  145.00000  113.00000  178.00000    8.00000  867.00000  824.00000   26.22767
  28.00000  139.90000  132.60000  103.30000  200.30000    7.40000  916.00000  753.40000   36.44363
  28.00000  275.00000    0.00000    0.00000  183.00000    0.00000 1088.00000  808.00000   24.49708
 270.00000  342.00000   38.00000    0.00000  228.00000    0.00000  932.00000  670.00000   55.06431
  28.00000  289.00000    0.00000    0.00000  192.00000    0.00000  913.20000  895.30000   25.57335
   7.00000  389.90000  189.00000    0.00000  145.90000   22.00000  944.70000  755.80000   59.09499
   3.00000  251.81000    0.00000   99.94000  146.14000   12.35000 1006.00000  899.76000   21.02212
  14.00000  181.38000    0.00000  167.01000  169.59000    7.56000 1055.60000  777.80000   21.60128
   7.00000  186.20000  124.10000    0.00000  185.70000    0.00000 1083.40000  764.30000    7.99585
  28.00000  355.00000   19.00000   97.00000  145.00000   13.13000  967.00000  871.00000   44.02994
  14.00000  385.00000    0.00000    0.00000  186.00000    0.00000  966.00000  763.00000   27.92378
  14.00000  500.00000    0.00000    0.00000  200.00000    0.00000 1125.00000  613.00000   36.93523
  14.00000  297.16000    0.00000  117.54000  174.80000    9.52000 1022.80000  753.45000   36.99039
  28.00000  255.00000    0.00000    0.00000  192.00000    0.00000  889.80000  945.00000   18.74616
   3.00000  387.00000   20.00000   94.00000  157.00000   11.61000  938.00000  845.00000   34.77027
   3.00000  190.68000    0.00000  125.40000  162.14000    7.77000 1090.00000  804.01000   15.04437
  28.00000  393.00000    0.00000    0.00000  192.00000    0.00000  940.00000  758.00000   39.58282
  28.00000  160.00000  128.00000  122.00000  182.00000    6.40000  824.00000  879.00000   39.39666
  28.00000  152.00000  178.00000  139.00000  168.00000   18.00000  944.00000  695.00000   36.34917
  56.00000  491.00000   26.00000  123.00000  210.00000    3.93000  882.00000  699.00000   59.59043
 365.00000  380.00000    0.00000    0.00000  228.00000    0.00000  932.00000  670.00000   52.51670
 180.00000  525.00000    0.00000    0.00000  189.00000    0.00000 1125.00000  613.00000   61.92184
  56.00000  167.00000   75.40000  167.00000  164.03000    7.91000 1007.30000  770.10000   53.46197
   7.00000  316.10000  210.70000    0.00000  185.70000    0.00000  977.00000  689.30000   24.43779
   7.00000  349.00000    0.00000    0.00000  192.00000    0.00000 1047.00000  806.00000   18.12632
  90.00000  480.00000    0.00000    0.00000  192.00000    0.00000  936.20000  712.20000   54.31554
  56.00000  222.36000    0.00000   96.67000  189.29000    4.46000  967.08000  870.32000   29.44752
  28.00000  450.10000   50.00000    0.00000  200.00000    3.00000 1124.40000  613.20000   39.37597
   3.00000  213.50000    0.00000  174.24000  159.21000   11.66000 1043.60000  771.90000   15.60974
 270.00000  475.00000    0.00000    0.00000  228.00000    0.00000  932.00000  594.00000   42.13112
  28.00000  200.00000    0.00000    0.00000  180.00000    0.00000 1125.00000  845.00000   12.24509
  28.00000  385.00000    0.00000    0.00000  186.00000    0.00000  966.00000  763.00000   31.35047
 270.00000  427.50000   47.50000    0.00000  228.00000    0.00000  932.00000  594.00000   43.01296
   3.00000  166.80000  250.20000    0.00000  203.50000    0.00000  975.60000  692.60000    6.90234
   7.00000  382.50000    0.00000    0.00000  185.70000    0.00000 1047.80000  739.30000   24.06547
  28.00000  155.60000  243.50000    0.00000  180.30000   10.70000 1022.00000  697.70000   37.36339
  28.00000  213.50000    0.00000  174.24000  159.21000   11.66000 1043.60000  771.90000   44.63668
  28.00000  167.00000   75.40000  167.00000  164.03000    7.91000 1007.30000  770.10000   41.40993
  28.00000  313.00000  161.00000    0.00000  178.00000   10.00000  917.00000  759.00000   52.44154
  28.00000  333.00000    0.00000    0.00000  192.00000    0.00000  931.20000  842.60000   31.96687
  28.00000  326.00000    0.00000  138.00000  199.00000   11.00000  801.00000  792.00000   40.67908
  56.00000  173.81000   93.37000  159.90000  172.34000    9.73000 1007.20000  746.60000   48.98727
   7.00000  305.30000  203.50000    0.00000  203.50000    0.00000  965.40000  631.00000   25.89396
  28.00000  198.60000  132.40000    0.00000  192.00000    0.00000  978.40000  825.50000   28.02168
  28.00000  296.00000    0.00000    0.00000  192.00000    0.00000 1085.00000  765.00000   21.64955
   7.00000  200.00000  133.00000    0.00000  192.00000    0.00000  965.40000  806.20000   17.16588
 270.00000  304.00000   76.00000    0.00000  228.00000    0.00000  932.00000  670.00000   54.37828
  28.00000  337.90000  189.00000    0.00000  174.90000    9.50000  944.70000  755.80000   49.89738
   7.00000  387.00000   20.00000   94.00000  157.00000   11.61000  938.00000  845.00000   41.66503
  28.00000  250.00000  180.00000   95.00000  159.00000    9.45000  860.00000  800.00000   67.86512
 100.00000  229.97000    0.00000  118.31000  195.47000    4.63000 1029.40000  758.59000   35.34254
  28.00000  540.00000    0.00000    0.00000  162.00000    2.50000 1040.00000  676.00000   79.98611
 100.00000  190.68000    0.00000  125.40000  162.14000    7.77000 1090.00000  804.01000   40.56877
   3.00000  277.19000   97.82000   24.46000  160.70000   11.19000 1061.70000  782.46000   30.44726
  91.00000  401.80000   94.70000    0.00000  147.40000   11.40000  946.80000  852.10000   75.49762
   7.00000  382.00000    0.00000    0.00000  186.00000    0.00000 1047.00000  739.00000   24.00066
   3.00000  425.00000  106.30000    0.00000  151.40000   18.60000  936.00000  803.70000   36.30091
   7.00000  192.00000  288.00000    0.00000  192.00000    0.00000  929.80000  716.10000   21.48062
  28.00000  397.00000   17.20000  158.00000  167.00000   20.80000  967.00000  633.00000   55.64761
   3.00000  288.00000  192.00000    0.00000  192.00000    0.00000  932.00000  717.80000   16.10961
  28.00000  314.00000  145.30000  113.20000  178.90000    8.00000  869.10000  690.20000   46.23419
 100.00000  231.75000    0.00000  121.62000  173.96000    6.72000 1056.40000  778.45000   45.83636
  14.00000  212.07000    0.00000  121.62000  180.31000    5.69000 1057.60000  779.32000   20.91870
   7.00000  380.00000   95.00000    0.00000  228.00000    0.00000  932.00000  594.00000   32.82319
  28.00000  355.00000   19.00000   97.00000  145.00000   12.25000  967.00000  871.00000   55.45455
 180.00000  254.00000    0.00000    0.00000  198.00000    0.00000  968.00000  863.00000   27.62730
  28.00000  184.00000   86.00000  190.00000  213.00000    6.00000  923.00000  623.00000   22.93197
  28.00000  425.00000  106.30000    0.00000  151.40000   18.60000  936.00000  803.70000   61.79773
  28.00000  379.50000  151.20000    0.00000  153.90000   15.90000 1134.30000  605.00000   52.20023
   7.00000  238.10000    0.00000    0.00000  185.70000    0.00000 1118.80000  789.30000   10.33593
  28.00000  154.00000  144.00000  112.00000  220.00000   10.00000  923.00000  658.00000   16.49916
  28.00000  288.00000  192.00000    0.00000  192.00000    0.00000  932.00000  717.80000   38.80440
  28.00000  313.30000  145.00000    0.00000  178.50000    8.00000 1001.90000  688.70000   41.05347
   3.00000  491.00000   26.00000  123.00000  210.00000    3.93000  882.00000  699.00000   25.60911
   7.00000  275.00000    0.00000    0.00000  183.00000    0.00000 1088.00000  808.00000   14.20321
 120.00000  349.00000    0.00000    0.00000  192.00000    0.00000 1056.00000  809.00000   40.85835
   7.00000  480.00000    0.00000    0.00000  192.00000    0.00000  936.20000  712.20000   34.56964
   7.00000  446.00000   24.00000   79.00000  162.00000   11.64000  967.00000  712.00000   38.01771
  28.00000  290.35000    0.00000   96.18000  168.08000    9.41000  961.18000  865.00000   34.73580
 360.00000  310.00000    0.00000    0.00000  192.00000    0.00000  970.00000  850.00000   38.11423
  28.00000  252.31000    0.00000   98.75000  146.25000   14.17000  987.76000  889.01000   50.60064
  28.00000  252.50000    0.00000    0.00000  185.70000    0.00000 1111.60000  784.30000   19.76521
 270.00000  190.00000  190.00000    0.00000  228.00000    0.00000  932.00000  670.00000   50.65511
  28.00000  393.00000    0.00000    0.00000  192.00000    0.00000  940.60000  785.60000   39.60488
  28.00000  485.00000    0.00000    0.00000  146.00000    0.00000 1120.00000  800.00000   71.98819
   3.00000  190.34000    0.00000  125.18000  161.85000    9.88000 1088.10000  802.59000    9.44582
  28.00000  388.60000   97.10000    0.00000  157.90000   12.10000  852.10000  925.70000   50.69717
  28.00000  134.70000    0.00000  165.70000  180.20000   10.00000  961.00000  804.90000   13.29379
  28.00000  362.60000  189.00000    0.00000  164.90000   11.60000  944.70000  755.80000   71.29871
  28.00000  276.00000  116.00000   90.00000  180.00000    9.00000  870.00000  768.00000   44.27815
  28.00000  427.50000   47.50000    0.00000  228.00000    0.00000  932.00000  594.00000   37.42752
  28.00000  289.00000  134.00000    0.00000  195.00000    6.00000  924.00000  760.00000   46.24316
  90.00000  139.60000  209.40000    0.00000  192.00000    0.00000 1047.00000  806.90000   39.35805
  28.00000  190.00000  190.00000    0.00000  228.00000    0.00000  932.00000  670.00000   40.85697
   7.00000  281.00000    0.00000    0.00000  186.00000    0.00000 1104.00000  774.00000   14.49968
  28.00000  136.40000  161.60000  125.80000  171.60000   10.40000  922.60000  764.40000   29.07313
  56.00000  318.80000  212.50000    0.00000  155.70000   14.30000  852.10000  880.40000   66.10006
  28.00000  334.00000   17.60000  158.00000  189.00000   15.30000  967.00000  633.00000   44.32641
  28.00000  374.00000  189.20000    0.00000  170.10000   10.10000  926.10000  756.70000   61.09447
  28.00000  255.00000   99.00000   77.00000  189.00000    6.00000  919.00000  749.00000   33.79811
  28.00000  237.50000  237.50000    0.00000  228.00000    0.00000  932.00000  594.00000   30.07977
  28.00000  475.00000    0.00000    0.00000  162.00000    9.50000 1044.00000  662.00000   58.52272
   3.00000  198.60000  132.40000    0.00000  192.00000    0.00000  978.40000  825.50000    9.13142
  28.00000  155.00000  183.00000    0.00000  193.00000    9.00000  877.00000  868.00000   23.78692
  28.00000  500.00000    0.00000    0.00000  200.00000    0.00000 1125.00000  613.00000   44.09199
  56.00000  491.00000   26.00000  123.00000  201.00000    3.93000  822.00000  699.00000   61.85585
   7.00000  469.00000  117.20000    0.00000  137.80000   32.20000  852.10000  840.50000   54.89608
  56.00000  214.90000   53.80000  121.89000  155.63000    9.61000 1014.30000  780.58000   53.95839
 180.00000  139.60000  209.40000    0.00000  192.00000    0.00000 1047.00000  806.90000   44.20782
  28.00000  491.00000   26.00000  123.00000  201.00000    3.93000  822.00000  699.00000   57.91598
   3.00000  167.95000   42.08000  163.83000  121.75000    5.72000 1058.70000  780.11000    7.74971
   7.00000  540.00000    0.00000    0.00000  173.00000    0.00000 1125.00000  613.00000   52.61391
  28.00000  173.00000  116.00000    0.00000  192.00000    0.00000  946.80000  856.80000   24.28197
  14.00000  212.57000    0.00000  100.39000  159.35000   10.37000 1003.80000  903.79000   25.37272
   3.00000  190.34000    0.00000  125.18000  166.61000    9.88000 1079.00000  798.90000   12.54846
 180.00000  266.00000  114.00000    0.00000  228.00000    0.00000  932.00000  670.00000   48.69562
  90.00000  236.00000  157.00000    0.00000  192.00000    0.00000  972.60000  749.10000   47.78207
 100.00000  251.37000    0.00000  118.27000  188.45000    6.35000 1028.40000  757.73000   44.20920
  14.00000  246.83000    0.00000  125.08000  143.30000   11.99000 1086.80000  800.89000   42.21662
   7.00000  397.00000    0.00000    0.00000  185.70000    0.00000 1040.60000  734.30000   25.44787
   3.00000  286.30000  200.90000    0.00000  144.70000   11.20000 1004.60000  803.70000   24.40056
  28.00000  381.40000    0.00000    0.00000  185.70000    0.00000 1104.60000  784.30000   22.48933
 100.00000  214.90000   53.80000  121.89000  155.63000    9.61000 1014.30000  780.58000   56.63356
 100.00000  213.50000    0.00000  174.24000  159.21000   11.66000 1043.60000  771.90000   52.95865
  28.00000  153.00000  239.00000    0.00000  200.00000    6.00000 1002.00000  684.00000   26.85509
  28.00000  389.90000  189.00000    0.00000  145.90000   22.00000  944.70000  755.80000   74.49788
  28.00000  190.34000    0.00000  125.18000  161.85000    9.88000 1088.10000  802.59000   28.46846
   7.00000  181.90000  272.80000    0.00000  185.70000    0.00000 1012.40000  714.30000   12.37265
   3.00000  469.00000  117.20000    0.00000  137.80000   32.20000  852.10000  840.50000   40.19645
   7.00000  427.50000   47.50000    0.00000  228.00000    0.00000  932.00000  594.00000   35.07640
  28.00000  325.60000  166.40000    0.00000  174.00000    8.90000  881.60000  790.00000   61.23581
  28.00000  272.60000    0.00000   89.60000  198.70000   10.60000  931.30000  762.20000   32.24541
   7.00000  295.80000    0.00000    0.00000  185.70000    0.00000 1091.40000  769.30000   14.84373
 100.00000  212.00000    0.00000  124.78000  159.00000    7.84000 1085.40000  799.54000   47.81516
 100.00000  181.38000    0.00000  167.01000  169.59000    7.56000 1055.60000  777.80000   45.36752
  28.00000  296.00000    0.00000    0.00000  186.00000    0.00000 1090.00000  769.00000   25.17966
   3.00000  139.60000  209.40000    0.00000  192.00000    0.00000 1047.00000  806.90000    8.06342
   7.00000  313.30000  262.20000    0.00000  175.50000    8.60000 1046.90000  611.80000   42.79578
   3.00000  362.60000  189.00000    0.00000  164.90000   11.60000  944.70000  755.80000   35.30117
  28.00000  142.00000  167.00000  130.00000  174.00000   11.00000  883.00000  785.00000   44.60910
 100.00000  166.09000    0.00000  163.27000  176.46000    4.49000 1058.60000  780.09000   33.54301
  28.00000  279.80000  128.90000  100.40000  172.40000    9.50000  825.10000  804.90000   52.82696
 180.00000  236.00000    0.00000    0.00000  193.00000    0.00000  968.00000  885.00000   24.10408
  28.00000  300.00000    0.00000    0.00000  184.00000    0.00000 1075.00000  795.00000   26.84820
  28.00000  116.00000  173.00000    0.00000  192.00000    0.00000  909.80000  891.90000   22.34799
   7.00000  475.00000    0.00000    0.00000  228.00000    0.00000  932.00000  594.00000   38.60376
  28.00000  255.50000  170.30000    0.00000  185.70000    0.00000 1026.60000  724.30000   32.05167
   7.00000  295.00000    0.00000    0.00000  185.00000    0.00000 1069.00000  769.00000   14.79615
  28.00000  520.00000    0.00000    0.00000  170.00000    5.20000  855.00000  855.00000   60.28089
   3.00000  251.37000    0.00000  118.27000  192.94000    5.75000 1043.60000  754.30000   11.98309
  28.00000  525.00000    0.00000    0.00000  189.00000    0.00000 1125.00000  613.00000   55.94408
  28.00000  313.80000    0.00000  112.60000  169.90000   10.10000  925.30000  782.90000   38.46104
  28.00000  305.00000    0.00000  100.00000  196.00000   10.00000  959.00000  705.00000   30.12321
  14.00000  194.68000    0.00000  100.52000  165.62000    7.48000 1006.40000  905.90000   24.98661
   3.00000  446.00000   24.00000   79.00000  162.00000   11.64000  967.00000  712.00000   23.34566
   3.00000  254.00000    0.00000    0.00000  198.00000    0.00000  968.00000  863.00000    9.30793
   3.00000  331.00000    0.00000    0.00000  192.00000    0.00000  879.00000  825.00000   13.52062
  56.00000  446.00000   24.00000   79.00000  162.00000   10.30000  967.00000  712.00000   54.76508
 100.00000  194.68000    0.00000  100.52000  170.17000    7.48000  998.00000  901.80000   44.27815
  28.00000  321.40000    0.00000  127.90000  182.50000   11.50000  870.10000  779.70000   37.26549
   7.00000  333.00000    0.00000    0.00000  192.00000    0.00000  931.20000  842.60000   23.40495
  90.00000  339.00000    0.00000    0.00000  197.00000    0.00000  968.00000  781.00000   35.17017
   7.00000  388.60000   97.10000    0.00000  157.90000   12.10000  852.10000  925.70000   34.90128
  28.00000  181.90000  272.80000    0.00000  185.70000    0.00000 1012.40000  714.30000   27.93550
  28.00000  153.00000  145.00000    0.00000  178.00000    8.00000 1000.00000  822.00000   19.00885
   7.00000  286.30000  200.90000    0.00000  144.70000   11.20000 1004.60000  803.70000   37.99702
  28.00000  425.00000  106.30000    0.00000  153.50000   16.50000  852.10000  887.10000   60.29468
 365.00000  342.00000   38.00000    0.00000  228.00000    0.00000  932.00000  670.00000   56.14196
  91.00000  374.00000  189.20000    0.00000  170.10000   10.10000  926.10000  756.70000   64.90038
   7.00000  350.00000    0.00000    0.00000  203.00000    0.00000  974.00000  775.00000   18.12632
   3.00000  194.68000    0.00000  100.52000  170.17000    7.48000  998.00000  901.80000   12.17615
   7.00000  375.00000   93.80000    0.00000  126.60000   23.40000  852.10000  992.60000   45.69847
 100.00000  229.68000    0.00000  118.16000  195.23000    6.13000 1028.10000  757.63000   40.85835
   3.00000  173.00000  116.00000    0.00000  192.00000    0.00000  946.80000  856.80000    6.94095
  14.00000  238.05000    0.00000   94.11000  186.66000    7.00000  949.91000  847.01000   25.68988
   7.00000  331.00000    0.00000    0.00000  192.00000    0.00000 1025.00000  821.00000   17.43685
   3.00000  375.00000   93.80000    0.00000  126.60000   23.40000  852.10000  992.60000   28.99936
   3.00000  122.60000  183.90000    0.00000  203.50000    0.00000  958.20000  800.10000    3.31983
  28.00000  159.80000  250.00000    0.00000  168.40000   12.20000 1049.30000  688.20000   39.45595
  14.00000  275.07000    0.00000  121.35000  159.48000    9.90000 1053.60000  777.50000   38.76924
  56.00000  387.00000   20.00000   94.00000  157.00000   14.32000  938.00000  845.00000   56.33708
  90.00000  500.00000    0.00000    0.00000  200.00000    0.00000 1125.00000  613.00000   47.22221
  28.00000  405.00000    0.00000    0.00000  175.00000    0.00000 1120.00000  695.00000   52.30365
  90.00000  310.00000    0.00000    0.00000  192.00000    0.00000  970.00000  850.00000   34.68064
   3.00000  200.00000  133.00000    0.00000  192.00000    0.00000  965.40000  806.20000   11.41428
   3.00000  213.50000    0.00000  174.24000  154.61000   11.66000 1052.30000  775.48000   17.36790
  28.00000  170.30000  155.50000    0.00000  185.70000    0.00000 1026.60000  724.30000   25.72642
  91.00000  425.00000  106.30000    0.00000  151.40000   18.60000  936.00000  803.70000   66.69991
   7.00000  203.50000  135.70000    0.00000  185.70000    0.00000 1076.20000  759.30000   11.95758
  56.00000  238.05000    0.00000   94.11000  186.66000    7.00000  949.91000  847.01000   39.58971
   3.00000  540.00000    0.00000    0.00000  173.00000    0.00000 1125.00000  613.00000   41.63746
  28.00000  213.76000   98.06000   24.52000  181.74000    6.65000 1066.00000  785.52000   40.23092
   7.00000  212.00000  141.30000    0.00000  203.50000    0.00000  973.40000  750.00000   15.03058
   1.00000  385.00000    0.00000    0.00000  186.00000    0.00000  966.00000  763.00000    6.26734
  28.00000  135.00000  105.00000  193.00000  196.00000    6.00000  965.00000  643.00000   21.91155
  28.00000  153.60000  144.20000  112.30000  220.10000   10.10000  923.20000  657.90000   16.50399
   7.00000  153.00000  102.00000    0.00000  192.00000    0.00000  888.00000  943.10000    8.37438
  28.00000  397.00000    0.00000    0.00000  186.00000    0.00000 1040.00000  734.00000   36.93523
 180.00000  350.00000    0.00000    0.00000  203.00000    0.00000  974.00000  775.00000   32.72253
  14.00000  251.37000    0.00000  118.27000  188.45000    5.75000 1028.40000  757.73000   29.93015
   3.00000  141.30000  212.00000    0.00000  203.50000    0.00000  971.80000  748.50000    4.82771
  28.00000  250.20000  166.80000    0.00000  203.50000    0.00000  977.60000  694.10000   36.96419
  14.00000  214.90000   53.80000  121.89000  155.63000    9.61000 1014.30000  780.58000   38.60376
  28.00000  153.00000  145.00000  113.00000  178.00000    8.00000 1002.00000  689.00000   25.55888
   7.00000  238.00000    0.00000    0.00000  186.00000    0.00000 1119.00000  789.00000   12.05204
  28.00000  272.80000  105.10000   81.80000  209.70000    9.00000  904.00000  679.70000   37.17103
   7.00000  439.00000  177.00000    0.00000  186.00000   11.10000  884.90000  707.90000   56.09577
  28.00000  102.00000  153.00000    0.00000  192.00000    0.00000  887.00000  942.00000   17.27551
   7.00000  531.30000    0.00000    0.00000  141.80000   28.20000  852.10000  893.70000   46.89816
 365.00000  236.00000    0.00000    0.00000  193.00000    0.00000  968.00000  885.00000   25.08314
  90.00000  212.00000  141.30000    0.00000  203.50000    0.00000  973.40000  750.00000   39.70003
   3.00000  290.35000    0.00000   96.18000  168.08000    9.41000  961.18000  865.00000   22.50450
  56.00000  401.80000   94.70000    0.00000  147.40000   11.40000  946.80000  852.10000   73.69809
 100.00000  290.35000    0.00000   96.18000  168.08000    9.41000  961.18000  865.00000   48.97348
  28.00000  148.00000    0.00000  182.00000  181.00000   15.00000  839.00000  884.00000   15.52010
  28.00000  382.00000    0.00000    0.00000  185.00000    0.00000 1047.00000  739.00000   37.42476
   7.00000  116.00000  173.00000    0.00000  192.00000    0.00000  909.80000  891.90000   10.08979
   7.00000  393.00000    0.00000    0.00000  192.00000    0.00000  940.60000  785.60000   27.74245
   3.00000  202.00000   11.00000  141.00000  206.00000    1.72000  942.00000  801.00000    9.84966
  28.00000  252.10000   97.10000   75.60000  193.80000    8.30000  835.50000  821.40000   33.39960
  28.00000  154.80000    0.00000  142.80000  193.30000    9.10000 1047.40000  696.70000   12.45952
 365.00000  427.50000   47.50000    0.00000  228.00000    0.00000  932.00000  594.00000   43.69830
  28.00000  505.00000    0.00000   60.00000  195.00000    0.00000 1030.00000  630.00000   64.01785
  28.00000  122.60000  183.90000    0.00000  203.50000    0.00000  958.20000  800.10000   24.29093
  14.00000  167.95000   42.08000  163.83000  121.75000    5.72000 1058.70000  780.11000   17.82295
  28.00000  277.00000  117.00000   91.00000  191.00000    7.00000  946.00000  666.00000   43.57488
 100.00000  251.37000    0.00000  118.27000  192.94000    5.75000 1043.60000  754.30000   40.14819
  28.00000  261.90000  110.50000   86.10000  195.40000    5.00000  895.20000  732.60000   33.71882
 360.00000  139.60000  209.40000    0.00000  192.00000    0.00000 1047.00000  806.90000   44.69804
  56.00000  212.00000    0.00000  124.78000  159.00000    7.84000 1085.40000  799.54000   45.08484
  14.00000  251.81000    0.00000   99.94000  146.14000   12.35000 1006.00000  899.76000   33.35685
   7.00000  170.30000  155.50000    0.00000  185.70000    0.00000 1026.60000  724.30000   10.73031
  28.00000  310.00000  142.80000    0.00000  167.90000   10.00000  914.30000  804.00000   45.30478
  56.00000  424.00000   22.00000  132.00000  168.00000    8.92000  822.00000  750.00000   74.36491
  91.00000  318.80000  212.50000    0.00000  155.70000   14.30000  852.10000  880.40000   68.09954
  90.00000  342.00000   38.00000    0.00000  228.00000    0.00000  932.00000  670.00000   50.45930
  56.00000  181.38000    0.00000  167.01000  169.59000    7.56000 1055.60000  777.80000   35.57007
   7.00000  135.70000  203.50000    0.00000  185.70000    0.00000 1076.20000  759.30000    7.50701
 100.00000  182.04000   45.21000  121.97000  170.21000    8.19000 1059.40000  780.65000   48.67011
   3.00000  229.97000    0.00000  118.31000  195.47000    4.63000 1029.40000  758.59000   10.03188
  28.00000  331.00000    0.00000    0.00000  192.00000    0.00000 1025.00000  821.00000   31.74348
   3.00000  323.70000  282.80000    0.00000  183.80000   10.30000  942.70000  659.90000   28.29610
   3.00000  165.00000    0.02000  143.57000  163.81000    0.00000 1005.60000  900.90000   14.39626
  56.00000  295.71000    0.00000   95.64000  171.54000    8.87000  955.14000  859.20000   48.71837
   7.00000  300.00000    0.00000    0.00000  184.00000    0.00000 1075.00000  795.00000   15.57526
  28.00000  238.05000    0.00000   94.11000  186.66000    7.00000  949.91000  847.01000   30.23352
  28.00000  108.30000  162.40000    0.00000  203.50000    0.00000  938.20000  849.00000   20.59396
  28.00000  136.00000  162.00000  126.00000  172.00000   10.00000  923.00000  764.00000   29.06831
  28.00000  299.80000    0.00000  119.80000  211.50000    9.90000  878.20000  727.60000   23.83587
  91.00000  389.90000  189.00000    0.00000  145.90000   22.00000  944.70000  755.80000   82.59922
  56.00000  362.60000  189.00000    0.00000  164.90000   11.60000  944.70000  755.80000   77.29715
   7.00000  387.00000   20.00000   94.00000  157.00000   13.93000  938.00000  845.00000   45.89842
  28.00000  313.30000    0.00000  113.00000  178.50000    8.00000 1001.90000  688.70000   36.80492
  28.00000  143.60000    0.00000  174.90000  158.40000   17.90000  942.70000  844.50000   15.42358
  28.00000  145.00000    0.00000  179.00000  202.00000    8.00000  824.00000  869.00000   10.53519
  28.00000  281.00000    0.00000    0.00000  186.00000    0.00000 1104.00000  774.00000   22.43555
  56.00000  190.68000    0.00000  125.40000  162.14000    7.77000 1090.00000  804.01000   35.34254
   3.00000  374.00000  189.20000    0.00000  170.10000   10.10000  926.10000  756.70000   34.39796
 180.00000  380.00000   95.00000    0.00000  228.00000    0.00000  932.00000  594.00000   40.75906
   7.00000  362.60000  189.00000    0.00000  164.90000   11.60000  944.70000  755.80000   55.89582
  28.00000  298.00000    0.00000  107.00000  210.00000   11.00000  880.00000  744.00000   31.87448
  14.00000  178.03000  129.80000  118.60000  179.94000    3.57000 1007.30000  746.80000   34.23938
  28.00000  366.00000  187.00000    0.00000  191.00000    7.00000  824.00000  757.00000   65.90701
  90.00000  237.50000  237.50000    0.00000  228.00000    0.00000  932.00000  594.00000   33.11691
  28.00000  167.95000   42.08000  163.83000  121.75000    5.72000 1058.70000  780.11000   24.24198
  28.00000  158.00000    0.00000  195.00000  220.00000   11.00000  898.00000  713.00000    8.53571
   3.00000  297.16000    0.00000  117.54000  174.80000    9.52000 1022.80000  753.45000   21.91155
 180.00000  427.50000   47.50000    0.00000  228.00000    0.00000  932.00000  594.00000   41.83671
  56.00000  165.00000  128.50000  132.10000  175.06000    8.08000 1005.80000  746.60000   53.72397
   3.00000  277.05000    0.00000   97.39000  160.60000   11.83000  973.90000  875.61000   23.13881
  56.00000  362.60000  189.00000    0.00000  164.90000   11.60000  944.70000  755.80000   77.29715
  14.00000  350.00000    0.00000    0.00000  203.00000    0.00000  974.00000  775.00000   22.53208
  14.00000  233.81000    0.00000   94.58000  197.89000    4.56700  947.04000  852.16000   22.13907
  28.00000  322.00000    0.00000    0.00000  203.00000    0.00000  974.00000  800.00000   25.17966
 360.00000  198.60000  132.40000    0.00000  192.00000    0.00000  978.40000  825.50000   44.29608
  56.00000  229.68000    0.00000  118.16000  195.23000    6.13000 1028.10000  757.63000   31.35047
  28.00000  298.10000    0.00000  107.50000  163.60000   12.80000  953.20000  784.00000   35.86585
  28.00000  159.00000  209.00000  161.00000  201.00000    7.00000  848.00000  669.00000   30.88163
  56.00000  172.38000   13.61000  172.37000  156.76000    4.14000 1006.30000  856.40000   35.85275
  56.00000  313.30000  262.20000    0.00000  175.50000    8.60000 1046.90000  611.80000   64.90038
  28.00000  332.50000  142.50000    0.00000  228.00000    0.00000  932.00000  594.00000   33.01901
 100.00000  168.88000   42.22000  124.25000  158.33000   10.83000 1080.80000  796.15000   48.15300
   3.00000  376.00000    0.00000    0.00000  214.60000    0.00000 1003.50000  762.36000   16.27853
  28.00000  387.00000   20.00000   94.00000  157.00000   13.93000  938.00000  845.00000   46.68442
  28.00000  375.00000   93.80000    0.00000  126.60000   23.40000  852.10000  992.60000   56.69561
   7.00000  289.00000    0.00000    0.00000  192.00000    0.00000  913.20000  895.30000   14.59690
   3.00000  349.00000    0.00000    0.00000  192.00000    0.00000 1056.00000  809.00000   15.87174
  56.00000  249.10000    0.00000   98.75000  158.11000   12.80000  987.76000  889.01000   42.03046
  28.00000  298.00000  137.00000  107.00000  201.00000    6.00000  878.00000  655.00000   53.52402
  28.00000  212.07000    0.00000  121.62000  180.31000    5.69000 1057.60000  779.32000   24.90387
  28.00000  252.00000    0.00000    0.00000  185.00000    0.00000 1111.00000  784.00000   19.69143
  28.00000  475.00000    0.00000   59.00000  142.00000    1.90000 1098.00000  641.00000   57.22651
  28.00000  157.00000  214.00000  152.00000  200.00000    9.00000  819.00000  704.00000   33.05348
 100.00000  250.00000    0.00000   95.69000  187.42000    5.53000  956.86000  861.17000   42.34762
  28.00000  259.90000  100.60000   78.40000  170.60000   10.40000  935.70000  762.90000   49.77327
  56.00000  531.30000    0.00000    0.00000  141.80000   28.20000  852.10000  893.70000   58.79851
  28.00000  374.00000    0.00000    0.00000  190.00000    7.00000 1013.00000  730.00000   39.05192
   3.00000  349.00000    0.00000    0.00000  192.00000    0.00000 1047.00000  806.00000   14.98921
  28.00000  213.72000   98.05000   24.51000  181.71000    6.86000 1065.80000  785.38000   45.70536
  28.00000  156.00000  178.00000  187.00000  221.00000    7.00000  854.00000  614.00000   29.41305
  28.00000  355.90000    0.00000  141.60000  193.30000   11.00000  801.40000  778.40000   40.86869
  28.00000  339.20000    0.00000    0.00000  185.70000    0.00000 1069.20000  754.30000   31.89999
  28.00000  132.00000  207.00000  161.00000  179.00000    5.00000  867.00000  736.00000   33.30169
  56.00000  194.68000    0.00000  100.52000  165.62000    7.48000 1006.40000  905.90000   33.96359
  90.00000  157.00000  236.00000    0.00000  192.00000    0.00000  935.40000  781.20000   43.37700
 100.00000  277.19000   97.82000   24.46000  160.70000   11.19000 1061.70000  782.46000   66.94812
  28.00000  382.00000    0.00000    0.00000  186.00000    0.00000 1047.00000  739.00000   37.42476
  90.00000  296.00000    0.00000    0.00000  192.00000    0.00000 1085.00000  765.00000   29.39236
  28.00000  356.00000  119.00000    0.00000  160.00000    9.03000 1061.00000  657.00000   58.99846
   3.00000  229.68000    0.00000  118.16000  195.23000    6.13000 1028.10000  757.63000   13.35515
   3.00000  313.30000  262.20000    0.00000  175.50000    8.60000 1046.90000  611.80000   28.79941
   7.00000  238.20000  158.80000    0.00000  185.70000    0.00000 1040.60000  734.30000   15.69109
  28.00000  321.30000  164.20000    0.00000  190.50000    4.60000  870.00000  774.00000   57.21823
  28.00000  202.00000   11.00000  141.00000  206.00000    1.72000  942.00000  801.00000   21.96671
  28.00000  222.36000    0.00000   96.67000  189.29000    4.46000  967.08000  870.32000   24.89008
  28.00000  333.00000   17.50000  163.00000  167.00000   17.90000  996.00000  652.00000   47.27737
  28.00000  317.90000    0.00000  126.50000  209.70000    5.70000  860.50000  736.60000   40.06200
  28.00000  139.60000  209.40000    0.00000  192.00000    0.00000 1047.00000  806.90000   28.23749
 270.00000  237.50000  237.50000    0.00000  228.00000    0.00000  932.00000  594.00000   38.40795
  28.00000  166.00000  259.70000    0.00000  183.20000   12.70000  858.80000  826.80000   37.91704
  56.00000  213.76000   98.06000   24.52000  181.74000    6.65000 1066.00000  785.52000   47.13258
  28.00000  148.00000  175.00000    0.00000  171.00000    2.00000 1000.00000  828.00000   26.91714
  28.00000  190.34000    0.00000  125.18000  166.61000    9.88000 1079.00000  798.90000   24.84872
 360.00000  349.00000    0.00000    0.00000  192.00000    0.00000 1047.00000  806.00000   42.12698
  91.00000  439.00000  177.00000    0.00000  186.00000   11.10000  884.90000  707.90000   73.29819
  28.00000  147.80000  175.10000    0.00000  171.20000    2.20000 1000.00000  828.50000   26.92266
   3.00000  167.35000  129.90000  128.62000  175.46000    7.79000 1006.30000  746.60000   14.94094
   3.00000  277.00000    0.00000    0.00000  191.00000    0.00000  968.00000  856.00000   11.36256
 100.00000  212.57000    0.00000  100.39000  159.35000   10.37000 1003.80000  903.79000   47.73932
  28.00000  313.00000    0.00000    0.00000  178.00000    8.00000 1000.00000  822.00000   25.09693
   7.00000  200.00000    0.00000    0.00000  180.00000    0.00000 1125.00000  845.00000    7.83934
  28.00000  336.00000    0.00000    0.00000  182.00000    3.00000  986.00000  817.00000   44.86420
  28.00000  297.16000    0.00000  117.54000  174.80000    9.52000 1022.80000  753.45000   47.40147
  28.00000  143.80000  136.30000  106.20000  178.10000    7.50000  941.50000  774.30000   26.14769
   3.00000  108.30000  162.40000    0.00000  203.50000    0.00000  938.20000  849.00000    2.33181
  28.00000  165.00000    0.02000  143.57000  163.81000    0.00000 1005.60000  900.90000   26.20009
   7.00000  491.00000   26.00000  123.00000  210.00000    3.93000  882.00000  699.00000   33.48883
 270.00000  525.00000    0.00000    0.00000  189.00000    0.00000 1125.00000  613.00000   67.11359
  28.00000  141.30000  212.00000    0.00000  203.50000    0.00000  971.80000  748.50000   29.89223
  28.00000  151.00000    0.00000  185.00000  167.00000   16.00000 1074.00000  678.00000   13.45857
  28.00000  149.00000  117.60000   91.70000  182.90000    7.10000  953.40000  780.30000   23.52423
  28.00000  275.00000  180.00000  120.00000  162.00000   10.35000  830.00000  765.00000   76.23536
  56.00000  246.83000    0.00000  125.08000  143.30000   11.99000 1086.80000  800.89000   60.32226
  28.00000  251.37000    0.00000  118.27000  188.45000    6.35000 1028.40000  757.73000   32.66048
   7.00000  362.60000  189.00000    0.00000  164.90000   11.60000  944.70000  755.80000   55.89582
   7.00000  425.00000  106.30000    0.00000  153.50000   16.50000  852.10000  887.10000   49.20101
  90.00000  198.60000  132.40000    0.00000  192.00000    0.00000  978.40000  825.50000   38.07424
  28.00000  236.00000  157.00000    0.00000  192.00000    0.00000  972.60000  749.10000   32.88456
   3.00000  252.31000    0.00000   98.75000  146.25000   14.17000  987.76000  889.01000   21.78055
  28.00000  139.70000  163.90000  127.70000  236.70000    5.80000  868.60000  655.60000   35.22533
  28.00000  238.00000    0.00000    0.00000  185.00000    0.00000 1118.00000  789.00000   17.54027
 180.00000  331.00000    0.00000    0.00000  192.00000    0.00000  978.00000  825.00000   38.99676
   3.00000  233.81000    0.00000   94.58000  197.89000    4.56700  947.04000  852.16000   10.38351
  14.00000  168.88000   42.22000  124.25000  158.33000   10.83000 1080.80000  796.15000   23.51113
  14.00000  213.50000    0.00000  174.24000  154.61000   11.66000 1052.30000  775.48000   33.70159
  28.00000  200.00000  200.00000    0.00000  190.00000    0.00000 1145.00000  660.00000   49.24927
  28.00000  236.00000    0.00000    0.00000  194.00000    0.00000  968.00000  885.00000   18.41590
  28.00000  281.00000    0.00000    0.00000  185.00000    0.00000 1104.00000  774.00000   22.43555
  56.00000  337.90000  189.00000    0.00000  174.90000    9.50000  944.70000  755.80000   59.89478
  28.00000  140.00000  133.00000  103.00000  200.00000    7.00000  916.00000  753.00000   36.43881
   3.00000  251.37000    0.00000  118.27000  188.45000    5.75000 1028.40000  757.73000   17.22311
   7.00000  446.00000   24.00000   79.00000  162.00000   11.61000  967.00000  712.00000   52.00717
  28.00000  172.38000   13.61000  172.37000  156.76000    4.14000 1006.30000  856.40000   33.68780
  28.00000  376.00000    0.00000    0.00000  214.60000    0.00000 1003.50000  762.36000   31.97100
  28.00000  436.00000    0.00000    0.00000  218.00000    0.00000  838.40000  719.70000   23.84897
  28.00000  149.00000  139.00000  109.00000  193.00000    6.00000  892.00000  780.00000   23.69040
  28.00000  145.00000  116.00000  119.00000  184.00000    5.70000  833.00000  880.00000   29.15794
 180.00000  322.00000    0.00000    0.00000  203.00000    0.00000  974.00000  800.00000   29.58542
  28.00000  303.60000  139.90000    0.00000  213.50000    6.20000  895.50000  722.50000   33.41959
  28.00000  331.00000  170.00000    0.00000  195.00000    8.00000  811.00000  802.00000   56.61287
   3.00000  213.76000   98.06000   24.52000  181.74000    6.65000 1066.00000  785.52000   13.18278
 120.00000  310.00000    0.00000    0.00000  192.00000    0.00000 1012.00000  830.00000   38.70029
  28.00000  225.00000    0.00000    0.00000  181.00000    0.00000 1113.00000  833.00000   17.34032
   7.00000  203.50000  305.30000    0.00000  203.50000    0.00000  963.40000  630.00000   19.53906
  28.00000  152.00000    0.00000  112.00000  184.00000    8.00000  992.00000  816.00000   12.17615
  14.00000  190.68000    0.00000  125.40000  162.14000    7.77000 1090.00000  804.01000   21.06349
  90.00000  102.00000  153.00000    0.00000  192.00000    0.00000  887.00000  942.00000   25.46097
   3.00000  236.00000    0.00000    0.00000  194.00000    0.00000  968.00000  885.00000    6.46728
  90.00000  254.00000    0.00000    0.00000  198.00000    0.00000  968.00000  863.00000   26.94472
  28.00000  286.30000  200.90000    0.00000  144.70000   11.20000 1004.60000  803.70000   67.69965
 270.00000  332.50000  142.50000    0.00000  228.00000    0.00000  932.00000  594.00000   40.26954
   3.00000  212.00000  141.30000    0.00000  203.50000    0.00000  973.40000  750.00000    6.80858
  56.00000  202.00000   11.00000  141.00000  206.00000    1.72000  942.00000  801.00000   23.24519
   3.00000  181.38000    0.00000  167.01000  169.59000    7.56000 1055.60000  777.80000   13.62405
 100.00000  178.03000  129.80000  118.60000  179.94000    3.57000 1007.30000  746.80000   49.99390
  14.00000  251.37000    0.00000  118.27000  192.94000    5.75000 1043.60000  754.30000   20.72565
 365.00000  190.00000  190.00000    0.00000  228.00000    0.00000  932.00000  670.00000   53.69225
  28.00000  312.70000  144.70000    0.00000  127.30000    8.00000  999.70000  822.20000   44.52360
  28.00000  157.00000  236.00000    0.00000  192.00000    0.00000  935.40000  781.20000   33.66436
  28.00000  300.00000    0.00000  120.00000  212.00000   10.00000  878.00000  728.00000   23.83519
  28.00000  192.00000  288.00000    0.00000  192.00000    0.00000  929.80000  716.10000   39.32151
  90.00000  255.00000    0.00000    0.00000  192.00000    0.00000  889.80000  945.00000   21.85915
  28.00000  194.68000    0.00000  100.52000  165.62000    7.48000 1006.40000  905.90000   25.72435
 100.00000  222.36000    0.00000   96.67000  189.29000    4.46000  967.08000  870.32000   40.71356
  14.00000  165.00000  128.50000  132.10000  175.06000    8.08000 1005.80000  746.60000   33.08795
  28.00000  313.00000  145.00000    0.00000  178.00000    8.00000 1002.00000  689.00000   41.05140
  56.00000  190.34000    0.00000  125.18000  166.61000    9.88000 1079.00000  798.90000   31.71590
  28.00000  166.09000    0.00000  163.27000  176.46000    4.49000 1058.60000  780.09000   21.53923
  28.00000  280.00000  129.00000  100.00000  172.00000    9.00000  825.00000  805.00000   52.82076
   3.00000  218.23000   54.64000  123.78000  140.75000   11.91000 1075.70000  792.67000   27.42046
  28.00000  313.00000  145.00000    0.00000  127.00000    8.00000 1000.00000  822.00000   44.51947
  28.00000  162.00000  190.00000  148.00000  179.00000   19.00000  838.00000  741.00000   33.75674
  14.00000  212.00000    0.00000  124.78000  159.00000    7.84000 1085.40000  799.54000   31.35047
   3.00000  167.00000   75.40000  167.00000  164.03000    7.91000 1007.30000  770.10000   15.52010
   3.00000  249.10000    0.00000   98.75000  158.11000   12.80000  987.76000  889.01000   15.36153
  28.00000  149.50000  236.00000    0.00000  175.80000   12.60000  846.80000  892.70000   32.96385
  28.00000  147.00000  115.00000   89.00000  202.00000    9.00000  860.00000  829.00000   19.98791
  28.00000  313.00000    0.00000  113.00000  178.00000    8.00000 1002.00000  689.00000   36.80423
  56.00000  424.00000   22.00000  132.00000  178.00000    8.48000  822.00000  750.00000   65.69721
  56.00000  250.00000    0.00000   95.69000  191.84000    5.33000  948.90000  857.20000   39.64487
  28.00000  313.30000  145.00000    0.00000  178.50000    8.00000  867.20000  824.00000   40.92523
  28.00000  326.00000  166.00000    0.00000  174.00000    9.00000  882.00000  790.00000   61.23236
  90.00000  153.00000  102.00000    0.00000  192.00000    0.00000  888.00000  943.10000   26.32281
  56.00000  323.70000  282.80000    0.00000  183.80000   10.30000  942.70000  659.90000   80.19985
   3.00000  393.00000    0.00000    0.00000  192.00000    0.00000  940.00000  758.00000   19.10538
  28.00000  146.00000  230.00000    0.00000  202.00000    3.00000  827.00000  872.00000   33.06037
  56.00000  233.81000    0.00000   94.58000  197.89000    4.56700  947.04000  852.16000   27.66178
   3.00000  337.90000  189.00000    0.00000  174.90000    9.50000  944.70000  755.80000   24.09719
   7.00000  252.50000    0.00000    0.00000  185.70000    0.00000 1111.60000  784.30000   11.48391
  28.00000  148.10000    0.00000  136.60000  158.10000   16.10000 1001.80000  830.10000   17.95947
  28.00000  231.75000    0.00000  121.62000  173.96000    6.72000 1056.40000  778.45000   33.72917
   3.00000  480.00000    0.00000    0.00000  192.00000    0.00000  936.20000  712.20000   24.40469
  28.00000  144.80000    0.00000  133.60000  180.80000   11.10000  979.50000  811.50000   13.20209
   3.00000  194.68000    0.00000  100.52000  165.62000    7.48000 1006.40000  905.90000   12.45194
  28.00000  152.60000  238.70000    0.00000  200.00000    6.30000 1001.80000  683.90000   26.85992
   7.00000  139.60000  209.40000    0.00000  192.00000    0.00000 1047.00000  806.90000   14.58931
   7.00000  362.60000  189.00000    0.00000  164.90000   11.60000  944.70000  755.80000   55.89582
  56.00000  387.00000   20.00000   94.00000  157.00000   11.61000  938.00000  845.00000   61.45989
   7.00000  323.70000  282.80000    0.00000  183.80000   10.30000  942.70000  659.90000   49.80085
 270.00000  380.00000    0.00000    0.00000  228.00000    0.00000  932.00000  670.00000   53.30063
  28.00000  322.00000  149.00000    0.00000  186.00000    8.00000  951.00000  709.00000   52.42086
  14.00000  231.75000    0.00000  121.62000  173.96000    6.72000 1056.40000  778.45000   26.77235
  28.00000  277.00000    0.00000    0.00000  191.00000    0.00000  968.00000  856.00000   25.96567
  90.00000  307.00000    0.00000    0.00000  193.00000    0.00000  968.00000  812.00000   32.92248
