  -0.78201   -0.99900   -1.00000   -0.65323   -1.00000   -0.46502    0.05576   -0.27497   -0.03085   -0.65217   -0.85878    0.61702    0.96374   22.20000
  -0.17163   -0.81473   -1.00000    0.29326   -1.00000    0.34979    0.46848    0.98558   -0.75937    1.00000    0.82824    0.61702    0.89394   17.80000
  -0.59658   -0.99808   -1.00000   -0.73680   -1.00000   -0.48560    0.09408    0.67250   -0.72416   -0.65217   -0.58397   -0.14894    0.99294   23.60000
  -0.72461   -0.99932   -0.50000   -0.67742   -1.00000   -0.83128    0.05039   -0.39650   -0.22322   -0.73913   -0.64122    0.36170    1.00000   24.80000
  -0.21578   -0.99463   -1.00000   -0.30792   -1.00000   -0.34568   -0.14888    0.41710   -0.47220   -0.73913   -0.55344    0.23404    1.00000   19.80000
  -0.30795   -0.99853   -1.00000    0.84677   -1.00000   -0.19342   -0.06381    0.67250   -0.80580   -0.91304   -0.99618    0.38298    0.90302   20.30000
  -0.58996   -0.99250   -0.56000   -0.60411   -1.00000   -0.81070   -0.02395   -0.34089    0.25961   -0.47826   -0.45420    0.38298    0.96611   24.30000
  -0.55795   -0.99891   -1.00000   -0.65323   -1.00000   -0.46502   -0.07109   -0.12461   -0.33025   -0.65217   -0.85878    0.61702    1.00000   19.00000
  -0.34547   -0.99386   -1.00000   -0.32331   -1.00000   -0.17696   -0.09370   -0.18229   -0.77228   -0.56522   -0.22137    0.40426    1.00000   24.50000
  -0.73234   -0.97645   -1.00000   -0.43695   -1.00000   -0.37037   -0.09025   -0.45623   -0.38728   -0.73913   -0.54199    0.78723    0.94932   23.10000
  -0.60541   -0.81430   -1.00000    0.29326    1.00000    0.16461   -0.11324    0.78579   -1.00000    1.00000    0.82824    0.61702    0.75279   50.00000
  -0.74945   -0.99723   -1.00000   -0.01320   -1.00000   -0.78601    0.19448   -0.41916   -0.12143   -0.73913   -0.61069   -0.27660    1.00000   28.60000
  -0.93709   -0.99819   -0.10000   -0.78153   -1.00000   -0.78601    0.38609   -0.51802   -0.02696   -0.65217   -0.19466   -0.44681    0.96767   36.40000
  -0.49007   -0.99498   -1.00000   -0.25733   -1.00000   -0.57202    0.05959    0.02163   -0.41342   -0.73913   -0.65649    0.27660    0.98976   24.40000
  -0.31733   -0.72930   -1.00000    0.29326   -1.00000   -0.05761   -0.20023    0.74459   -0.85058    1.00000    0.82824    0.61702    0.46871   20.80000
  -0.79194   -0.99887   -1.00000   -0.78372   -1.00000   -0.57202    0.32056    0.71782   -0.58314   -0.91304   -0.68321    0.10638    1.00000   23.60000
  -0.84989   -0.99974    0.90000   -0.92595   -1.00000   -0.92593    0.36961   -0.77343    0.18648   -0.82609   -0.17939   -0.06383    0.93646   32.90000
   0.38466   -0.92549   -1.00000    0.40176    1.00000    1.00000   -0.29412    1.00000   -0.96508   -0.65217   -0.17557   -0.55319    1.00000   13.40000
  -1.00000   -0.96725   -1.00000    0.40176   -1.00000   -0.09465    0.50527    0.81051   -0.84699   -0.65217   -0.17557   -0.55319    0.88668   50.00000
  -0.78422   -0.99878   -1.00000   -0.15909   -1.00000   -0.22634    0.30868    0.81462   -0.81124   -1.00000   -0.67176    0.78723    1.00000   23.90000
  -0.26656   -0.75090   -1.00000    0.29326   -1.00000    0.37037    0.09216    1.00000   -0.86736    1.00000    0.82824    0.61702    0.60588   16.70000
  -0.72130   -0.99837   -1.00000   -0.09311   -1.00000   -0.78601    0.03928   -0.93615   -0.43222   -0.65217   -0.19466    0.29787    0.99001   24.10000
  -0.80408   -0.99894   -0.58000   -0.62024   -1.00000   -0.77778    0.13048   -0.62513    0.03395   -0.73913   -0.78626   -0.10638    1.00000   25.00000
   0.50773   -0.59361   -1.00000    0.29326   -1.00000    0.20988    0.10098    1.00000   -0.87176    1.00000    0.82824    0.61702   -0.86419    7.20000
  -0.93212   -0.85315   -1.00000    0.29326    1.00000    0.01235    0.32401    0.94851   -0.98676    1.00000    0.82824    0.61702    0.97554   50.00000
  -0.43433   -0.97761   -1.00000   -0.43695   -1.00000   -0.37037    0.19295    0.73841   -0.43449   -0.73913   -0.54199    0.78723    0.91593   21.00000
  -0.15232   -0.99515   -1.00000   -0.29985   -1.00000   -0.33333   -0.03008    0.90525   -0.74204   -0.56522   -0.06489    0.10638    1.00000   18.70000
  -0.73234   -0.99515   -0.60000   -0.52346    1.00000   -0.67490    0.58268    0.00721   -0.41131   -0.82609   -0.86260    0.27660    0.96909   35.20000
  -0.09879   -0.99448   -1.00000   -0.25733   -1.00000   -0.57202   -0.14850    0.43769   -0.41342   -0.73913   -0.65649    0.27660    0.96233   22.50000
  -0.29029   -0.99222   -1.00000    0.57111   -1.00000   -0.01646    0.10864    0.96704   -0.86902   -0.73913   -0.04580    0.82979    0.98578   17.10000
  -0.29415   -0.15352   -1.00000    0.29326   -1.00000    0.20988    0.01207    0.56128   -0.86664    1.00000    0.82824    0.61702   -0.90670   10.90000
  -0.36258   -0.96651   -1.00000    0.40176   -1.00000    1.00000   -0.29373    1.00000   -0.91598   -0.65217   -0.17557   -0.55319    0.72112   19.60000
  -0.02980   -0.83096   -1.00000    0.29326   -1.00000    0.34979    0.09446    0.96498   -0.80805    1.00000    0.82824    0.61702    0.53255   13.00000
  -0.38521   -0.90936   -1.00000    0.29326   -1.00000   -0.39506    0.02242    0.80844   -0.64177    1.00000    0.82824    0.61702    0.99208   19.60000
  -0.89901   -0.99837    0.60000   -0.67082   -1.00000   -0.89300    0.37459   -0.48919   -0.27487   -0.73913   -0.77863    0.40426    1.00000   37.30000
  -0.22958   -0.72483   -1.00000    0.29326   -1.00000   -0.18107   -0.12780    0.16993   -0.84214    1.00000    0.82824    0.61702   -0.87730   10.20000
  -0.68543   -0.99937    0.65000   -0.88490   -1.00000   -0.87654   -0.00326   -0.26880   -0.06512   -0.91304   -0.38550   -0.55319    0.98421   24.10000
  -0.73289   -0.99906    0.60000   -0.76686   -1.00000   -0.97119   -0.02395   -0.40062    0.47145   -1.00000   -0.51145   -0.19149    0.97978   21.90000
  -0.91225   -0.96600   -1.00000    0.40176    1.00000   -0.09465    0.84480    0.87436   -0.81224   -0.65217   -0.17557   -0.55319    0.95739   50.00000
  -0.79249   -0.99985   -0.30000   -0.92229   -1.00000   -0.76543    0.41023   -0.04428    0.07454   -1.00000   -0.62977   -0.38298    0.98911   32.70000
  -0.82064   -1.00000   -0.64000   -0.86437   -1.00000   -0.37037    0.15501    0.28321   -0.46159   -1.00000   -0.58397   -0.42553    1.00000   24.00000
  -0.53532   -0.99572   -0.56000   -0.60411   -1.00000   -0.81070    0.02127    0.57158    0.25961   -0.47826   -0.45420    0.38298    0.89530   20.50000
   0.41556   -0.06659   -1.00000    0.29326   -1.00000    0.26749   -0.24507    0.69928   -0.91310    1.00000    0.82824    0.61702    0.65989    8.50000
  -0.52152   -0.99830   -1.00000   -0.01320   -1.00000   -0.78601   -0.06189   -0.18847   -0.20467   -0.73913   -0.61069   -0.27660    1.00000   21.70000
  -0.86700   -0.99305   -1.00000   -0.57918   -1.00000   -0.51029    0.80303    0.55304   -0.67904   -0.39130   -0.54199    0.02128    0.94024   44.80000
  -0.10044   -0.77011   -1.00000    0.29326   -1.00000   -0.05761    0.00556    0.93203   -0.81069    1.00000    0.82824    0.61702    0.91326   14.60000
  -0.22903   -0.84228   -1.00000    0.29326   -1.00000    0.37037   -0.06304    0.90319   -0.86451    1.00000    0.82824    0.61702    0.61208   14.20000
   0.53532   -0.99363   -1.00000   -0.25733   -1.00000   -0.57202   -0.29067   -0.85788   -0.55298   -0.73913   -0.65649    0.27660    0.75808   23.70000
  -0.42605   -0.73149   -1.00000    0.29326   -1.00000    0.12757   -0.21556    1.00000   -0.97170    1.00000    0.82824    0.61702    0.67316   27.90000
  -0.84106   -0.99946    0.10000   -0.75660   -1.00000   -0.59259    0.26959   -0.48095   -0.02958   -0.65217   -0.30153    0.06383    0.95496   31.20000
  -0.36313   -0.91360   -1.00000    0.29326    1.00000    0.58436    0.08603    0.81462   -0.74982    1.00000    0.82824    0.61702    0.97196   21.70000
  -0.31733   -0.96290   -1.00000    0.40176   -1.00000    1.00000   -0.01859    0.94439   -0.91117   -0.65217   -0.17557   -0.55319    0.87846   21.50000
  -0.57119   -0.99935   -0.32000   -0.58724   -1.00000   -0.80247    0.16076   -0.22760   -0.20667   -0.47826   -0.45801   -0.25532    0.99420   22.00000
  -0.80905   -0.99727   -0.40000   -0.67229   -1.00000   -0.82305    0.08527   -0.89907    0.07410   -0.56522   -0.56870   -0.14894    0.88809   23.70000
  -0.41887   -0.97332   -1.00000    0.57111   -1.00000   -0.01646    0.05959    0.95263   -0.79241   -0.73913   -0.04580    0.82979    1.00000   19.60000
  -0.75386   -0.99860   -1.00000   -0.82185   -1.00000   -0.75309    0.47729    0.22760   -0.56977   -0.91304   -0.66031    0.14894    1.00000   33.20000
  -0.12197   -0.80924   -1.00000    0.29326   -1.00000   -0.18107    0.06802    0.71370   -0.83212    1.00000    0.82824    0.61702   -0.58077   14.50000
  -0.90066   -0.99887   -0.20000   -0.56378    1.00000   -0.74486    0.22514   -0.38208   -0.46385   -0.73913   -0.74428    0.06383    1.00000   32.40000
  -0.92108   -0.98799   -0.60000   -0.74267   -1.00000   -0.21811    0.49799    0.02369   -0.68311   -0.65217   -0.70611   -0.91489    0.96671   43.50000
   0.23786   -0.99360   -1.00000    0.57111   -1.00000   -0.01646    0.00134    0.86818   -0.91228   -0.73913   -0.04580    0.82979    0.95552   14.00000
  -0.70861   -0.87131   -1.00000    0.29326   -1.00000   -0.39506    0.34125    0.52626   -0.58516    1.00000    0.82824    0.61702    0.99183   25.00000
  -0.77042   -0.99949   -0.20000   -0.94208   -1.00000   -0.81893    0.29450   -0.34913    0.39358   -1.00000   -0.43511    0.51064    0.96445   26.60000
  -0.46578   -0.99795   -1.00000   -0.59677   -1.00000   -0.53086   -0.12627    0.20494   -0.59110   -0.65217   -0.64886    0.40426    0.90247   20.00000
  -0.46744   -0.99760   -0.40000   -0.67229   -1.00000   -0.82305    0.27841    0.05870   -0.05310   -0.56522   -0.56870   -0.14894    0.97151   22.00000
  -0.49559   -0.99708   -1.00000   -0.25733   -1.00000   -0.57202   -0.10711   -0.60041   -0.48789   -0.73913   -0.65649    0.27660    1.00000   22.60000
  -0.65342   -0.99925   -1.00000   -0.65323   -1.00000   -0.46502   -0.05116   -0.34913   -0.11690   -0.65217   -0.85878    0.61702    1.00000   21.10000
  -0.12417   -0.79821   -1.00000    0.29326    1.00000    0.58436    0.01590    0.94645   -0.81948    1.00000    0.82824    0.61702    0.90332   17.80000
  -0.87307   -0.99953   -1.00000   -0.51540   -1.00000   -0.65432    0.38877    0.19876   -0.30208   -0.91304   -0.79008    0.10638    0.97947   34.70000
  -0.12528   -0.99793   -1.00000    0.84677   -1.00000   -0.19342   -0.11171    0.91349   -0.84055   -0.91304   -0.99618    0.38298    0.91165   18.80000
  -0.05519   -0.77610   -1.00000    0.29326   -1.00000    0.46091    0.12052    1.00000   -0.84563    1.00000    0.82824    0.61702    0.94871   15.40000
  -0.83609   -0.99933    0.60000   -0.67082   -1.00000   -0.89300    0.17609   -0.57776   -0.27487   -0.73913   -0.77863    0.40426    1.00000   27.90000
  -0.19978   -0.82588   -1.00000    0.29326   -1.00000    0.34979    0.05001    0.66426   -0.69928    1.00000    0.82824    0.61702    0.37117   14.90000
  -0.46192   -0.88321   -1.00000    0.29326    1.00000    0.58436   -0.01667    0.65808   -0.71026    1.00000    0.82824    0.61702    0.99259   22.70000
  -0.08278   -0.97425   -1.00000   -0.43695   -1.00000   -0.37037   -0.17992    0.89701   -0.51666   -0.73913   -0.54199    0.78723    0.80771   13.10000
  -0.28698   -0.91712   -1.00000    0.29326   -1.00000    0.34979    0.07875    0.76107   -0.73856    1.00000    0.82824    0.61702    0.97241   17.70000
  -0.68764   -0.99893   -1.00000   -0.01320   -1.00000   -0.78601    0.14505   -0.00927   -0.12143   -0.73913   -0.61069   -0.27660    0.97957   27.10000
   0.46523   -0.45178   -1.00000    0.29326   -1.00000    0.29630   -0.58191    1.00000   -0.93860    1.00000    0.82824    0.61702    1.00000   10.50000
  -0.61700   -0.99806   -0.32000   -0.58724   -1.00000   -0.80247    0.12435   -0.68074   -0.20667   -0.47826   -0.45801   -0.25532    0.93298   26.40000
  -0.57505   -0.99917   -0.58000   -0.62024   -1.00000   -0.77778   -0.02127    0.23790    0.03395   -0.73913   -0.78626   -0.10638    0.98522   20.50000
  -0.42660   -0.97482   -1.00000    0.40176    1.00000    1.00000   -0.44396    0.75283   -0.91259   -0.65217   -0.17557   -0.55319    0.72959   15.30000
  -0.73013   -0.99930    0.60000   -0.92229   -1.00000   -0.92181    0.42288   -0.27086    0.12384   -0.91304   -0.45801   -1.00000    0.97630   34.60000
   0.23455   -0.85643   -1.00000    0.29326   -1.00000   -0.18107   -0.00326    0.94645   -0.80424    1.00000    0.82824    0.61702    0.52524   13.30000
   0.32782   -0.75659   -1.00000    0.29326   -1.00000    0.20988    0.23434    0.81051   -0.87453    1.00000    0.82824    0.61702   -0.89283    7.50000
  -0.80132   -0.99859   -1.00000   -0.87390   -1.00000   -0.69959    0.37421    0.05664   -0.10291   -0.82609   -0.86641    0.29787    1.00000   36.20000
  -0.56181   -0.99873   -1.00000   -0.15909   -1.00000   -0.22634    0.16191    0.36354   -0.75466   -1.00000   -0.67176    0.78723    0.97524   22.40000
  -0.74448   -0.99972    0.70000   -0.72947   -1.00000   -0.81893    0.13240   -0.48919    0.34687   -0.73913   -0.37405    0.12766    0.97746   23.10000
  -0.30464   -0.99510   -1.00000   -0.32331   -1.00000   -0.17696   -0.05499    0.58187   -0.75109   -0.56522   -0.22137    0.40426    1.00000   16.80000
  -0.43157   -0.85528   -1.00000    0.29326   -1.00000   -0.18107    0.09753    0.48095   -0.80525    1.00000    0.82824    0.61702   -0.50764   16.10000
  -0.75773   -0.99247   -1.00000   -0.49267   -1.00000   -0.55556    0.09370   -0.23378   -0.34682   -0.65217   -0.61832    0.48936    1.00000   25.00000
  -0.57781   -0.99698   -1.00000   -0.25733   -1.00000   -0.57202    0.07837   -0.39444   -0.48789   -0.73913   -0.65649    0.27660    0.94407   28.10000
  -0.04636   -0.89519   -1.00000    0.29326   -1.00000    0.34979   -0.07454    0.75077   -0.73611    1.00000    0.82824    0.61702   -0.94876   12.70000
   0.46744   -0.94774   -1.00000    0.40176   -1.00000    1.00000   -0.37728    0.87230   -0.92725   -0.65217   -0.17557   -0.55319    0.79873   17.80000
  -0.67605   -0.99911    0.05000   -0.64370   -1.00000   -0.91770    0.05537   -0.12049    0.12534   -0.56522   -0.59542   -0.14894    1.00000   22.30000
   0.00386   -0.82768   -1.00000    0.29326   -1.00000    0.26749   -0.16229    0.97734   -0.90837    1.00000    0.82824    0.61702    0.98084    8.50000
   0.43874   -0.94666   -1.00000    0.40176   -1.00000    1.00000   -0.01552    1.00000   -0.94735   -0.65217   -0.17557   -0.55319   -0.12961   13.80000
  -0.08333   -0.98033   -1.00000    0.57111   -1.00000   -0.01646   -0.20445    0.89083   -0.84536   -0.73913   -0.04580    0.82979    1.00000   14.30000
  -0.70144   -0.99927    0.05000   -0.64370   -1.00000   -0.91770    0.01475   -0.41504    0.12534   -0.56522   -0.59542   -0.14894    1.00000   23.20000
  -0.67053   -0.99225   -1.00000   -0.49267   -1.00000   -0.55556   -0.04963   -0.03193   -0.34682   -0.65217   -0.61832    0.48936    1.00000   20.40000
  -0.84382   -0.99943    0.90000   -0.92595   -1.00000   -0.92593    0.30830   -0.74459    0.18648   -0.82609   -0.17939   -0.06383    1.00000   34.90000
  -0.57285   -0.99569   -1.00000   -0.25733   -1.00000   -0.57202    0.00441   -0.18641   -0.48789   -0.73913   -0.65649    0.27660    0.98351   25.00000
  -0.31236   -0.91389   -1.00000    0.29326   -1.00000    0.58436    0.03085    0.81668   -0.78796    1.00000    0.82824    0.61702    0.76676   19.90000
  -0.66832   -0.87182   -1.00000    0.29326   -1.00000   -0.39506    0.22207    0.48301   -0.59951    1.00000    0.82824    0.61702    0.98069   23.70000
  -0.44757   -0.99376   -1.00000   -0.49267   -1.00000   -0.55556   -0.17724    0.47065   -0.34682   -0.65217   -0.61832    0.48936    0.97090   18.50000
   0.08113   -0.90073   -1.00000    0.29326   -1.00000   -0.18107   -0.06419    0.88671   -0.74344    1.00000    0.82824    0.61702    0.66912   19.10000
  -0.72461   -0.99816   -1.00000   -0.24120   -1.00000   -0.88477    0.09446   -0.92379   -0.24384   -0.73913   -0.54962    0.40426    0.93358   24.20000
  -0.39625   -0.90435   -1.00000    0.29326   -1.00000    0.58436   -0.02242    0.61483   -0.74911    1.00000    0.82824    0.61702    0.96893   22.60000
  -0.59437   -0.99912   -1.00000   -0.15909   -1.00000   -0.22634   -0.01935    0.52008   -0.78941   -1.00000   -0.67176    0.78723    1.00000   20.60000
   0.18709   -0.65648   -1.00000    0.29326   -1.00000    0.17696    0.18337    0.86200   -0.96084    1.00000    0.82824    0.61702    0.82914   13.90000
  -0.74834   -0.99892   -1.00000   -0.73680   -1.00000   -0.48560    0.05537    0.45211   -0.60209   -0.65217   -0.58397   -0.14894    0.99344   24.60000
  -0.20144   -0.99520   -1.00000   -0.52713   -1.00000   -0.74074   -0.21786    0.21730   -0.09827   -0.82609   -0.82443    0.12766    1.00000   19.40000
  -0.86313   -0.99743   -1.00000   -0.82185   -1.00000   -0.75309    0.72753    0.50566   -0.56977   -0.91304   -0.66031    0.14894    1.00000   38.70000
  -0.64846   -0.99884   -0.75000   -0.58871   -1.00000   -0.90124   -0.11209   -0.61895   -0.02365   -0.73913   -0.39695    0.34043    0.99652   22.00000
  -0.69923   -0.99957    0.10000   -0.75660   -1.00000   -0.59259    0.20138    0.10196   -0.16295   -0.65217   -0.30153    0.06383    1.00000   23.90000
  -0.60927   -0.99909   -1.00000   -0.78372   -1.00000   -0.57202    0.09446    0.30175   -0.64304   -0.91304   -0.68321    0.10638    0.97620   22.60000
  -0.16060   -0.81580   -1.00000    0.29326   -1.00000    0.34979   -0.08986    0.59423   -0.69999    1.00000    0.82824    0.61702   -0.98396   13.50000
  -0.77483   -0.99696   -1.00000   -0.52713   -1.00000   -0.74074   -0.00057   -0.92379   -0.16498   -0.82609   -0.82443    0.12766    0.93177   25.30000
  -0.35375   -0.99539   -1.00000   -0.40616   -1.00000   -0.44444   -0.01284    0.74047   -0.71172   -0.65217   -0.24809    0.76596    0.98775   19.30000
  -0.93157   -0.99983    0.60000   -1.00000   -1.00000   -0.84774    0.65319   -0.40062   -0.17817   -0.73913   -0.74046   -0.61702    0.98654   50.00000
  -0.55464   -0.99937   -1.00000   -0.65323   -1.00000   -0.46502   -0.11554   -0.10608   -0.25406   -0.65217   -0.85878    0.61702    1.00000   19.50000
  -0.06015   -0.88116   -1.00000    0.29326   -1.00000    0.29630   -0.04579    0.63955   -0.81118    1.00000    0.82824    0.61702    0.90660   23.20000
  -0.90011   -0.99185   -0.56000   -0.60411   -1.00000   -0.81070    0.80034   -0.88671    0.41442   -0.47826   -0.45420    0.38298    1.00000   42.80000
  -0.74062   -0.96996   -1.00000    0.40176   -1.00000   -0.09465   -0.04005    1.00000   -0.88584   -0.65217   -0.17557   -0.55319    0.78309   24.30000
  -0.56622   -0.98800   -0.60000   -0.74267   -1.00000    0.07819    0.39567    0.62513   -0.82131   -0.65217   -0.70611   -0.91489    0.97932   33.80000
  -0.87914   -0.99344   -1.00000   -0.57918   -1.00000   -0.51029    0.58076   -0.70958   -0.59161   -0.39130   -0.54199    0.02128    0.90221   46.70000
  -0.68101   -0.99934   -0.50000   -0.67742   -1.00000   -0.83128   -0.00134   -0.09784   -0.22322   -0.73913   -0.64122    0.36170    0.96843   22.90000
   0.94536    0.02821   -1.00000    0.29326   -1.00000    0.26749   -0.63288    1.00000   -0.90386    1.00000    0.82824    0.61702   -0.55646    7.00000
  -0.51159   -0.91756   -1.00000    0.29326   -1.00000   -0.18518    0.05422    0.00927   -0.47947    1.00000    0.82824    0.61702    0.95824   21.20000
  -0.39625   -0.99876   -1.00000   -0.71188   -1.00000   -0.76543   -0.10443    0.01751    0.25199   -0.82609   -0.37023    0.31915    0.83716   17.20000
  -0.33223   -0.98099   -1.00000   -0.43695   -1.00000   -0.37037   -0.07875    0.77755   -0.47573   -0.73913   -0.54199    0.78723    0.97796   19.60000
  -0.45309   -0.94973   -1.00000    0.40176   -1.00000   -0.09465   -0.12129    0.83110   -0.76495   -0.65217   -0.17557   -0.55319    0.99097   22.70000
  -0.84989   -0.99888   -1.00000   -0.85337   -1.00000   -0.57613    0.63633    0.04428   -0.62360   -0.82609   -0.97710    0.10638    0.97847   50.00000
   0.22792   -0.76024   -1.00000    0.29326   -1.00000    0.46091    0.11056    0.89289   -0.84390    1.00000    0.82824    0.61702   -0.78446   11.80000
  -0.88797   -0.99934   -0.60000   -0.78959   -1.00000   -0.76173    0.63211    0.26880   -0.35162   -0.65217   -0.88931   -0.51064    0.95164   45.40000
  -0.73344   -0.99585   -0.56000   -0.60411   -1.00000   -0.81070    0.20981   -0.69928    0.21796   -0.47826   -0.45420    0.38298    0.98406   26.20000
   0.59271   -0.13801   -1.00000    0.29326   -1.00000    0.26749   -0.27496    1.00000   -0.93453    1.00000    0.82824    0.61702    1.00000    5.00000
   0.40894   -0.99144   -1.00000    0.84677   -1.00000   -0.19342   -0.21364    0.90937   -0.88586   -0.91304   -0.99618    0.38298    0.81033   15.70000
  -0.78091   -0.99895   -1.00000   -0.78372   -1.00000   -0.57202    0.34815    0.23996   -0.58445   -0.91304   -0.68321    0.10638    0.99576   28.70000
  -0.73179   -0.99650   -0.60000   -0.52346   -1.00000   -0.67490    0.02663   -0.72400   -0.39994   -0.82609   -0.86260    0.27660    1.00000   25.20000
  -0.03863   -0.99689   -0.75000   -0.45674   -1.00000   -0.42798    0.00057    0.91967   -0.12323   -0.65217   -0.52672   -0.44681    1.00000   27.10000
  -0.73510   -0.99885   -1.00000   -0.70454   -1.00000   -0.73663    0.17609    0.09578   -0.39836   -0.82609   -0.77099    0.25532    0.97680   26.60000
  -0.73841   -0.99845   -0.34000   -0.87390   -1.00000   -0.64197    0.47883    0.42121   -0.64179   -0.47826   -0.86641    0.23404    1.00000   33.40000
  -0.68488   -0.99656   -1.00000   -0.52713   -1.00000   -0.74074    0.01552   -0.92585   -0.16498   -0.82609   -0.82443    0.12766    0.98770   24.70000
  -0.58664   -0.99782   -0.50000   -0.65763   -1.00000   -0.72016   -0.09331   -0.08754    0.05528   -0.39130   -0.62977    0.51064    1.00000   19.60000
   0.05519   -0.81689   -1.00000    0.29326   -1.00000    0.29630   -0.29910    0.97734   -0.89115    1.00000    0.82824    0.61702    1.00000   11.50000
  -0.72682   -0.99837   -0.10000   -0.78153   -1.00000   -0.78601    0.23434   -0.21318   -0.51641   -0.65217   -0.19466   -0.44681    0.98472   32.00000
  -0.19592   -0.98328   -1.00000   -0.43695   -1.00000   -0.37037   -0.09446    0.87848   -0.40529   -0.73913   -0.54199    0.78723    0.98704   15.60000
  -0.37196   -0.67793   -1.00000    0.29326   -1.00000   -0.05761    0.02242    0.75283   -0.85058    1.00000    0.82824    0.61702    0.93151   21.40000
   0.18874   -0.74926   -1.00000    0.29326   -1.00000    0.46091    0.17570    0.88877   -0.81902    1.00000    0.82824    0.61702   -0.44763   13.40000
   0.00166   -0.97792   -1.00000   -0.43695   -1.00000   -0.37037   -0.13700    1.00000   -0.46065   -0.73913   -0.54199    0.78723    0.98810   14.50000
  -0.37804   -0.99772   -1.00000   -0.40616   -1.00000   -0.44444    0.00939    0.06076   -0.70024   -0.65217   -0.24809    0.76596    0.98280   21.70000
  -0.68874   -0.99806   -0.40000   -0.67229   -1.00000   -0.82305    0.16689   -0.19052   -0.07969   -0.56522   -0.56870   -0.14894    0.93383   23.30000
  -0.74448   -0.99829   -0.40000   -0.67229   -1.00000   -0.82305    0.11899   -0.67868   -0.07969   -0.56522   -0.56870   -0.14894    0.91180   23.70000
  -0.76987   -0.99699   -0.56000   -0.60411   -1.00000   -0.81070    0.12129   -0.79197    0.13979   -0.47826   -0.45420    0.38298    0.99687   24.40000
   0.12472   -0.50444   -1.00000    0.29326   -1.00000    0.46091   -0.13508    0.84346   -0.86603    1.00000    0.82824    0.61702    0.97252   10.50000
  -0.36976   -0.99679   -0.50000   -0.65763   -1.00000   -0.72016   -0.16459    0.30381    0.10864   -0.39130   -0.62977    0.51064    0.99097   18.70000
  -0.15066   -0.80419   -1.00000    0.29326   -1.00000    0.26749    0.11516    0.97528   -0.89159    1.00000    0.82824    0.61702    0.97519   13.10000
  -0.68488   -0.98714   -0.60000   -0.74267   -1.00000   -0.21811    0.81491    0.32029   -0.76502   -0.65217   -0.70611   -0.91489    0.93767   50.00000
  -0.25828   -0.80581   -1.00000    0.29326   -1.00000    0.26749    0.00862    0.84758   -0.87967    1.00000    0.82824    0.61702    1.00000   13.80000
  -0.44867   -0.99426   -1.00000   -0.30792   -1.00000   -0.34568   -0.05652    0.80227   -0.69002   -0.73913   -0.55344    0.23404    0.99697   19.40000
  -0.14846   -0.80250   -1.00000    0.29326   -1.00000   -0.18107   -0.23204    0.39444   -0.83015    1.00000    0.82824    0.61702   -0.98321   11.70000
  -0.59106   -0.99953   -1.00000   -0.51540   -1.00000   -0.65432    0.09600    0.56540   -0.30208   -0.91304   -0.79008    0.10638    1.00000   21.60000
  -0.92384   -0.99965    0.65000   -0.88490   -1.00000   -0.87654    0.55164   -0.73635   -0.06512   -0.91304   -0.38550   -0.55319    0.99233   42.30000
  -0.69868   -0.99835   -0.20000   -0.56378   -1.00000   -0.74486    0.11937   -0.39856   -0.45245   -0.73913   -0.74428    0.06383    1.00000   29.10000
  -0.06291   -0.78628   -1.00000    0.29326   -1.00000    0.34979    0.21364    0.87848   -0.75148    1.00000    0.82824    0.61702   -0.96793   14.90000
  -0.83444   -0.98864   -1.00000   -0.57918   -1.00000   -0.49794    0.45507    0.41504   -0.45104   -0.39130   -0.54199    0.02128    0.96555   31.50000
  -0.31733   -0.99411   -1.00000   -0.32331   -1.00000   -0.17696   -0.14428    0.39444   -0.67935   -0.56522   -0.22137    0.40426    1.00000   18.30000
  -0.18433   -0.98125   -1.00000   -0.43695   -1.00000   -0.37037   -0.21901    0.70546   -0.39528   -0.73913   -0.54199    0.78723    0.52857   13.90000
  -0.31788   -0.99719   -1.00000   -0.40616   -1.00000   -0.44444   -0.01667    0.69516   -0.81944   -0.65217   -0.24809    0.76596    0.95355   20.40000
  -0.51269   -0.99946   -1.00000   -0.65323   -1.00000   -0.46502   -0.10558    0.16787   -0.18424   -0.65217   -0.85878    0.61702    0.98946   18.50000
  -0.30298   -0.91992   -1.00000    0.29326   -1.00000   -0.19753    0.10213    0.48507   -0.67866    1.00000    0.82824    0.61702    0.98220   23.20000
  -0.14569    1.00000   -1.00000    0.29326   -1.00000    0.17696    0.30561    0.83316   -0.94782    1.00000    0.82824    0.61702    1.00000   10.40000
  -0.68764   -0.96811   -1.00000    0.40176   -1.00000    1.00000    0.13010    1.00000   -0.88428   -0.65217   -0.17557   -0.55319    0.83565   23.30000
  -0.48289   -0.94843   -1.00000    0.40176   -1.00000   -0.09465    0.05691    0.91967   -0.82351   -0.65217   -0.17557   -0.55319    0.49665   23.80000
  -0.69812   -0.99638   -1.00000   -0.49267   -1.00000   -0.55556    0.09791    0.01751   -0.37968   -0.65217   -0.61832    0.48936    1.00000   23.80000
  -0.18929   -0.89197   -1.00000    0.29326   -1.00000    0.34979    0.20330    0.79403   -0.73303    1.00000    0.82824    0.61702    0.28554   16.40000
  -0.22130   -0.99697   -1.00000   -0.01320   -1.00000   -0.78601   -0.14581    0.13491   -0.05602   -0.73913   -0.61069   -0.27660    1.00000   20.30000
  -0.09437   -0.81905   -1.00000    0.29326   -1.00000   -0.18107   -0.28492    0.90525   -0.76353    1.00000    0.82824    0.61702    0.77649   13.80000
  -0.86589   -0.99877   -0.20000   -0.56378    1.00000   -0.74486    0.25120   -0.49125   -0.32104   -0.73913   -0.74428    0.06383    0.98260   33.10000
  -0.51600   -0.99757   -1.00000   -0.01540    1.00000   -0.32099    0.07760    0.84346   -0.59376   -0.65217   -0.66031   -0.19149    0.98406   23.00000
   1.00000   -0.58431   -1.00000    0.29326   -1.00000    0.16461   -0.77889    1.00000   -0.99865    1.00000    0.82824    0.61702    1.00000   13.80000
  -0.34437   -0.99689   -1.00000   -0.29985   -1.00000   -0.33333   -0.16842    0.28321   -0.70363   -0.56522   -0.06489    0.10638    0.97277   19.30000
  -0.11700   -0.87783   -1.00000    0.29326   -1.00000    0.34979    0.18567    0.96293   -0.77710    1.00000    0.82824    0.61702    0.79016   15.20000
  -0.15121   -0.84364   -1.00000    0.29326   -1.00000    0.29630   -0.17532    0.93821   -0.85507    1.00000    0.82824    0.61702    0.98754   15.10000
  -0.60265   -0.99891   -0.34000   -0.87390   -1.00000   -0.64197    0.17072    0.13697   -0.59254   -0.47826   -0.86641    0.23404    0.98215   28.40000
  -0.76545   -0.99875   -0.20000   -0.94208   -1.00000   -0.81893    0.12244   -0.14521    0.39358   -1.00000   -0.43511    0.51064    1.00000   22.90000
  -0.53642   -0.99621   -1.00000   -0.59677   -1.00000   -0.53086   -0.07837   -0.43769   -0.50573   -0.65217   -0.64886    0.40426    0.98250   24.70000
  -0.88797   -0.99021   -1.00000   -0.57918   -1.00000   -0.51029    0.14620   -0.61895   -0.59161   -0.39130   -0.54199    0.02128    0.91649   31.50000
  -0.38907   -0.98277   -1.00000   -0.43695   -1.00000   -0.37037    0.12435    0.88465   -0.39527   -0.73913   -0.54199    0.78723    0.95481   18.40000
  -0.26600   -0.99273   -1.00000    0.57111   -1.00000   -0.01646   -0.13355    0.90525   -0.75624   -0.73913   -0.04580    0.82979    0.95860   18.40000
  -0.40949   -0.99816   -0.75000   -0.45674   -1.00000   -0.42798   -0.06074    0.31205   -0.19415   -0.65217   -0.52672   -0.44681    0.99344   22.90000
  -0.61810   -0.99958   -1.00000   -0.89516   -1.00000   -0.45267    0.14160    0.16993   -0.06568   -1.00000   -0.10305   -0.29787    0.96500   16.50000
  -0.59382   -0.99912   -1.00000   -0.79619   -1.00000   -0.69136   -0.01016   -0.39650   -0.13721   -0.73913   -0.07252   -0.08511    0.85713   19.80000
  -0.76049   -0.99915    0.40000   -0.86950   -1.00000   -0.93827    0.26844   -0.08342    0.21820   -0.65217   -0.34733   -0.53191    0.96954   24.80000
  -0.81788   -0.99965    0.20000   -0.81891   -1.00000   -0.93416    0.24123   -0.85582   -0.07428   -1.00000   -0.70229   -0.36170    0.98220   31.10000
  -0.02649   -0.86814   -1.00000    0.29326   -1.00000    0.26749    0.08986    0.91761   -0.90048    1.00000    0.82824    0.61702    1.00000   12.50000
  -0.19647   -0.90238   -1.00000    0.29326   -1.00000   -0.19753   -0.00134    0.67044   -0.65376    1.00000    0.82824    0.61702    1.00000   19.90000
  -0.76159   -0.99779   -0.20000   -0.56378    1.00000   -0.74486    0.42019   -0.05046   -0.33479   -0.73913   -0.74428    0.06383    0.96142   33.20000
  -0.66060   -0.99908   -1.00000   -0.15909   -1.00000   -0.22634   -0.05384    0.60453   -0.74986   -1.00000   -0.67176    0.78723    1.00000   11.90000
   0.15177   -0.97472   -1.00000   -0.43695   -1.00000   -0.37037   -0.17532    0.87848   -0.43559   -0.73913   -0.54199    0.78723    0.81477   12.70000
  -0.22572   -0.99629   -1.00000   -0.29985   -1.00000   -0.33333   -0.09293    0.75695   -0.75748   -0.56522   -0.06489    0.10638    0.73781   18.30000
  -0.17991   -0.87277   -1.00000    0.29326   -1.00000    0.46091    0.01859    1.00000   -0.84083    1.00000    0.82824    0.61702    0.99390   18.40000
  -0.95916   -0.98721   -1.00000   -0.57918   -1.00000   -0.49794    0.83024    0.45005   -0.50735   -0.39130   -0.54199    0.02128    0.94458   41.70000
  -0.81291   -0.98640   -0.60000   -0.74267   -1.00000    0.07819    0.97088    0.73018   -0.87789   -0.65217   -0.70611   -0.91489    0.96369   50.00000
  -0.69040   -0.99863   -1.00000   -0.79619   -1.00000   -0.69136    0.06227   -0.70546   -0.25706   -0.73913   -0.07252   -0.08511    0.89061   22.60000
  -0.09492   -0.65001   -1.00000    0.29326   -1.00000   -0.19753   -0.09370    0.40268   -0.67649    1.00000    0.82824    0.61702    0.85799   19.10000
  -0.90066   -0.99829   -0.56000   -0.60411   -1.00000   -0.81070    0.30140   -0.91967    0.41442   -0.47826   -0.45420    0.38298    0.94548   29.60000
  -0.56126   -0.99870   -1.00000   -0.59677   -1.00000   -0.53086   -0.09101    0.34501   -0.59430   -0.65217   -0.64886    0.40426    1.00000   18.90000
  -0.49503   -0.99271   -1.00000   -0.57918   -1.00000   -0.49794   -0.03238    0.20700   -0.54127   -0.39130   -0.54199    0.02128    0.89838   24.00000
  -0.64846   -0.98778   -0.60000   -0.74267   -1.00000    0.07819    0.39682    0.82698   -0.85441   -0.65217   -0.70611   -0.91489    0.95456   36.50000
  -0.69481   -0.98813   -0.60000   -0.74267   -1.00000    0.07819    0.51715    0.78167   -0.81627   -0.65217   -0.70611   -0.91489    0.95698   43.10000
  -0.09823   -0.99777   -1.00000    1.00000   -1.00000   -0.07819   -0.07185    0.97528   -0.86569   -0.73913    1.00000    0.59574    0.96576   13.60000
  -0.06457   -0.89064   -1.00000    0.29326   -1.00000   -0.05761    0.12014    0.86818   -0.78618    1.00000    0.82824    0.61702    0.99652   16.70000
  -0.38576   -0.99898   -1.00000   -0.70454   -1.00000   -0.73663   -0.05959   -0.13079   -0.40027   -0.82609   -0.77099    0.25532    0.99541   22.50000
  -0.93322   -0.99941   -1.00000   -0.87390   -1.00000   -0.69959    0.31711   -0.11638   -0.10291   -0.82609   -0.86641    0.29787    0.98855   33.40000
  -0.15949   -0.98760   -1.00000    0.57111   -1.00000   -0.01646    0.06304    0.96293   -0.82157   -0.73913   -0.04580    0.82979    0.98875   18.10000
   0.21192   -0.46854   -1.00000    0.29326   -1.00000    0.17696    0.08028    0.92173   -0.95335    1.00000    0.82824    0.61702    1.00000   13.10000
  -0.38190   -0.99970    0.60000   -0.90469   -1.00000   -1.00000    0.02280   -0.41092    0.44761   -1.00000   -0.79389    0.19149    0.72112   20.10000
  -0.57561   -0.99680   -1.00000   -0.40616   -1.00000   -0.44444    0.21326    0.58599   -0.70024   -0.65217   -0.24809    0.76596    0.98921   27.50000
  -0.20088   -0.99737   -1.00000   -0.29985   -1.00000   -0.33333   -0.09868    0.85376   -0.77743   -0.56522   -0.06489    0.10638    0.99017   18.80000
   0.32174   -0.73988   -1.00000    0.29326   -1.00000    0.29630   -0.43476    0.93821   -0.88353    1.00000    0.82824    0.61702    1.00000    9.70000
  -0.11369   -0.85879   -1.00000    0.29326   -1.00000    0.46091    0.06534    0.92585   -0.82861    1.00000    0.82824    0.61702    0.60215   14.90000
  -0.58333   -0.99184   -1.00000   -0.30792   -1.00000   -0.34568    0.15194    0.73841   -0.55029   -0.73913   -0.55344    0.23404    0.99390   23.80000
  -0.67219   -0.99757   -1.00000   -0.40616   -1.00000   -0.44444    0.23395    0.40886   -0.68600   -0.65217   -0.24809    0.76596    0.99334   26.50000
  -0.54525   -0.99865   -1.00000   -0.79619   -1.00000   -0.69136   -0.11592   -0.52832   -0.25706   -0.73913   -0.07252   -0.08511    0.92708   19.30000
  -0.47461   -0.98159   -0.60000   -0.74267   -1.00000    0.07819    0.44319    0.88671   -0.82737   -0.65217   -0.70611   -0.91489    0.98245   31.00000
  -0.26214   -0.99615   -1.00000   -0.32331   -1.00000   -0.17696   -0.23050    0.45417   -0.76897   -0.56522   -0.22137    0.40426    0.99430   17.50000
  -0.88962   -0.87268   -1.00000    0.29326    1.00000    0.01235    0.19640    0.93409   -0.95870    1.00000    0.82824    0.61702    0.89122   50.00000
  -0.62583   -0.99940   -1.00000   -0.65323   -1.00000   -0.46502   -0.04273   -0.29145   -0.33025   -0.65217   -0.85878    0.61702    0.99617   20.60000
  -0.82947   -0.99810   -1.00000   -0.85337   -1.00000   -0.57613    0.37728    0.83934   -0.71428   -0.82609   -0.97710    0.10638    0.98598   37.90000
  -0.53753    0.14937   -1.00000    0.29326   -1.00000   -0.12757   -0.15846    1.00000   -0.94846    1.00000    0.82824    0.61702   -0.98850   15.00000
  -0.37583   -0.96969   -1.00000   -0.43695   -1.00000   -0.37037   -0.03775    1.00000   -0.44614   -0.73913   -0.54199    0.78723    0.89828   14.50000
  -0.75276   -0.99950   -0.44000    0.06892   -1.00000   -0.67490    0.01552   -0.46447   -0.53873   -0.73913   -0.68321    0.19149    0.99713   25.00000
  -0.53311   -0.91746   -1.00000    0.29326   -1.00000    0.58436   -0.30983    0.92173   -0.82286    1.00000    0.82824    0.61702    0.91875   20.80000
  -0.36313   -0.99750   -0.75000   -0.45674   -1.00000   -0.42798   -0.06189    0.64779   -0.07299   -0.65217   -0.52672   -0.44681    1.00000   18.90000
  -0.80353   -0.92204   -1.00000    0.29326    1.00000    0.37037    1.00000    0.64779   -0.85903    1.00000    0.82824    0.61702    0.78642   21.90000
   0.16722   -0.78904   -1.00000    0.29326   -1.00000    0.46091   -0.20828    0.87436   -0.87495    1.00000    0.82824    0.61702    1.00000   12.80000
  -0.60210   -0.99800   -1.00000   -0.09311   -1.00000   -0.78601    0.04426   -0.13285   -0.38655   -0.65217   -0.19466    0.29787    0.93106   21.40000
   0.55850   -0.77722   -1.00000    0.29326   -1.00000    0.26749   -0.12205    0.54274   -0.93256    1.00000    0.82824    0.61702    0.70377    6.30000
  -0.47075   -0.94508   -1.00000    0.40176   -1.00000   -0.09465    0.08871    0.90113   -0.79396   -0.65217   -0.17557   -0.55319    0.66282   22.30000
   0.80353   -0.96353   -1.00000    0.57111   -1.00000   -0.01646   -0.44127    1.00000   -0.94366   -0.73913   -0.04580    0.82979    1.00000   14.40000
  -0.92936   -0.99876   -0.60000   -0.78959    1.00000   -0.76173    0.56505   -0.03605   -0.25755   -0.65217   -0.88931   -0.51064    0.90000   46.00000
  -0.66336   -0.99936   -0.30000   -0.58944   -1.00000   -0.78231   -0.05346   -0.57981    0.00230   -1.00000   -0.55344   -0.08511    0.82526   19.40000
  -0.45033   -0.98210   -1.00000   -0.43695   -1.00000   -0.37037   -0.27381   -0.30587   -0.51497   -0.73913   -0.54199    0.78723    0.45580   20.20000
  -0.92384   -0.99980    0.80000   -0.75880   -1.00000   -0.96296    0.49186   -0.35530   -0.05310   -0.82609   -0.78244   -0.29787    0.94675   44.00000
   0.52097   -0.93765   -1.00000    0.40176   -1.00000    1.00000   -0.48573    0.95469   -0.96066   -0.65217   -0.17557   -0.55319    1.00000   11.80000
  -0.23731   -0.99422   -1.00000   -0.40616   -1.00000   -0.44444    0.02242    0.81874   -0.74256   -0.65217   -0.24809    0.76596    0.97141   19.40000
  -0.53201   -0.99629   -1.00000   -0.52713   -1.00000   -0.74074   -0.18720   -0.36354   -0.27783   -0.82609   -0.82443    0.12766    1.00000   19.30000
