   0.21500    3.81000    1.02500    1.05500    0.00000    2.00000    3.83800
   3.12700    3.31500    0.22300    0.79900    0.00000    0.00000    4.44000
   0.65200    2.95500    0.33100    1.31300    0.00000    0.00000    2.96100
   2.52600    2.71000    0.93000    0.72400    0.00000    0.00000    4.83800
   1.76900    2.51200    0.22300    0.92900    1.00000    0.00000    3.91900
   3.31800    2.98700    1.07600    0.92100    0.00000    1.00000    6.07700
   2.35200    3.04600    0.00000    1.33300    0.00000    2.00000    4.07500
   0.90600    2.83100    1.39300    1.07700    0.00000    1.00000    5.31700
   2.92700    2.92800    1.11300    1.18500    0.00000    1.00000    4.14100
   1.82100    2.47000    1.43700    1.34600    2.00000    2.00000    6.35100
   1.14100    3.13700    0.25100    1.33500    0.00000    0.00000    2.41200
   3.23700    3.05200    0.63800    0.90300    0.00000    0.00000    4.90600
   3.90300    4.56600    0.35700    1.39400    4.00000    1.00000    6.92300
   3.06200    4.24700    0.58000    1.36000    2.00000    1.00000    5.06600
   4.29500    4.28800    0.86500    1.32700    0.00000    0.00000    5.64200
   2.84900    4.17100    0.69300    1.67800    0.00000    2.00000    4.85100
   1.74800    2.47900    0.88700    0.95400    0.00000    0.00000    4.25700
   2.43700    4.62800    1.20900    1.96800    0.00000    0.00000    4.55100
   1.24600    2.88800    0.25100    0.94400    0.00000    0.00000    1.93500
   1.58600    3.38600    0.25100    1.22500    0.00000    0.00000    3.08600
   1.94000    3.48500    0.22300    1.61400    0.00000    0.00000    3.50700
   0.20200    0.96500    0.64000    1.69500    0.00000    1.00000    3.27200
   0.13300    2.02400    0.40500    2.06500    0.00000    1.00000    2.26900
   2.94200    3.17900    0.00000    1.06300    0.00000    0.00000    3.81100
   1.74600    3.69100    0.71100    1.07300    0.00000    2.00000    5.47200
   0.43000    2.81500    0.56000    1.58500    0.00000    2.00000    2.75800
   2.22600    1.43900    1.07900    1.86700    0.00000    0.00000    3.21300
   4.80400    4.71700    0.22300    1.28800    1.00000    1.00000    6.38400
   4.37900    4.28500    0.13400    1.55100    0.00000    0.00000    6.25500
   2.51000    3.25200    0.22300    1.07700    0.00000    0.00000    4.22000
  -0.29400    4.06100    0.13400    1.65800    0.00000    0.00000    3.15100
   2.19300    3.01200    0.22300    1.02300    0.00000    0.00000    3.92000
  -0.22600    2.12600    0.40500    1.12700    0.00000    0.00000    3.20600
   4.09100    4.07300    0.69300    1.17100    0.00000    2.00000    5.22400
   3.15700    2.11000    1.15000    0.72000    1.00000    0.00000    5.51800
   3.37700    2.23300    1.07000    0.84100    1.00000    0.00000    5.25100
   0.20200    2.02600    0.22300    1.42900    1.00000    0.00000    5.25900
  -1.18600    2.53400    0.87200    1.61900    0.00000    0.00000    2.73200
   0.49600    2.45600    0.33100    1.25900    0.00000    1.00000    2.85800
   2.52900    2.33000    0.93200    0.93100    0.00000    1.00000    4.55900
   1.85900    2.72800    0.22300    0.95300    0.00000    0.00000    3.75500
   2.81300    3.46100    0.22300    1.28100    0.00000    0.00000    4.41600
   2.28900    3.67600    0.40500    1.52400    0.00000    1.00000    3.97600
   1.58700    3.36900    0.13400    1.61400    0.00000    0.00000    3.25200
  -1.17400    3.41000    0.13400    1.72200    0.00000    0.00000    3.01700
   0.41100    2.12600    0.40500    0.91700    4.00000    2.00000    6.38000
   3.22500    2.11100    1.47700    1.29800    0.00000    0.00000    5.73000
   2.46100    2.56800    0.58200    0.93100    0.00000    0.00000    3.59400
  -0.54400    2.08500    0.56000    2.45100    0.00000    0.00000    1.18000
   4.17700    4.21600    0.22300    1.24800    0.00000    0.00000    5.78000
   3.76200    3.04400    1.02800    0.95900    1.00000    0.00000    5.95000
   2.59000    3.17500    0.85900    2.09500    0.00000    0.00000    4.09500
   2.57500    3.87400    0.63800    1.35200    4.00000    1.00000    4.56100
   0.48900    2.23800    1.51300    2.07800    0.00000    0.00000    4.51300
   1.10700    3.02400    0.45200    2.69800    0.00000    0.00000    0.45000
   2.12700    2.21600    0.58200    0.83900    0.00000    0.00000    3.62000
   3.55800    2.46500    1.58600    1.00000    0.00000    4.00000    7.59100
   2.21700    3.81800    0.69300    1.62700    2.00000    2.00000    5.52200
   1.85900    2.72800    0.22300    0.95300    0.00000    0.00000    3.29000
   2.04200    1.41700    0.89800    0.64800    0.00000    0.00000    4.42100
   1.85900    2.83400    0.13400    1.23700    0.00000    0.00000    3.03000
   1.05000    2.86600    0.22300    1.33300    0.00000    1.00000    2.27000
   2.12700    2.08600    0.64000    0.83800    0.00000    0.00000    3.99500
   2.40200    3.45200    0.33100    1.47600    1.00000    0.00000    3.87000
   1.37300    3.02600    0.40500    1.78700    0.00000    1.00000    3.81000
   2.60400    2.42900    0.83000    1.69600    0.00000    0.00000    3.39100
   1.12100    2.85700    0.97300    1.83800    0.00000    2.00000    5.31100
   2.57600    3.78800    0.69300    1.36500    0.00000    2.00000    4.66400
  -0.43900    3.31500    0.91600    1.75300    0.00000    2.00000    2.50100
  -0.06300    2.98000    0.25100    2.26100    0.00000    0.00000    1.63900
   2.50900    1.82200    0.82900    0.83400    0.00000    0.00000    3.93300
   4.09200    2.58500    1.58600    1.35200    0.00000    0.00000    6.55100
   0.34700    1.51200    0.64000    1.84400    0.00000    0.00000    3.20300
  -0.46300    2.86200    1.03100    1.82800    0.00000    3.00000    4.51200
   1.39300    3.61100    0.33100    2.01700    0.00000    0.00000    2.85900
   2.03100    3.17700    0.91800    1.91900    0.00000    0.00000    4.11600
   0.40800    1.63600    0.64000    1.69500    0.00000    0.00000    3.86100
   2.28800    3.67000    0.72800    2.11000    0.00000    3.00000    2.96400
   3.50800    2.92800    1.13100    0.90800    0.00000    2.00000    5.86000
   4.63400    2.12600    1.27800    0.89600    0.00000    0.00000    5.81500
   2.08100    1.12600    1.07900    1.44000    1.00000    1.00000    3.47000
   1.74800    2.43900    0.93000    0.92400    0.00000    0.00000    4.85600
   3.19000    2.41700    1.02800    1.16200    0.00000    1.00000    4.16900
   3.10500    3.64500    0.22300    1.15500    0.00000    0.00000    4.81000
   2.93100    3.05500    1.27300    1.13200    0.00000    0.00000    5.39300
   2.84100    2.29700    0.76200    0.79800    0.00000    0.00000    3.55500
   3.04500    2.26000    0.60400    0.83600    0.00000    0.00000    4.19400
   2.51000    3.33200    0.13400    1.51900    0.00000    0.00000    3.41500
   2.84100    2.37400    0.81100    0.81700    1.00000    0.00000    5.27700
   0.62600    3.52800    1.74000    1.28800    0.00000    0.00000    5.46600
   1.39500    2.21500    0.88700    0.88800    0.00000    0.00000    4.08400
   2.43300    2.30400    1.02800    1.12400    0.00000    0.00000    4.63500
   4.17900    3.59600    0.97200    0.94100    0.00000    1.00000    4.82800
   2.78600    3.43600    0.33100    0.95100    0.00000    0.00000    4.33800
   1.39800    2.88800    0.25100    1.77100    0.00000    0.00000    2.98300
   2.24200    3.33200    0.13400    1.06800    0.00000    0.00000    3.80600
   3.45100    3.40200    0.60400    1.51700    0.00000    0.00000    5.08600
   1.70100    2.50800    0.58000    0.94100    0.00000    0.00000    3.24200
   1.24600    2.68500    0.40500    1.14500    0.00000    0.00000    3.11000
  -0.78600    1.25100    0.25100    1.12600    0.00000    0.00000    5.07200
   1.96900    1.94500    0.88900    0.83500    0.00000    0.00000    3.92700
   2.45900    3.61300    1.33600    0.83900    0.00000    0.00000    4.88600
   5.46900    3.03000    1.82100    1.02700    0.00000    2.00000    6.89700
   2.64000    2.12200    1.62100    1.51100    0.00000    0.00000    5.67700
   2.64600    1.88600    1.11500    0.65300    0.00000    0.00000    4.34200
   1.59100    2.72800    0.22300    0.95300    0.00000    0.00000    2.37100
   1.33500    2.86600    0.22300    1.28800    2.00000    0.00000    3.41100
   2.72300    3.31500    0.22300    1.10000    1.00000    0.00000    4.35000
  -0.91700    2.67000    0.49600    2.04700    0.00000    0.00000    1.84200
   0.99600    1.52300    1.02800    1.51200    0.00000    1.00000    2.69300
   0.99600    2.75500    0.40500    1.55900    0.00000    1.00000    3.12300
   1.34800    2.12500    0.63800    0.83100    0.00000    0.00000    3.53100
   1.37300    3.02600    0.40500    1.78700    0.00000    1.00000    2.55100
   3.04800    3.91400    0.56000    1.63700    0.00000    1.00000    3.92600
   1.20900    3.14300    0.13400    1.64100    0.00000    0.00000    2.26400
   2.50200    3.73400    0.22300    1.42600    0.00000    0.00000    3.18000
   2.57000    2.11000    0.77300    0.77300    0.00000    1.00000    3.36000
   3.58700    3.38900    0.22300    0.84900    0.00000    1.00000    4.10800
   3.39500    3.37800    0.13400    0.98800    0.00000    0.00000    4.65000
   3.67700    3.39400    0.00000    0.86800    0.00000    0.00000    4.19900
   0.82800    2.22200    0.71100    0.84900    0.00000    0.00000    3.64100
   0.43000    2.81500    0.56000    1.58500    1.00000    1.00000    4.59000
   3.25900    2.44200    0.93400    0.98400    0.00000    1.00000    4.20800
   2.12700    2.08600    0.64000    0.83800    0.00000    0.00000    4.45900
  -0.52100    2.98300    0.49600    2.10600    0.00000    0.00000    1.68000
   1.06400    2.80200    0.22300    1.60000    0.00000    1.00000    1.74800
   1.24600    2.68500    0.40500    1.14500    0.00000    0.00000    3.21900
   3.11200    3.32600    0.64700    0.98600    0.00000    1.00000    4.08100
   0.20200    2.03100    0.87200    1.47500    0.00000    1.00000    6.42400
   1.94000    3.56600    0.13400    1.59500    0.00000    0.00000    3.71900
   2.43300    3.55000    1.18200    1.62400    0.00000    0.00000    4.81100
   2.20000    1.27900    1.32700    1.28400    0.00000    0.00000    4.69700
   1.34800    2.18900    0.58000    0.86300    0.00000    0.00000    3.11500
   2.27400    3.66900    0.22300    1.77800    0.00000    0.00000    3.60400
   3.47800    2.12600    0.83000    0.89900    0.00000    0.00000    4.19400
   1.67200    1.81800    0.49900    1.46800    1.00000    0.00000    3.54600
   3.25900    3.25000    0.00000    0.95000    0.00000    0.00000    3.92600
   2.62100    2.34800    0.76200    0.85000    0.00000    0.00000    3.76900
   3.89600    2.86200    1.54000    1.22600    0.00000    0.00000    6.17100
   3.18600    3.74000    0.13400    1.58100    0.00000    0.00000    4.39600
   3.65900    2.35100    1.58600    1.25000    0.00000    4.00000    6.41600
   2.95700    2.75500    0.83000    1.65600    0.00000    0.00000    3.74600
   0.73600    1.78300    0.62900    0.75000    1.00000    0.00000    3.46000
   3.11800    5.15800    0.13400    1.79100    0.00000    0.00000    6.04000
   1.66000    2.54800    0.94700    1.05100    1.00000    0.00000    3.58800
   3.79500    2.47700    0.83000    0.98300    0.00000    0.00000    4.54000
   0.88800    2.50700    0.40500    1.65200    1.00000    1.00000    4.60300
  -0.81600    2.03100    0.85400    2.59100    0.00000    0.00000    2.68900
   2.85100    3.00000    0.00000    0.93800    1.00000    0.00000    3.51300
   3.10900    1.84400    1.27500    0.80400    0.00000    0.00000    6.72000
   2.78200    3.26000    0.40500    0.92100    0.00000    0.00000    4.57800
   3.38600    3.17900    0.00000    0.80500    0.00000    0.00000    4.32200
   1.43300    2.77700    0.56000    1.12700    1.00000    0.00000    4.76700
   1.53300    3.10300    0.13400    1.34400    0.00000    0.00000    3.17400
  -1.30600    1.00000    0.40500    1.50000    2.00000    0.00000    2.38100
   2.12900    3.52000    0.22300    1.56200    0.00000    1.00000    3.44600
   1.06000    2.72600    0.49600    1.17900    0.00000    1.00000    2.12600
   4.23400    4.08500    0.13400    1.48200    0.00000    0.00000    5.63000
   1.70100    2.50800    0.58000    0.94100    0.00000    0.00000    3.79900
   3.84200    3.16000    1.02800    0.80900    0.00000    0.00000    5.93900
   1.18800    1.88300    0.91600    1.20700    0.00000    1.00000    1.15300
   2.60400    3.27700    0.48600    1.34300    0.00000    0.00000    3.73600
   2.92200    3.24700    0.63800    0.88900    0.00000    1.00000    4.68000
   1.74800    2.47900    0.88700    0.95400    0.00000    0.00000    4.20800
   1.79800    2.98600    0.96100    1.66900    0.00000    4.00000    3.15200
   1.97100    3.64100    0.33100    1.93300    1.00000    0.00000    3.24600
   0.96700    3.02900    0.33100    2.13000    0.00000    1.00000    1.88500
   1.94000    3.48500    0.22300    1.61400    0.00000    0.00000    2.85300
   1.23700    2.53600    0.42900    0.87100    0.00000    1.00000    2.53700
   1.14500    3.93700    0.76200    1.70800    0.00000    0.00000    3.29700
  -0.38600    1.33300    0.75400    1.14800    0.00000    1.00000    3.48700
   4.37900    4.23700    0.22300    1.56500    0.00000    0.00000    5.26800
   6.51500    3.46500    2.17100    0.88800    0.00000    0.00000    3.62300
   2.10200    2.72800    0.13400    0.92300    0.00000    0.00000    3.42000
   3.05100    3.33200    0.13400    0.90900    0.00000    0.00000    4.89100
   2.48100    2.07900    0.98800    0.83600    0.00000    1.00000    3.29800
   1.49200    1.94000    0.74900    1.06600    0.00000    0.00000    2.99000
   1.06000    2.72600    0.49600    1.17900    0.00000    1.00000    2.26900
   2.19300    3.10300    0.13400    1.01600    0.00000    0.00000    3.21000
   3.87600    3.46500    0.00000    0.83700    0.00000    0.00000    4.80900
   3.54600    4.27800    0.40500    1.34500    0.00000    0.00000    4.66800
   0.05700    2.44100    0.88000    1.54000    0.00000    2.00000    4.92000
   3.10500    3.64500    0.22300    1.15500    0.00000    0.00000    5.17800
  -0.19700    3.35100    0.79700    2.45600    2.00000    0.00000    3.90300
   3.47800    2.12600    0.83000    0.89900    0.00000    0.00000    4.55200
   0.29100    2.21800    0.92300    1.07400    0.00000    0.00000    3.23700
   2.23900    2.37700    0.82700    0.93800    0.00000    0.00000    5.08300
   1.70100    2.50800    0.58000    0.94100    0.00000    0.00000    3.79900
  -0.41000    1.77400    0.42900    2.29900    0.00000    0.00000    1.89700
   0.80000    2.87800    0.13400    1.68400    0.00000    0.00000    2.43600
   2.12900    3.36100    0.22300    1.34200    0.00000    0.00000    5.48500
   1.60200    2.64700    1.28600    1.27800    0.00000    0.00000    4.50800
   4.06300    2.08500    1.07900    0.89500    0.00000    0.00000    4.89000
   4.80400    3.38300    1.40800    0.89200    0.00000    0.00000    5.44000
   3.66100    3.73400    0.22300    1.37400    0.00000    0.00000    5.15900
   1.44200    3.08000    0.22300    1.58300    1.00000    0.00000    3.72700
   2.19300    3.01200    0.22300    1.02300    0.00000    0.00000    3.85700
   3.80600    4.03700    0.13400    1.56300    0.00000    0.00000    5.18000
   2.22600    1.43900    1.07900    1.86700    0.00000    0.00000    3.40200
   3.32000    2.39600    1.59300    1.35100    0.00000    0.00000    6.02300
   2.12700    2.21600    0.58200    0.83900    0.00000    0.00000    3.97900
   2.18600    3.17100    0.13400    1.01100    0.00000    0.00000    3.98400
   2.11600    1.96500    1.02800    0.76200    0.00000    0.00000    5.30300
   1.49000    2.77800    0.40500    1.17000    1.00000    0.00000    2.93000
  -0.40600    2.11800    0.95600    2.53900    0.00000    0.00000    3.84500
  -0.53400    2.36600    0.40500    1.73500    0.00000    0.00000    0.24200
   1.20900    3.14300    0.13400    1.64100    0.00000    0.00000    2.69200
   3.50300    3.89600    0.13400    1.57100    0.00000    0.00000    4.82200
   3.76400    1.92500    1.31800    0.59500    0.00000    0.00000    4.70500
   0.07600    2.50700    0.40500    1.50000    0.00000    2.00000    2.85100
   1.59100    2.83400    0.13400    0.95000    0.00000    0.00000    3.02100
   4.63400    2.12600    1.27800    0.89600    0.00000    0.00000    5.36100
   0.14300    2.08600    0.33100    1.22100    1.00000    0.00000    3.81500
  -0.08100    2.70900    0.33100    2.07200    0.00000    0.00000    1.78000
   2.29600    2.56800    0.38900    1.01200    0.00000    0.00000    3.51300
   1.06400    2.80200    0.22300    1.60000    1.00000    0.00000    4.42300
   2.63700    3.01200    0.22300    0.76000    0.00000    0.00000    4.53800
   1.65400    3.37800    1.38000    1.25000    0.00000    0.00000    5.93300
   0.20200    1.81800    0.13400    1.44500    0.00000    0.00000    1.55900
   1.97600    3.04100    0.94700    1.29800    0.00000    1.00000    6.60700
   0.77900    3.20000    0.71100    1.23500    0.00000    3.00000    2.68100
   2.84900    4.17100    0.69300    1.67800    0.00000    2.00000    4.97600
   2.02100    3.36100    0.22300    1.43700    1.00000    2.00000    3.16800
   1.88200    3.52000    0.22300    1.59000    0.00000    0.00000    2.88300
   3.84200    2.89300    1.23600    0.90700    0.00000    0.00000    6.04700
   3.56300    3.99300    0.22300    1.21400    1.00000    0.00000    4.61100
   1.44200    3.08000    0.22300    1.58300    1.00000    0.00000    3.75700
   4.43600    3.39000    0.93400    0.88900    0.00000    0.00000    5.26400
   1.23900    4.19100    0.76200    2.19500    0.00000    0.00000    2.61800
   1.56500    3.64100    0.33100    1.93300    0.00000    1.00000    2.67000
   4.41200    3.26000    0.81100    0.70200    0.00000    0.00000    6.29800
   0.53800    3.01400    0.56000    1.98700    0.00000    1.00000    3.49600
   2.49200    3.18000    1.28100    1.24600    0.00000    0.00000    4.96300
   1.99600    3.04900    0.76200    1.25800    0.00000    2.00000    4.36900
   1.84500    3.18800    1.18200    1.24400    0.00000    1.00000    5.01200
   2.55800    3.73800    1.13100    1.58400    1.00000    2.00000    4.42200
   2.22600    2.02400    0.83000    1.76100    0.00000    0.00000    2.92800
   1.44200    2.86600    0.22300    1.28800    0.00000    0.00000    1.90600
   3.08900    3.20000    1.53100    1.05900    0.00000    0.00000    6.16000
   3.90900    4.30500    0.22300    1.34800    3.00000    2.00000    5.19200
   3.79500    2.47700    0.83000    0.98300    0.00000    0.00000    4.74300
   0.45400    2.85500    1.33100    1.32500    0.00000    2.00000    7.04500
   0.08700    1.78300    0.33100    1.66700    0.00000    0.00000    1.77700
   2.87600    2.26000    0.49900    0.90700    0.00000    0.00000    3.64500
   6.20300    5.92600    0.13400    1.67100    0.00000    0.00000    4.62800
   1.61000    2.25100    0.63800    0.87100    1.00000    0.00000    4.17500
   5.08900    4.21600    0.22300    1.24800    0.00000    0.00000    5.89600
   2.67900    3.13000    0.42900    0.88000    0.00000    0.00000    5.22900
   3.35800    3.70000    0.22300    1.55600    0.00000    1.00000    3.97100
   1.46600    2.57000    1.02800    2.13700    0.00000    0.00000    2.97300
   2.29400    3.02300    0.56000    1.16800    0.00000    1.00000    3.92400
   2.72900    2.08000    0.89100    0.81600    0.00000    0.00000    4.41000
   2.24100    2.43000    0.49600    0.94600    0.00000    0.00000    3.66000
   1.53300    2.82400    0.22300    1.05100    0.00000    0.00000    4.05000
   0.80000    2.74800    0.22300    1.70500    0.00000    0.00000    1.06300
   0.15600    1.77800    0.22300    1.20300    0.00000    0.00000    3.04800
   3.94800    3.24900    2.07100    1.32700    0.00000    0.00000    6.44600
   1.12100    3.15900    0.96500    1.58400    0.00000    2.00000    3.77000
   2.19300    3.01200    0.22300    1.02300    0.00000    0.00000    4.07000
   3.15700    2.08000    1.03300    0.90200    0.00000    0.00000    3.69300
   2.06600    2.83400    0.13400    1.00900    0.00000    0.00000    3.44800
   0.74900    3.13700    0.40500    1.31200    0.00000    2.00000    1.08600
  -1.05300    2.33300    0.25100    1.94600    0.00000    0.00000    2.57600
   2.44600    3.55900    0.22300    1.36000    0.00000    0.00000    3.45800
  -0.29700    1.71300    1.09800    1.75200    0.00000    0.00000    3.04600
   3.38600    3.86700    0.13400    1.17400    0.00000    0.00000    4.06400
   2.37000    2.23300    0.64000    0.92000    1.00000    0.00000    4.80500
   5.12400    2.93100    1.71000    0.93500    2.00000    2.00000    7.01700
   5.17600    3.97900    1.30600    1.40400    0.00000    1.00000    4.23900
   3.52200    4.31100    1.49600    0.96400    0.00000    0.00000    5.19000
   0.65500    2.46200    0.22300    1.62500    1.00000    0.00000    3.65400
   1.67200    1.00000    0.83000    1.43200    0.00000    1.00000    2.85600
   1.50100    2.23300    0.57000    0.88300    0.00000    0.00000    3.32500
   1.96800    2.58300    0.76200    1.10400    0.00000    1.00000    3.88200
   1.95300    2.21600    0.38900    0.79600    0.00000    0.00000    3.75100
   0.08700    2.12600    0.25100    1.71900    0.00000    0.00000    2.45800
   3.79500    2.12600    0.97700    0.77100    0.00000    0.00000    5.28400
   2.05000    3.57000    1.37400    2.25900    0.00000    0.00000    6.08300
   4.63300    3.88800    0.69300    0.97800    0.00000    2.00000    6.60000
   1.23900    3.02300    0.56000    1.16800    1.00000    0.00000    3.27800
   1.74200    3.63400    0.69300    1.74700    0.00000    2.00000    4.05100
   2.12900    3.52000    0.22300    1.56200    1.00000    0.00000    3.62900
   2.60400    1.50000    1.27800    1.86800    0.00000    0.00000    3.91600
   1.59500    3.39300    1.29200    2.12200    0.00000    3.00000    3.47700
   0.80000    2.03400    0.64000    1.72700    0.00000    0.00000    2.58600
   3.29100    3.60900    0.81100    1.20800    0.00000    0.00000    4.24700
   1.44200    3.08000    0.22300    1.46200    2.00000    0.00000    2.49400
   0.65500    2.13700    0.22300    1.17900    0.00000    0.00000    3.77900
   2.60400    3.21900    0.81100    1.12700    0.00000    0.00000    4.75900
   2.55300    2.37500    1.02600    1.09000    0.00000    1.00000    3.89500
   0.43400    2.83600    0.69300    1.43000    0.00000    2.00000    3.17800
   3.35800    3.63000    0.13400    1.47600    0.00000    0.00000    4.30500
   2.04800    3.31400    0.33100    1.39700    3.00000    0.00000    4.47300
   2.52700    3.58700    0.67500    2.10800    0.00000    0.00000    3.65600
   3.85400    3.78000    0.00000    1.18200    0.00000    0.00000    4.93800
   1.73700    3.19100    0.22300    1.15400    0.00000    0.00000    2.68600
   1.34800    2.12500    0.63800    0.83100    0.00000    0.00000    2.93900
   1.49000    2.76500    0.33100    0.95100    0.00000    1.00000    2.55000
   4.91200    3.16400    2.04400    0.83000    0.00000    1.00000    6.11300
   2.19300    3.01200    0.22300    1.02300    0.00000    0.00000    3.75100
   0.34700    2.39600    0.22300    1.77800    0.00000    0.00000    1.12100
   1.75800    2.21700    0.65900    0.78800    0.00000    0.00000    3.72700
  -0.70300    2.03100    0.49600    1.95200    0.00000    1.00000    1.23100
   2.65000    3.90500    0.56000    1.39900    1.00000    0.00000    4.94700
   1.50600    2.51200    0.13400    0.86200    0.00000    0.00000    3.07800
   1.88600    2.09400    0.82700    0.86000    0.00000    0.00000    4.23900
   1.09700    3.35100    0.49600    1.46600    0.00000    0.00000    2.39200
   2.61900    2.53600    0.76400    1.16500    0.00000    1.00000    4.19100
   1.61900    3.08000    0.40500    1.60900    0.00000    2.00000    3.52800
   1.12100    3.28100    0.69300    1.80800    0.00000    2.00000    3.09500
   2.35800    1.98300    1.71400    2.10500    0.00000    0.00000    5.06200
   1.06000    2.72600    0.49600    1.10800    0.00000    1.00000    3.10000
   0.34700    2.56000    0.13400    1.75800    0.00000    0.00000    2.28300
   1.74800    2.47900    0.88700    0.95400    0.00000    0.00000    5.34100
   1.06400    0.66700    1.03000    0.90600    0.00000    0.00000    5.55800
   2.89400    3.98000    0.22300    1.72300    0.00000    0.00000    4.70300
   0.14300    2.12600    0.25100    1.11400    0.00000    0.00000    2.15700
   2.46300    2.06500    1.06200    0.85200    0.00000    0.00000    4.39900
   4.04400    3.82200    0.00000    1.12500    1.00000    0.00000    5.51000
   2.29600    2.21600    0.67900    0.76400    0.00000    0.00000    3.55900
   3.29100    3.60900    0.81100    1.18900    0.00000    0.00000    5.11500
   2.77300    3.74900    0.33100    1.27800    0.00000    0.00000    4.77700
   0.80000    2.87800    0.13400    1.68400    0.00000    0.00000    2.42500
   0.99600    1.09400    1.23600    1.46100    0.00000    1.00000    1.91100
   2.72900    2.08000    0.89100    0.81600    0.00000    0.00000    4.98900
   1.79500    3.31600    0.22300    1.57100    0.00000    1.00000    2.94000
   1.70100    2.44800    0.63800    1.12100    0.00000    0.00000    2.90400
   1.32100    3.19600    1.38000    1.23400    0.00000    0.00000    6.01800
   1.45300    3.26000    0.82900    1.67600    0.00000    1.00000    3.77000
   1.20900    3.03500    0.22300    1.94100    0.00000    0.00000    2.10700
   3.12700    3.31500    0.22300    0.79900    0.00000    0.00000    4.50700
   5.74100    4.35600    1.02800    1.22400    0.00000    1.00000    5.75800
  -0.45000    2.00000    0.69300    1.12800    2.00000    2.00000    4.36600
   0.13300    2.02400    0.40500    1.60500    0.00000    1.00000    1.30700
   1.80700    3.02700    0.33100    1.47200    1.00000    0.00000    3.51000
   2.06600    2.91800    0.22300    0.94400    3.00000    0.00000    4.59000
   2.20600    2.23300    0.46000    0.78900    1.00000    0.00000    4.96000
  -0.38000    1.63600    0.33100    1.26500    1.00000    1.00000    2.76600
   0.37000    4.08600    0.45200    1.84300    0.00000    0.00000    3.46300
   4.27900    3.82800    1.25900    0.96600    1.00000    2.00000    8.60400
   2.24800    3.50900    0.85400    1.47800    0.00000    0.00000    2.83200
  -0.16500    3.31100    0.97200    2.20800    0.00000    3.00000    4.24400
  -1.05300    1.95100    0.40500    1.87800    0.00000    0.00000    0.05300
   1.79500    3.31600    0.22300    1.57100    0.00000    1.00000    2.85600
   3.80600    3.98000    0.22300    1.57800    0.00000    0.00000    4.81900
  -0.53400    2.66500    0.25100    1.76200    0.00000    0.00000    1.79500
   3.95800    3.46500    0.00000    0.80200    0.00000    0.00000    4.98400
   3.61800    4.05000    0.69300    1.38100    0.00000    2.00000    5.66700
   2.23900    2.37700    0.82700    0.93800    0.00000    0.00000    3.99100
   0.07600    2.50700    0.40500    1.50000    2.00000    0.00000    3.93600
  -0.17200    1.94600    0.22300    1.92900    0.00000    0.00000    0.53400
   4.63900    4.53200    0.40500    1.18900    2.00000    2.00000    5.54100
   0.20400    2.53600    0.49600    1.48200    0.00000    1.00000    3.03000
   0.89300    2.35900    0.40500    0.81400    0.00000    0.00000    3.31400
   2.57700    3.47700    0.69300    1.34400    0.00000    2.00000    4.11600
   2.79900    1.97500    0.80200    0.77500    1.00000    0.00000    4.22700
   2.50200    3.66800    0.13400    1.13200    0.00000    0.00000    3.78200
   0.70600    3.21900    0.40500    1.60500    0.00000    0.00000    1.13400
   2.72900    2.08000    0.89100    0.81600    0.00000    0.00000    4.33200
   1.02400    3.12600    0.69300    1.69000    2.00000    2.00000    4.28200
   1.61000    2.11000    0.58000    0.80500    0.00000    0.00000    3.39100
  -0.24100    2.33300    0.25100    2.32700    0.00000    0.00000    3.88400
   1.00200    3.24000    0.69300    1.48700    1.00000    0.00000    3.59800
   1.15500    3.08000    0.82700    1.07900    2.00000    0.00000    5.47800
   0.15600    1.96100    0.13400    1.27000    0.00000    0.00000    2.50500
   1.85100    3.59100    0.58000    1.68500    0.00000    1.00000    4.11700
   3.01800    2.74400    0.49600    0.75300    0.00000    0.00000    4.28400
   2.57300    2.63600    0.82700    0.99900    0.00000    0.00000    4.39300
   1.58700    3.27700    0.22300    1.86900    0.00000    0.00000    2.08500
   2.19300    3.10300    0.13400    1.52100    0.00000    0.00000    3.26700
   0.98200    2.11900    0.92300    1.17900    0.00000    1.00000    1.05000
   1.74800    2.47900    0.88700    0.95400    0.00000    0.00000    4.18100
   1.87800    3.35300    0.40500    1.41800    1.00000    1.00000    5.01800
   0.28900    2.55500    1.11000    1.68600    0.00000    0.00000    2.60100
   2.64200    3.73400    0.22300    1.37400    2.00000    2.00000    4.58600
   2.50200    3.92100    0.13400    1.78900    0.00000    0.00000    3.86100
   2.08100    1.63900    0.83000    1.44500    2.00000    0.00000    5.05000
   0.80000    2.87800    0.13400    2.10200    0.00000    0.00000    1.93200
   0.20200    2.02600    0.22300    1.66700    0.00000    1.00000    0.85500
   3.73700    3.07300    1.49300    1.27900    0.00000    0.00000    6.64500
   0.58600    2.67700    0.33100    1.58200    0.00000    1.00000    2.89500
   2.35900    2.45400    1.07500    0.95100    0.00000    0.00000    6.31700
   1.65500    3.10100    1.53500    1.32600    0.00000    1.00000    6.23800
   3.11000    1.73300    1.07700    0.81000    0.00000    0.00000    4.63000
   1.80700    3.03600    0.40500    1.20500    1.00000    0.00000    3.73300
   1.70100    2.50800    0.58000    0.94100    0.00000    0.00000    3.34500
   4.65800    2.37700    1.27800    0.97400    0.00000    0.00000    5.37200
   3.90900    2.08600    1.50100    0.76600    0.00000    0.00000    6.09300
  -0.27300    2.03400    0.33100    2.67200    1.00000    0.00000    0.84100
   3.45800    2.07700    1.23600    0.82900    0.00000    1.00000    4.42400
   2.42000    3.11000    0.00000    1.07900    2.00000    0.00000    3.97400
   2.05200    2.97100    0.97200    1.25500    0.00000    2.00000    4.56500
   1.74800    2.47900    0.88700    0.95400    0.00000    0.00000    4.91200
   1.89700    3.19800    0.40500    1.39900    0.00000    0.00000    3.87400
   2.72600    3.69000    0.22300    1.06200    0.00000    0.00000    3.59900
   1.23900    3.02300    0.56000    1.34900    1.00000    0.00000    3.91700
   0.20200    2.02600    0.22300    1.66700    1.00000    0.00000    2.65000
   2.10200    2.82400    0.22300    1.00000    0.00000    1.00000    2.87000
   2.31400    3.92400    0.69300    1.70700    0.00000    2.00000    4.71300
   2.90400    4.13500    0.58000    1.26300    1.00000    2.00000    5.53800
   3.39900    4.32700    0.56000    1.25400    2.00000    5.00000    6.68300
   4.20700    3.32300    1.23200    1.13400    0.00000    0.00000    6.52500
   1.95000    3.44400    0.88000    1.46600    0.00000    3.00000    4.00400
   1.20900    3.03500    0.22300    1.66200    0.00000    0.00000    2.21700
   1.09100    2.30900    0.76200    0.84500    1.00000    0.00000    3.60100
   1.19500    3.08000    0.22300    1.38500    0.00000    0.00000    2.07000
   1.02000    2.93800    1.38500    1.22500    0.00000    2.00000    4.59300
   5.93400    3.37600    1.27800    0.91500    0.00000    0.00000    4.86200
   1.07400    2.63200    0.42900    1.17600    0.00000    0.00000    2.97500
   1.54800    3.13400    0.22300    1.19300    0.00000    0.00000    2.69200
   2.21400    3.24000    0.56000    0.88900    0.00000    0.00000    4.54400
   0.20200    1.59400    0.22300    1.06800    0.00000    0.00000    4.56400
  -0.52100    3.07900    0.42900    2.13500    0.00000    0.00000    1.30800
   0.99600    2.75500    0.40500    1.84400    0.00000    1.00000    3.23100
   1.71700    2.81900    0.73200    1.48300    0.00000    0.00000    2.94100
   1.83400    2.63400    0.22300    0.93900    0.00000    0.00000    3.92600
  -1.26500    1.78600    0.70200    1.08100    0.00000    0.00000    8.13200
   0.11300    2.42800    0.95600    2.60900    0.00000    0.00000    1.30100
   1.94700    3.41000    0.22300    1.27800    1.00000    2.00000    2.73700
   2.19300    3.10300    0.13400    1.01600    0.00000    0.00000    3.22000
   1.62200    3.92100    0.25100    1.39800    0.00000    0.00000    3.41600
   1.31300    1.63400    0.71300    1.19000    0.00000    0.00000    2.05600
   1.70100    2.50800    0.58000    0.94100    0.00000    0.00000    3.48300
   1.85900    2.83400    0.13400    0.95000    0.00000    0.00000    2.82700
   2.24100    2.43000    0.49600    0.94600    0.00000    0.00000    3.44100
   3.49200    3.83300    0.40500    1.52200    0.00000    1.00000    2.09200
   1.31700    2.80400    1.11000    0.61800    0.00000    6.00000    6.25400
   5.20600    2.63900    1.46200    0.83000    0.00000    0.00000    5.98500
  -0.38600    1.51200    0.33100    1.62700    1.00000    0.00000    2.89100
   0.18000    0.97300    0.98800    1.48900    0.00000    1.00000    2.72500
   2.45500    3.16400    0.22300    0.90900    0.00000    0.00000    3.11200
   2.60400    1.92000    1.07900    1.73800    0.00000    0.00000    3.40800
   2.20900    3.55700    0.33100    1.30100    2.00000    1.00000    4.71100
   0.65500    2.13700    0.22300    1.17900    0.00000    0.00000    3.28800
   0.78700    3.07300    0.69300    1.85100    0.00000    2.00000    4.01600
   0.70600    3.21900    0.40500    1.60500    0.00000    0.00000    1.08800
   4.20600    4.13900    0.49600    1.43000    0.00000    1.00000    5.76700
   5.25800    4.43600    0.76400    1.22700    0.00000    1.00000    5.41200
   3.03800    3.51400    0.00000    1.37500    2.00000    2.00000    4.46500
   1.70100    2.50800    0.58000    0.94100    0.00000    0.00000    3.76600
   2.48100    2.07900    0.98800    0.83600    0.00000    1.00000    2.60800
   2.59000    3.42600    0.85000    1.79200    0.00000    0.00000    4.37700
   3.37400    3.73900    0.00000    1.20400    1.00000    1.00000    5.68900
   1.70100    2.44800    0.63800    0.92100    0.00000    0.00000    3.51300
