   0.33300    0.00000    0.33300    0.00000    0.00000    0.33300    0.52502
   0.00000    0.33300    0.33300    0.00000    0.00000    0.33300    0.56986
   0.50000    0.00000    0.00000    0.00000    0.00000    0.50000    0.31225
   0.25000    0.00000    0.00000    0.25000    0.25000    0.25000    0.52528
   0.25000    0.25000    0.00000    0.25000    0.25000    0.00000    0.60099
   0.00000    0.00000    0.50000    0.00000    0.00000    0.50000    0.45576
   0.00000    0.50000    0.00000    0.00000    0.00000    0.50000    0.53629
   0.00000    0.25000    0.00000    0.25000    0.25000    0.25000    0.59852
   1.00000    0.00000    0.00000    0.00000    0.00000    0.00000    0.20000
   0.25000    0.00000    0.25000    0.00000    0.25000    0.25000    0.53383
   0.00000    1.00000    0.00000    0.00000    0.00000    0.00000    0.53187
   0.00000    0.00000    0.50000    0.00000    0.50000    0.00000    0.62673
   0.25000    0.25000    0.00000    0.00000    0.25000    0.25000    0.48216
   0.00000    0.25000    0.25000    0.25000    0.25000    0.00000    0.78042
   0.25000    0.25000    0.25000    0.25000    0.00000    0.00000    0.71361
   0.50000    0.00000    0.00000    0.50000    0.00000    0.00000    0.52698
   0.00000    0.00000    0.50000    0.50000    0.00000    0.00000    0.75062
   0.00000    0.25000    0.25000    0.00000    0.25000    0.25000    0.58236
   0.16700    0.16700    0.16700    0.16700    0.16700    0.16700    0.69269
   0.00000    0.00000    1.00000    0.00000    0.00000    0.00000    0.54971
   0.00000    0.00000    0.00000    0.00000    0.00000    1.00000    0.32661
   0.00000    0.00000    0.25000    0.25000    0.25000    0.25000    0.59511
   0.33300    0.00000    0.33300    0.00000    0.33300    0.00000    0.61316
   0.20000    0.00000    0.20000    0.20000    0.20000    0.20000    0.63579
   0.33300    0.00000    0.33300    0.33300    0.00000    0.00000    0.75344
   0.25000    0.00000    0.25000    0.25000    0.25000    0.00000    0.72110
   0.33300    0.33300    0.00000    0.00000    0.33300    0.00000    0.47128
   0.00000    0.00000    0.33300    0.00000    0.33300    0.33300    0.46118
   0.33300    0.00000    0.00000    0.00000    0.33300    0.33300    0.29512
   0.33300    0.00000    0.00000    0.33300    0.00000    0.33300    0.54224
