  -0.15121   -0.84364   -1.00000    0.29326   -1.00000    0.29630   -0.17532    0.93821   -0.85507    1.00000    0.82824    0.61702    0.98754   15.10000
  -0.76545   -0.99875   -0.20000   -0.94208   -1.00000   -0.81893    0.12244   -0.14521    0.39358   -1.00000   -0.43511    0.51064    1.00000   22.90000
  -0.65121   -0.99007   -1.00000   -0.57918    1.00000   -0.49794    0.21288    0.30999   -0.54127   -0.39130   -0.54199    0.02128    0.81492   29.00000
  -0.76490   -0.99980    0.60000   -0.88636   -1.00000   -0.79424    0.17800   -0.44799    0.31208   -0.73913   -0.64504   -0.06383    0.96994   24.50000
  -0.71358   -0.99865   -1.00000   -0.73680   -1.00000   -0.48560    0.26423    0.47271   -0.67524   -0.65217   -0.58397   -0.14894    0.97161   29.90000
  -0.35872   -0.99764   -1.00000    1.00000   -1.00000   -0.07819   -0.07185    0.66014   -0.82171   -0.73913    1.00000    0.59574    1.00000   20.10000
  -0.36313   -0.99750   -0.75000   -0.45674   -1.00000   -0.42798   -0.06189    0.64779   -0.07299   -0.65217   -0.52672   -0.44681    1.00000   18.90000
  -0.12197   -0.80924   -1.00000    0.29326   -1.00000   -0.18107    0.06802    0.71370   -0.83212    1.00000    0.82824    0.61702   -0.58077   14.50000
  -0.53753    0.14937   -1.00000    0.29326   -1.00000   -0.12757   -0.15846    1.00000   -0.94846    1.00000    0.82824    0.61702   -0.98850   15.00000
  -0.89128   -0.95495   -1.00000    0.40176   -1.00000   -0.09465    0.67388    0.92173   -0.83335   -0.65217   -0.17557   -0.55319    0.86081   50.00000
  -0.45309   -0.94973   -1.00000    0.40176   -1.00000   -0.09465   -0.12129    0.83110   -0.76495   -0.65217   -0.17557   -0.55319    0.99097   22.70000
  -0.68764   -0.99893   -1.00000   -0.01320   -1.00000   -0.78601    0.14505   -0.00927   -0.12143   -0.73913   -0.61069   -0.27660    0.97957   27.10000
   0.36424   -0.65897   -1.00000    0.29326   -1.00000    0.46091   -0.00709    1.00000   -0.85730    1.00000    0.82824    0.61702   -0.95461    8.70000
  -0.51876   -0.99694   -1.00000   -0.29985   -1.00000   -0.33333    0.03200    0.67456   -0.79505   -0.56522   -0.06489    0.10638    0.95885   18.50000
  -0.79194   -0.97152   -1.00000    0.40176    1.00000   -0.09465    0.03047    0.84758   -0.87837   -0.65217   -0.17557   -0.55319    0.70760   27.00000
  -0.57119   -0.99935   -0.32000   -0.58724   -1.00000   -0.80247    0.16076   -0.22760   -0.20667   -0.47826   -0.45801   -0.25532    0.99420   22.00000
   0.55850   -0.77722   -1.00000    0.29326   -1.00000    0.26749   -0.12205    0.54274   -0.93256    1.00000    0.82824    0.61702    0.70377    6.30000
  -0.72682   -0.99837   -0.10000   -0.78153   -1.00000   -0.78601    0.23434   -0.21318   -0.51641   -0.65217   -0.19466   -0.44681    0.98472   32.00000
  -0.74448   -0.99972    0.70000   -0.72947   -1.00000   -0.81893    0.13240   -0.48919    0.34687   -0.73913   -0.37405    0.12766    0.97746   23.10000
  -0.36258   -0.96651   -1.00000    0.40176   -1.00000    1.00000   -0.29373    1.00000   -0.91598   -0.65217   -0.17557   -0.55319    0.72112   19.60000
   0.53422   -0.94690   -1.00000    0.40176   -1.00000    1.00000   -0.47691    0.91143   -0.93976   -0.65217   -0.17557   -0.55319    0.97383   14.60000
  -0.55960   -0.99209   -1.00000   -0.57918    1.00000   -0.49794    0.29910    0.76313   -0.68498   -0.39130   -0.54199    0.02128    0.97378   26.70000
  -0.74448   -0.99087   -1.00000   -0.57918   -1.00000   -0.51029    0.38034    0.58599   -0.62060   -0.39130   -0.54199    0.02128    0.87483   31.60000
  -0.80132   -0.99864   -1.00000   -0.73680   -1.00000   -0.48560    0.14390   -0.37796   -0.63577   -0.65217   -0.58397   -0.14894    0.97004   29.40000
  -0.90066   -0.99887   -0.20000   -0.56378    1.00000   -0.74486    0.22514   -0.38208   -0.46385   -0.73913   -0.74428    0.06383    1.00000   32.40000
   0.19260   -0.53445   -1.00000    0.29326   -1.00000    0.12757   -0.77889    1.00000   -0.99118    1.00000    0.82824    0.61702    0.86545   11.90000
  -0.79084   -0.99808   -1.00000   -0.24120   -1.00000   -0.88477   -0.04043   -0.89907   -0.24384   -0.73913   -0.54962    0.40426    0.96979   22.80000
  -0.43433   -0.97761   -1.00000   -0.43695   -1.00000   -0.37037    0.19295    0.73841   -0.43449   -0.73913   -0.54199    0.78723    0.91593   21.00000
   0.08885   -0.99098   -1.00000   -0.57918    1.00000   -0.49794   -0.00249    0.82080   -0.65110   -0.39130   -0.54199    0.02128    0.99163   21.70000
  -0.74834   -0.99892   -1.00000   -0.73680   -1.00000   -0.48560    0.05537    0.45211   -0.60209   -0.65217   -0.58397   -0.14894    0.99344   24.60000
   0.01269   -0.35597   -1.00000    0.29326   -1.00000   -0.12757   -0.38916    1.00000   -0.91638    1.00000    0.82824    0.61702    0.06233   16.30000
  -0.61810   -0.99958   -1.00000   -0.89516   -1.00000   -0.45267    0.14160    0.16993   -0.06568   -1.00000   -0.10305   -0.29787    0.96500   16.50000
  -0.11369   -0.85879   -1.00000    0.29326   -1.00000    0.46091    0.06534    0.92585   -0.82861    1.00000    0.82824    0.61702    0.60215   14.90000
  -0.27815   -0.99634   -1.00000    0.84677   -1.00000   -0.19342   -0.07070    0.76107   -0.84299   -0.91304   -0.99618    0.38298    0.94009   21.40000
  -0.39625   -0.99876   -1.00000   -0.71188   -1.00000   -0.76543   -0.10443    0.01751    0.25199   -0.82609   -0.37023    0.31915    0.83716   17.20000
  -0.56954   -0.79260   -1.00000    0.29326   -1.00000    0.01235    0.01744    1.00000   -0.99282    1.00000    0.82824    0.61702    0.84492   50.00000
   0.55629   -0.99539   -0.75000   -0.45674   -1.00000   -0.42798   -0.20674    1.00000   -0.09929   -0.65217   -0.52672   -0.44681    0.94821   16.50000
  -0.43488   -0.99786   -1.00000   -0.09311   -1.00000   -0.78601    0.04158    0.47477   -0.46847   -0.65217   -0.19466    0.29787    0.88280   20.00000
  -0.39790   -0.94090   -1.00000   -0.30792   -1.00000   -0.34568   -0.45890   -0.28115   -0.74724   -0.73913   -0.55344    0.23404    0.76575   16.10000
  -0.56071   -0.99857   -1.00000   -0.01540   -1.00000   -0.32099    0.18069    0.69310   -0.58325   -0.65217   -0.66031   -0.19149    0.97922   28.70000
  -0.41115   -0.99776   -0.40000   -0.67229   -1.00000   -0.82305   -0.02893    0.28115   -0.05310   -0.56522   -0.56870   -0.14894    0.98850   20.10000
  -0.75386   -0.99860   -1.00000   -0.82185   -1.00000   -0.75309    0.47729    0.22760   -0.56977   -0.91304   -0.66031    0.14894    1.00000   33.20000
  -0.67936   -0.99575   -1.00000   -0.24120   -1.00000   -0.88477    0.02855   -0.93203   -0.24384   -0.73913   -0.54962    0.40426    0.90050   23.40000
   0.18985   -0.84165   -1.00000    0.29326   -1.00000   -0.05761   -0.02587    0.69310   -0.83774    1.00000    0.82824    0.61702   -0.98890   13.40000
  -0.57009   -0.99645   -0.56000   -0.60411   -1.00000   -0.81070    0.10059   -0.04840    0.21796   -0.47826   -0.45420    0.38298    0.88809   24.50000
  -0.17163   -0.81473   -1.00000    0.29326   -1.00000    0.34979    0.46848    0.98558   -0.75937    1.00000    0.82824    0.61702    0.89394   17.80000
  -0.36976   -0.99878   -1.00000   -0.85337   -1.00000   -0.57613   -0.00671    0.35736   -0.60896   -0.82609   -0.97710    0.10638    0.95063   29.60000
  -0.81512   -0.99583   -1.00000   -0.49267   -1.00000   -0.55556    0.09983   -0.75695   -0.22045   -0.65217   -0.61832    0.48936    0.98376   24.60000
  -0.72130   -0.99837   -1.00000   -0.09311   -1.00000   -0.78601    0.03928   -0.93615   -0.43222   -0.65217   -0.19466    0.29787    0.99001   24.10000
  -0.52870   -0.99818   -1.00000   -0.09311   -1.00000   -0.78601   -0.01169   -0.11638   -0.46150   -0.65217   -0.19466    0.29787    0.94987   20.80000
  -0.68488   -0.99656   -1.00000   -0.52713   -1.00000   -0.74074    0.01552   -0.92585   -0.16498   -0.82609   -0.82443    0.12766    0.98770   24.70000
  -0.01821   -0.78155   -1.00000    0.29326   -1.00000    0.46091    0.09025    0.94233   -0.82986    1.00000    0.82824    0.61702    0.94483   17.10000
  -0.47296   -0.98383   -1.00000   -0.43695   -1.00000   -0.37037   -0.16996    0.37178   -0.51497   -0.73913   -0.54199    0.78723    0.96999   18.20000
  -0.61148   -0.99834   -1.00000   -0.59677   -1.00000   -0.53086   -0.12282   -0.20494   -0.48993   -0.65217   -0.64886    0.40426    1.00000   21.00000
  -0.59658   -0.99808   -1.00000   -0.73680   -1.00000   -0.48560    0.09408    0.67250   -0.72416   -0.65217   -0.58397   -0.14894    0.99294   23.60000
  -0.80905   -0.99727   -0.40000   -0.67229   -1.00000   -0.82305    0.08527   -0.89907    0.07410   -0.56522   -0.56870   -0.14894    0.88809   23.70000
  -0.81733   -0.99884   -1.00000   -0.85337   -1.00000   -0.57613    0.31021    0.14315   -0.69093   -0.82609   -0.97710    0.10638    1.00000   37.20000
  -0.69923   -0.99957    0.10000   -0.75660   -1.00000   -0.59259    0.20138    0.10196   -0.16295   -0.65217   -0.30153    0.06383    1.00000   23.90000
  -0.55022   -0.99657   -1.00000   -0.24120   -1.00000   -0.88477   -0.08028   -0.69928   -0.24384   -0.73913   -0.54962    0.40426    0.89934   21.70000
   0.78201   -0.69266   -1.00000    0.29326   -1.00000    0.46091   -0.09025    0.75077   -0.87433    1.00000    0.82824    0.61702   -0.65389    8.40000
  -0.45199   -0.89568   -1.00000    0.29326   -1.00000   -0.05761    0.31021    0.33265   -0.74478    1.00000    0.82824    0.61702    0.88794   29.80000
  -0.19592   -0.98328   -1.00000   -0.43695   -1.00000   -0.37037   -0.09446    0.87848   -0.40529   -0.73913   -0.54199    0.78723    0.98704   15.60000
  -0.26600   -0.99273   -1.00000    0.57111   -1.00000   -0.01646   -0.13355    0.90525   -0.75624   -0.73913   -0.04580    0.82979    0.95860   18.40000
  -0.46192   -0.88321   -1.00000    0.29326    1.00000    0.58436   -0.01667    0.65808   -0.71026    1.00000    0.82824    0.61702    0.99259   22.70000
  -0.71468   -0.98538   -0.60000   -0.74267   -1.00000    0.07819    0.25733    1.00000   -0.83975   -0.65217   -0.70611   -0.91489    0.97494   30.10000
  -0.80132   -0.99859   -1.00000   -0.87390   -1.00000   -0.69959    0.37421    0.05664   -0.10291   -0.82609   -0.86641    0.29787    1.00000   36.20000
  -0.67605   -0.98632   -1.00000   -0.57918   -1.00000   -0.49794    0.17149    0.60453   -0.61035   -0.39130   -0.54199    0.02128    1.00000   30.10000
  -0.43157   -0.85528   -1.00000    0.29326   -1.00000   -0.18107    0.09753    0.48095   -0.80525    1.00000    0.82824    0.61702   -0.50764   16.10000
  -0.67605   -0.99911    0.05000   -0.64370   -1.00000   -0.91770    0.05537   -0.12049    0.12534   -0.56522   -0.59542   -0.14894    1.00000   22.30000
  -0.73510   -0.99885   -1.00000   -0.70454   -1.00000   -0.73663    0.17609    0.09578   -0.39836   -0.82609   -0.77099    0.25532    0.97680   26.60000
  -0.65121   -0.99918    0.60000   -0.89370   -1.00000   -0.88477   -0.19448   -0.60865    0.71978   -0.73913   -0.43893    1.00000    0.92889   18.20000
  -0.39625   -0.90435   -1.00000    0.29326   -1.00000    0.58436   -0.02242    0.61483   -0.74911    1.00000    0.82824    0.61702    0.96893   22.60000
   0.50773   -0.59361   -1.00000    0.29326   -1.00000    0.20988    0.10098    1.00000   -0.87176    1.00000    0.82824    0.61702   -0.86419    7.20000
  -0.84989   -0.99888   -1.00000   -0.85337   -1.00000   -0.57613    0.63633    0.04428   -0.62360   -0.82609   -0.97710    0.10638    0.97847   50.00000
  -0.29857   -0.99628   -0.50000   -0.65763   -1.00000   -0.72016   -0.07837    0.86406    0.03464   -0.39130   -0.62977    0.51064    0.90509   16.00000
  -0.92274   -0.99155   -1.00000   -0.57918   -1.00000   -0.51029    0.71642    0.72194   -0.62060   -0.39130   -0.54199    0.02128    0.95199   37.60000
  -0.83002   -0.99985    0.80000   -0.94428   -1.00000   -0.92593    0.41330   -0.60865    0.37621   -0.65217   -0.85115    0.12766    0.99511   35.40000
  -0.05795   -0.99499   -1.00000   -0.52713   -1.00000   -0.74074   -0.05384    0.70134   -0.17071   -0.82609   -0.82443    0.12766    0.97902   16.60000
   0.43874   -0.94666   -1.00000    0.40176   -1.00000    1.00000   -0.01552    1.00000   -0.94735   -0.65217   -0.17557   -0.55319   -0.12961   13.80000
  -0.06457   -0.89064   -1.00000    0.29326   -1.00000   -0.05761    0.12014    0.86818   -0.78618    1.00000    0.82824    0.61702    0.99652   16.70000
   0.37472   -0.41701   -1.00000    0.29326   -1.00000    0.20988   -0.33206    0.77549   -0.90581    1.00000    0.82824    0.61702   -0.35932   10.40000
  -0.09492   -0.89331   -1.00000    0.29326   -1.00000    0.34979    0.13585    0.72194   -0.76244    1.00000    0.82824    0.61702   -0.74482   14.10000
   0.80353   -0.96353   -1.00000    0.57111   -1.00000   -0.01646   -0.44127    1.00000   -0.94366   -0.73913   -0.04580    0.82979    1.00000   14.40000
  -0.32340   -0.85054   -1.00000    0.29326   -1.00000    0.34979    0.05614    0.64985   -0.70814    1.00000    0.82824    0.61702    1.00000   19.50000
  -0.81402   -0.99810   -0.10000   -0.78153   -1.00000   -0.78601    0.29910   -0.61689   -0.02696   -0.65217   -0.19466   -0.44681    0.90307   37.00000
  -0.35375   -0.55934   -1.00000    0.29326   -1.00000    0.17696    0.43782    0.95675   -0.96605    1.00000    0.82824    0.61702    1.00000   15.00000
  -0.66225   -0.99994    0.80000   -0.81598   -1.00000   -0.93827    0.35160   -0.63131    0.12353   -1.00000   -0.62595   -0.42553    0.98901   32.20000
  -0.58996   -0.99250   -0.56000   -0.60411   -1.00000   -0.81070   -0.02395   -0.34089    0.25961   -0.47826   -0.45420    0.38298    0.96611   24.30000
  -0.22406   -0.95183   -1.00000    0.40176   -1.00000    1.00000   -0.17685    0.96910   -0.91023   -0.65217   -0.17557   -0.55319    0.31943   19.40000
  -0.88797   -0.99934   -0.60000   -0.78959   -1.00000   -0.76173    0.63211    0.26880   -0.35162   -0.65217   -0.88931   -0.51064    0.95164   45.40000
  -0.69868   -0.99835   -0.20000   -0.56378   -1.00000   -0.74486    0.11937   -0.39856   -0.45245   -0.73913   -0.74428    0.06383    1.00000   29.10000
  -0.49559   -0.99708   -1.00000   -0.25733   -1.00000   -0.57202   -0.10711   -0.60041   -0.48789   -0.73913   -0.65649    0.27660    1.00000   22.60000
  -0.57561   -0.99680   -1.00000   -0.40616   -1.00000   -0.44444    0.21326    0.58599   -0.70024   -0.65217   -0.24809    0.76596    0.98921   27.50000
   0.08830   -0.93868   -1.00000    0.40176   -1.00000    1.00000   -0.21977    0.89495   -0.92796   -0.65217   -0.17557   -0.55319    0.77281   15.40000
  -0.92108   -0.98799   -0.60000   -0.74267   -1.00000   -0.21811    0.49799    0.02369   -0.68311   -0.65217   -0.70611   -0.91489    0.96671   43.50000
  -0.62804   -0.98604   -1.00000   -0.43695   -1.00000   -0.37037   -0.12895    0.10402   -0.38728   -0.73913   -0.54199    0.78723    0.99355   19.90000
  -0.32395   -0.99827   -1.00000   -0.85337   -1.00000   -0.57613   -0.21709    0.78991   -0.66203   -0.82609   -0.97710    0.10638    0.97025   26.40000
  -0.62196   -0.99828   -1.00000   -0.01320   -1.00000   -0.78601   -0.01667   -0.68074   -0.20467   -0.73913   -0.61069   -0.27660    1.00000   23.90000
  -0.75773   -0.99247   -1.00000   -0.49267   -1.00000   -0.55556    0.09370   -0.23378   -0.34682   -0.65217   -0.61832    0.48936    1.00000   25.00000
  -0.84713   -0.99976    0.80000   -0.88563   -1.00000   -0.89712    0.21364   -0.31617    1.00000   -0.65217   -1.00000   -0.06383    0.93726   30.10000
  -0.52373   -0.99110   -1.00000   -0.30792   -1.00000   -0.34568    0.08105    0.32441   -0.56299   -0.73913   -0.55344    0.23404    0.99148   23.10000
  -0.38521   -0.90936   -1.00000    0.29326   -1.00000   -0.39506    0.02242    0.80844   -0.64177    1.00000    0.82824    0.61702    0.99208   19.60000
  -0.52759   -0.86929   -1.00000    0.29326   -1.00000    0.34979    0.13125    0.79197   -0.69591    1.00000    0.82824    0.61702    0.98447   20.20000
  -0.09879   -0.99675   -1.00000    1.00000   -1.00000   -0.07819   -0.27457    0.84964   -0.87427   -0.73913    1.00000    0.59574    0.99087   15.20000
  -0.29415   -0.15352   -1.00000    0.29326   -1.00000    0.20988    0.01207    0.56128   -0.86664    1.00000    0.82824    0.61702   -0.90670   10.90000
  -0.18433   -0.98125   -1.00000   -0.43695   -1.00000   -0.37037   -0.21901    0.70546   -0.39528   -0.73913   -0.54199    0.78723    0.52857   13.90000
  -0.37583   -0.96969   -1.00000   -0.43695   -1.00000   -0.37037   -0.03775    1.00000   -0.44614   -0.73913   -0.54199    0.78723    0.89828   14.50000
   0.36148   -0.83371   -1.00000    0.29326   -1.00000   -0.12757   -0.21211    0.95675   -0.94087    1.00000    0.82824    0.61702    0.58515   17.20000
  -0.33223   -0.98099   -1.00000   -0.43695   -1.00000   -0.37037   -0.07875    0.77755   -0.47573   -0.73913   -0.54199    0.78723    0.97796   19.60000
   0.04249    0.65287   -1.00000    0.29326   -1.00000    0.20988   -0.08182    1.00000   -0.87760    1.00000    0.82824    0.61702   -0.91865    8.80000
  -0.36313   -0.91360   -1.00000    0.29326    1.00000    0.58436    0.08603    0.81462   -0.74982    1.00000    0.82824    0.61702    0.97196   21.70000
  -0.30795   -0.99853   -1.00000    0.84677   -1.00000   -0.19342   -0.06381    0.67250   -0.80580   -0.91304   -0.99618    0.38298    0.90302   20.30000
  -0.91170   -0.99935    0.60000   -0.67082   -1.00000   -0.89300    0.26461   -0.48507   -0.27487   -0.73913   -0.77863    0.40426    1.00000   28.50000
  -0.89901   -0.99837    0.60000   -0.67082   -1.00000   -0.89300    0.37459   -0.48919   -0.27487   -0.73913   -0.77863    0.40426    1.00000   37.30000
  -0.22130   -0.99697   -1.00000   -0.01320   -1.00000   -0.78601   -0.14581    0.13491   -0.05602   -0.73913   -0.61069   -0.27660    1.00000   20.30000
  -0.53532   -0.99572   -0.56000   -0.60411   -1.00000   -0.81070    0.02127    0.57158    0.25961   -0.47826   -0.45420    0.38298    0.89530   20.50000
  -0.20475   -0.94514   -1.00000    0.40176   -1.00000    1.00000   -0.34432    0.87642   -0.88964   -0.65217   -0.17557   -0.55319   -0.55464   13.10000
  -0.53753   -0.99856   -1.00000   -0.73680   -1.00000   -0.48560   -0.05767   -0.08754   -0.55891   -0.65217   -0.58397   -0.14894    0.98149   23.20000
  -0.41446   -0.99887   -1.00000   -0.09311   -1.00000   -0.78601    0.02357    0.04634   -0.29353   -0.65217   -0.19466    0.29787    0.94705   21.20000
  -0.84216   -0.99931   -0.60000   -0.78959   -1.00000   -0.76173    0.30561   -0.29351   -0.25159   -0.65217   -0.88931   -0.51064    0.97645   35.40000
  -0.82781   -0.99541   -0.60000   -0.78959   -1.00000   -0.76173    0.24583   -0.39650   -0.45965   -0.65217   -0.88931   -0.51064    1.00000   35.10000
   0.80132   -0.57728   -1.00000    0.29326   -1.00000   -0.12757   -0.59111    1.00000   -0.92283    1.00000    0.82824    0.61702   -0.85642   17.90000
  -0.68543   -0.99937    0.65000   -0.88490   -1.00000   -0.87654   -0.00326   -0.26880   -0.06512   -0.91304   -0.38550   -0.55319    0.98421   24.10000
  -0.88521   -0.99935    0.90000   -0.83724   -1.00000   -0.87202    0.64476   -0.37590   -0.27463   -0.73913   -0.85878   -0.55319    0.97922   48.50000
  -0.93157   -0.99983    0.60000   -1.00000   -1.00000   -0.84774    0.65319   -0.40062   -0.17817   -0.73913   -0.74046   -0.61702    0.98654   50.00000
  -0.60541   -0.81430   -1.00000    0.29326    1.00000    0.16461   -0.11324    0.78579   -1.00000    1.00000    0.82824    0.61702    0.75279   50.00000
  -0.20144   -0.99520   -1.00000   -0.52713   -1.00000   -0.74074   -0.21786    0.21730   -0.09827   -0.82609   -0.82443    0.12766    1.00000   19.40000
  -0.72461   -0.99816   -1.00000   -0.24120   -1.00000   -0.88477    0.09446   -0.92379   -0.24384   -0.73913   -0.54962    0.40426    0.93358   24.20000
  -0.06015   -0.88116   -1.00000    0.29326   -1.00000    0.29630   -0.04579    0.63955   -0.81118    1.00000    0.82824    0.61702    0.90660   23.20000
   0.07119   -0.99363   -1.00000   -0.32331   -1.00000   -0.17696   -0.29910    0.44181   -0.69646   -0.56522   -0.22137    0.40426    1.00000   19.70000
  -0.31733   -0.99411   -1.00000   -0.32331   -1.00000   -0.17696   -0.14428    0.39444   -0.67935   -0.56522   -0.22137    0.40426    1.00000   18.30000
  -0.12417   -0.79821   -1.00000    0.29326    1.00000    0.58436    0.01590    0.94645   -0.81948    1.00000    0.82824    0.61702    0.90332   17.80000
  -0.15949   -0.98760   -1.00000    0.57111   -1.00000   -0.01646    0.06304    0.96293   -0.82157   -0.73913   -0.04580    0.82979    0.98875   18.10000
  -0.47461   -0.98159   -0.60000   -0.74267   -1.00000    0.07819    0.44319    0.88671   -0.82737   -0.65217   -0.70611   -0.91489    0.98245   31.00000
  -0.10596   -0.99805   -1.00000    0.84677   -1.00000   -0.19342   -0.08028    0.85376   -0.82590   -0.91304   -0.99618    0.38298    0.90514   20.50000
   0.25993   -0.82047   -1.00000    0.29326   -1.00000    0.29630   -0.24928    1.00000   -0.92662    1.00000    0.82824    0.61702    1.00000   12.30000
  -0.15177   -0.99632   -0.75000   -0.45674   -1.00000   -0.42798   -0.06381    0.70958   -0.00654   -0.65217   -0.52672   -0.44681    0.94861   18.90000
   0.66998   -0.49217   -1.00000    0.29326   -1.00000    0.29630   -0.44855    0.78373   -0.92929    1.00000    0.82824    0.61702    1.00000    7.40000
  -0.57781   -0.99698   -1.00000   -0.25733   -1.00000   -0.57202    0.07837   -0.39444   -0.48789   -0.73913   -0.65649    0.27660    0.94407   28.10000
  -0.60927   -0.99909   -1.00000   -0.78372   -1.00000   -0.57202    0.09446    0.30175   -0.64304   -0.91304   -0.68321    0.10638    0.97620   22.60000
  -0.37307   -0.99710   -0.75000   -0.58871   -1.00000   -0.90124   -0.22092   -0.30175   -0.02365   -0.73913   -0.39695    0.34043    1.00000   17.40000
  -0.50883   -0.99500   -1.00000   -0.40616   -1.00000   -0.44444    0.08986    0.69928   -0.71172   -0.65217   -0.24809    0.76596   -0.64456   18.60000
  -0.30464   -0.99510   -1.00000   -0.32331   -1.00000   -0.17696   -0.05499    0.58187   -0.75109   -0.56522   -0.22137    0.40426    1.00000   16.80000
  -0.51159   -0.91756   -1.00000    0.29326   -1.00000   -0.18518    0.05422    0.00927   -0.47947    1.00000    0.82824    0.61702    0.95824   21.20000
  -0.53311   -0.91746   -1.00000    0.29326   -1.00000    0.58436   -0.30983    0.92173   -0.82286    1.00000    0.82824    0.61702    0.91875   20.80000
  -0.80795   -0.99947   -1.00000   -0.87390   -1.00000   -0.69959    0.09944    0.14933   -0.10291   -0.82609   -0.86641    0.29787    0.98598   28.70000
  -0.22572   -0.99629   -1.00000   -0.29985   -1.00000   -0.33333   -0.09293    0.75695   -0.75748   -0.56522   -0.06489    0.10638    0.73781   18.30000
  -0.08278   -0.97425   -1.00000   -0.43695   -1.00000   -0.37037   -0.17992    0.89701   -0.51666   -0.73913   -0.54199    0.78723    0.80771   13.10000
  -0.55464   -0.99937   -1.00000   -0.65323   -1.00000   -0.46502   -0.11554   -0.10608   -0.25406   -0.65217   -0.85878    0.61702    1.00000   19.50000
  -0.46965   -0.99756   -1.00000   -0.82185   -1.00000   -0.75309   -0.00287    0.37384   -0.56977   -0.91304   -0.66031    0.14894    0.97443   21.40000
  -0.62969   -0.99854   -1.00000   -0.70454   -1.00000   -0.73663   -0.01897    0.11020   -0.52387   -0.82609   -0.77099    0.25532    0.99118   22.20000
  -0.64514   -0.99920   -0.44000    0.06892   -1.00000   -0.67490    0.10404    0.04428   -0.53873   -0.73913   -0.68321    0.19149    0.99047   22.90000
  -0.71689   -0.99667   -0.50000   -0.65763   -1.00000   -0.72016   -0.00977   -0.45829    0.21583   -0.39130   -0.62977    0.51064    0.96863   23.30000
   0.27925   -0.66242   -1.00000    0.29326   -1.00000   -0.05761   -0.33206    0.94439   -0.82339    1.00000    0.82824    0.61702    0.76086   12.00000
  -0.19647   -0.90238   -1.00000    0.29326   -1.00000   -0.19753   -0.00134    0.67044   -0.65376    1.00000    0.82824    0.61702    1.00000   19.90000
   0.22737   -0.99602   -1.00000    1.00000   -1.00000   -0.07819   -0.28990    0.96498   -0.88619   -0.73913    1.00000    0.59574    0.73347    7.00000
  -0.41832   -0.99726   -1.00000   -0.40616   -1.00000   -0.44444    0.11631    0.94027   -0.76297   -0.65217   -0.24809    0.76596    0.99163   19.80000
  -0.09492   -0.79043   -1.00000    0.29326   -1.00000    0.34979    0.00556    0.97322   -0.79412    1.00000    0.82824    0.61702    1.00000   14.10000
   0.20695   -0.79362   -1.00000    0.29326   -1.00000    0.29630   -0.24315    1.00000   -0.91801    1.00000    0.82824    0.61702    1.00000   11.30000
  -0.02649   -0.86814   -1.00000    0.29326   -1.00000    0.26749    0.08986    0.91761   -0.90048    1.00000    0.82824    0.61702    1.00000   12.50000
  -0.09879   -0.99448   -1.00000   -0.25733   -1.00000   -0.57202   -0.14850    0.43769   -0.41342   -0.73913   -0.65649    0.27660    0.96233   22.50000
  -0.77042   -0.99949   -0.20000   -0.94208   -1.00000   -0.81893    0.29450   -0.34913    0.39358   -1.00000   -0.43511    0.51064    0.96445   26.60000
  -0.09934   -0.67597   -1.00000    0.29326   -1.00000    0.46091    0.11132    0.86200   -0.84123    1.00000    0.82824    0.61702   -0.86298    9.60000
  -0.45033   -0.98210   -1.00000   -0.43695   -1.00000   -0.37037   -0.27381   -0.30587   -0.51497   -0.73913   -0.54199    0.78723    0.45580   20.20000
   0.54249   -0.99548   -1.00000    1.00000   -1.00000   -0.07819   -0.41291    0.95880   -0.87396   -0.73913    1.00000    0.59574    0.60427    8.10000
   0.09216   -0.83453   -1.00000    0.29326   -1.00000    0.20988    0.00862    0.54892   -0.85341    1.00000    0.82824    0.61702   -0.51379   11.00000
  -0.56126   -0.99870   -1.00000   -0.59677   -1.00000   -0.53086   -0.09101    0.34501   -0.59430   -0.65217   -0.64886    0.40426    1.00000   18.90000
   0.18874   -0.74926   -1.00000    0.29326   -1.00000    0.46091    0.17570    0.88877   -0.81902    1.00000    0.82824    0.61702   -0.44763   13.40000
  -0.81291   -0.98640   -0.60000   -0.74267   -1.00000    0.07819    0.97088    0.73018   -0.87789   -0.65217   -0.70611   -0.91489    0.96369   50.00000
  -0.14238   -0.99622   -1.00000   -0.25733    1.00000   -0.57202   -0.08067    0.83728   -0.50031   -0.73913   -0.65649    0.27660    0.98159   21.70000
   0.38190   -0.43712   -1.00000    0.29326   -1.00000    0.26749   -0.07032    1.00000   -0.91649    1.00000    0.82824    0.61702    1.00000    5.60000
  -0.34547   -0.99386   -1.00000   -0.32331   -1.00000   -0.17696   -0.09370   -0.18229   -0.77228   -0.56522   -0.22137    0.40426    1.00000   24.50000
  -0.74448   -0.99829   -0.40000   -0.67229   -1.00000   -0.82305    0.11899   -0.67868   -0.07969   -0.56522   -0.56870   -0.14894    0.91180   23.70000
  -0.86313   -0.99743   -1.00000   -0.82185   -1.00000   -0.75309    0.72753    0.50566   -0.56977   -0.91304   -0.66031    0.14894    1.00000   38.70000
  -0.42605   -0.73149   -1.00000    0.29326   -1.00000    0.12757   -0.21556    1.00000   -0.97170    1.00000    0.82824    0.61702    0.67316   27.90000
  -0.17660   -0.95170   -1.00000    0.40176   -1.00000    1.00000   -0.20789    1.00000   -0.92962   -0.65217   -0.17557   -0.55319   -0.14797   15.60000
  -0.80353   -0.92204   -1.00000    0.29326    1.00000    0.37037    1.00000    0.64779   -0.85903    1.00000    0.82824    0.61702    0.78642   21.90000
  -0.78201   -0.99900   -1.00000   -0.65323   -1.00000   -0.46502    0.05576   -0.27497   -0.03085   -0.65217   -0.85878    0.61702    0.96374   22.20000
  -0.66060   -0.99908   -1.00000   -0.15909   -1.00000   -0.22634   -0.05384    0.60453   -0.74986   -1.00000   -0.67176    0.78723    1.00000   11.90000
   0.07561   -0.68429   -1.00000    0.29326   -1.00000   -0.12757    0.18643    1.00000   -0.92763    1.00000    0.82824    0.61702   -0.82485   17.20000
  -0.66887   -0.99757   -0.60000   -0.52346   -1.00000   -0.67490    0.14083    0.14933   -0.49297   -0.82609   -0.86260    0.27660    0.99022   24.40000
  -0.25828   -0.68738   -1.00000    0.29326   -1.00000    0.34979    0.01437    0.89701   -0.80129    1.00000    0.82824    0.61702   -0.49412   11.70000
   0.43378   -0.96894   -1.00000   -0.43695   -1.00000   -0.37037   -0.08450    0.62925   -0.47978   -0.73913   -0.54199    0.78723    0.17142   13.20000
  -0.80574   -0.98974   -1.00000   -0.57918   -1.00000   -0.51029    0.47576    0.52420   -0.53771   -0.39130   -0.54199    0.02128    0.89530   31.70000
  -0.46358   -0.89144   -1.00000    0.29326   -1.00000   -0.18518   -0.10174    0.03605   -0.63213    1.00000    0.82824    0.61702    0.95623   20.60000
  -0.46082   -0.99444   -1.00000   -0.30792   -1.00000   -0.34568   -0.17839    0.54068   -0.48796   -0.73913   -0.55344    0.23404    0.99758   16.20000
  -0.92384   -0.99980    0.80000   -0.75880   -1.00000   -0.96296    0.49186   -0.35530   -0.05310   -0.82609   -0.78244   -0.29787    0.94675   44.00000
  -0.34989   -0.99912   -1.00000   -0.01540    1.00000   -0.32099   -0.10826    0.09372   -0.63944   -0.65217   -0.66031   -0.19149    0.97932   23.30000
  -0.92936   -0.99876   -0.60000   -0.78959    1.00000   -0.76173    0.56505   -0.03605   -0.25755   -0.65217   -0.88931   -0.51064    0.90000   46.00000
  -0.67826   -0.99866   -1.00000   -0.85337   -1.00000   -0.57613    0.61104    0.65602   -0.70694   -0.82609   -0.97710    0.10638    0.99324   39.80000
  -0.15232   -0.99515   -1.00000   -0.29985   -1.00000   -0.33333   -0.03008    0.90525   -0.74204   -0.56522   -0.06489    0.10638    1.00000   18.70000
  -0.56181   -0.99873   -1.00000   -0.15909   -1.00000   -0.22634    0.16191    0.36354   -0.75466   -1.00000   -0.67176    0.78723    0.97524   22.40000
  -0.25828   -0.80581   -1.00000    0.29326   -1.00000    0.26749    0.00862    0.84758   -0.87967    1.00000    0.82824    0.61702    1.00000   13.80000
  -0.51876   -0.98302   -0.60000   -0.74267   -1.00000    0.07819   -0.23395    0.23378   -0.84416   -0.65217   -0.70611   -0.91489    0.97731   22.80000
  -0.28477   -0.99701   -1.00000   -0.73680   -1.00000   -0.48560   -0.22935    0.76313   -0.73329   -0.65217   -0.58397   -0.14894    1.00000   23.10000
  -0.71302   -0.99890   -0.34000   -0.87390   -1.00000   -0.64197    0.40832   -0.21318   -0.47396   -0.47826   -0.86641    0.23404    0.98376   36.10000
  -0.69481   -0.98813   -0.60000   -0.74267   -1.00000    0.07819    0.51715    0.78167   -0.81627   -0.65217   -0.70611   -0.91489    0.95698   43.10000
   0.18709   -0.65648   -1.00000    0.29326   -1.00000    0.17696    0.18337    0.86200   -0.96084    1.00000    0.82824    0.61702    0.82914   13.90000
  -0.07671   -0.99584   -0.56000   -0.60411   -1.00000   -0.81070   -0.21671    0.38620    0.24131   -0.47826   -0.45420    0.38298    0.96081   18.50000
  -0.13300   -0.84913   -1.00000    0.29326   -1.00000    0.34979    0.22169    0.84758   -0.78285    1.00000    0.82824    0.61702   -1.00000   13.40000
  -0.64128   -0.99990    0.10000   -0.86877   -1.00000   -0.98354    0.10826   -0.40268    0.12353   -1.00000   -0.56870   -0.42553    0.98901   22.00000
  -0.58664   -0.99782   -0.50000   -0.65763   -1.00000   -0.72016   -0.09331   -0.08754    0.05528   -0.39130   -0.62977    0.51064    1.00000   19.60000
  -0.84106   -0.99946    0.10000   -0.75660   -1.00000   -0.59259    0.26959   -0.48095   -0.02958   -0.65217   -0.30153    0.06383    0.95496   31.20000
  -0.47627   -0.99783   -0.40000   -0.67229   -1.00000   -0.82305    0.07185    0.02987    0.07410   -0.56522   -0.56870   -0.14894    0.87821   22.20000
  -0.06236   -0.97244   -1.00000   -0.43695   -1.00000   -0.37037   -0.01092    0.82904   -0.48216   -0.73913   -0.54199    0.78723    1.00000   15.20000
  -0.34437   -0.99689   -1.00000   -0.29985   -1.00000   -0.33333   -0.16842    0.28321   -0.70363   -0.56522   -0.06489    0.10638    0.97277   19.30000
  -0.28698   -0.91712   -1.00000    0.29326   -1.00000    0.34979    0.07875    0.76107   -0.73856    1.00000    0.82824    0.61702    0.97241   17.70000
  -0.72296   -0.99930   -1.00000   -0.65323   -1.00000   -0.46502    0.05346   -0.26673   -0.03085   -0.65217   -0.85878    0.61702    0.96218   20.70000
   0.03311   -0.99509   -0.75000   -0.45674   -1.00000   -0.42798    0.07913    0.88260   -0.05117   -0.65217   -0.52672   -0.44681    0.97791   15.00000
   0.40894   -0.99144   -1.00000    0.84677   -1.00000   -0.19342   -0.21364    0.90937   -0.88586   -0.91304   -0.99618    0.38298    0.81033   15.70000
   0.02539   -0.78443   -1.00000    0.29326   -1.00000    0.26749    0.08948    1.00000   -0.90736    1.00000    0.82824    0.61702    0.89515   12.10000
  -0.17991   -0.87277   -1.00000    0.29326   -1.00000    0.46091    0.01859    1.00000   -0.84083    1.00000    0.82824    0.61702    0.99390   18.40000
  -0.90066   -0.99829   -0.56000   -0.60411   -1.00000   -0.81070    0.30140   -0.91967    0.41442   -0.47826   -0.45420    0.38298    0.94548   29.60000
  -0.04636   -0.89519   -1.00000    0.29326   -1.00000    0.34979   -0.07454    0.75077   -0.73611    1.00000    0.82824    0.61702   -0.94876   12.70000
  -0.20033   -0.87468   -1.00000    0.29326   -1.00000    0.34979    0.10174    0.75077   -0.78427    1.00000    0.82824    0.61702   -0.49634   14.30000
  -0.38576   -0.99898   -1.00000   -0.70454   -1.00000   -0.73663   -0.05959   -0.13079   -0.40027   -0.82609   -0.77099    0.25532    0.99541   22.50000
  -0.73013   -0.99930    0.60000   -0.92229   -1.00000   -0.92181    0.42288   -0.27086    0.12384   -0.91304   -0.45801   -1.00000    0.97630   34.60000
  -0.21082   -0.99526   -1.00000   -0.25733    1.00000   -0.57202   -0.13930    0.04840   -0.54114   -0.73913   -0.65649    0.27660    0.96994   22.40000
  -0.63024   -0.99902   -0.58000   -0.62024   -1.00000   -0.77778   -0.06610   -0.61895    0.03395   -0.73913   -0.78626   -0.10638    1.00000   23.40000
  -0.73786   -0.99768   -1.00000   -0.15909   -1.00000   -0.22634    0.23893    0.77961   -0.77097   -1.00000   -0.67176    0.78723    0.98260   22.00000
  -0.55795   -0.99891   -1.00000   -0.65323   -1.00000   -0.46502   -0.07109   -0.12461   -0.33025   -0.65217   -0.85878    0.61702    1.00000   19.00000
  -0.05519   -0.77610   -1.00000    0.29326   -1.00000    0.46091    0.12052    1.00000   -0.84563    1.00000    0.82824    0.61702    0.94871   15.40000
   0.41556   -0.06659   -1.00000    0.29326   -1.00000    0.26749   -0.24507    0.69928   -0.91310    1.00000    0.82824    0.61702    0.65989    8.50000
  -0.24614   -0.99283   -1.00000    0.57111   -1.00000   -0.01646    0.09983    0.97528   -0.87580   -0.73913   -0.04580    0.82979    1.00000   18.00000
  -0.82837   -0.99728   -1.00000   -0.52713   -1.00000   -0.74074    0.22974   -1.00000   -0.16498   -0.82609   -0.82443    0.12766    0.94205   26.60000
  -0.91556   -0.89003   -1.00000    0.29326   -1.00000    0.01235   -0.46005    1.00000   -0.96310    1.00000    0.82824    0.61702    0.89218   50.00000
  -0.75607   -0.99332   -1.00000   -0.49267   -1.00000   -0.55556    0.05422   -0.46447   -0.22045   -0.65217   -0.61832    0.48936    1.00000   23.00000
  -0.37804   -0.99342   -0.60000   -0.52346   -1.00000   -0.67490   -0.12052   -0.19258   -0.39994   -0.82609   -0.86260    0.27660    0.95839   21.10000
  -0.82064   -1.00000   -0.64000   -0.86437   -1.00000   -0.37037    0.15501    0.28321   -0.46159   -1.00000   -0.58397   -0.42553    1.00000   24.00000
  -0.54525   -0.99865   -1.00000   -0.79619   -1.00000   -0.69136   -0.11592   -0.52832   -0.25706   -0.73913   -0.07252   -0.08511    0.92708   19.30000
  -0.72406   -0.99766   -0.50000   -0.65763   -1.00000   -0.72016    0.10941    0.33677    0.10866   -0.39130   -0.62977    0.51064    1.00000   22.20000
  -0.16280   -0.99289   -1.00000    0.57111   -1.00000   -0.01646   -0.08756    0.86612   -0.84772   -0.73913   -0.04580    0.82979    0.90595   17.40000
  -0.31457   -0.99591   -1.00000   -0.52713   -1.00000   -0.74074   -0.14735   -0.37384   -0.27783   -0.82609   -0.82443    0.12766    1.00000   20.00000
   0.59437   -0.67793   -1.00000    0.29326   -1.00000    0.29630   -0.49454    1.00000   -0.91636    1.00000    0.82824    0.61702    0.87907   10.20000
  -0.93101   -0.99798   -0.20000   -0.56378   -1.00000   -0.74486    0.26193   -0.17817   -0.42935   -0.73913   -0.74428    0.06383    1.00000   32.00000
  -0.40949   -0.99816   -0.75000   -0.45674   -1.00000   -0.42798   -0.06074    0.31205   -0.19415   -0.65217   -0.52672   -0.44681    0.99344   22.90000
   0.32174   -0.73988   -1.00000    0.29326   -1.00000    0.29630   -0.43476    0.93821   -0.88353    1.00000    0.82824    0.61702    1.00000    9.70000
  -0.84492   -0.98906   -1.00000   -0.30792   -1.00000   -0.34568    0.17800    0.63955   -0.60209   -0.73913   -0.55344    0.23404    1.00000   22.80000
  -0.98951   -0.95892   -1.00000    0.40176    1.00000   -0.09465    0.62522    0.96293   -0.83430   -0.65217   -0.17557   -0.55319    0.96324   50.00000
  -0.62583   -0.99940   -1.00000   -0.65323   -1.00000   -0.46502   -0.04273   -0.29145   -0.33025   -0.65217   -0.85878    0.61702    0.99617   20.60000
  -0.26656   -0.92068   -1.00000    0.40176    1.00000    1.00000   -0.00709    0.64161   -0.88799   -0.65217   -0.17557   -0.55319   -0.55777   15.60000
   0.21744   -0.71235   -1.00000    0.29326   -1.00000    0.46091   -0.12129    0.92997   -0.86069    1.00000    0.82824    0.61702    0.21136   10.80000
  -0.18929   -0.89197   -1.00000    0.29326   -1.00000    0.34979    0.20330    0.79403   -0.73303    1.00000    0.82824    0.61702    0.28554   16.40000
  -0.86589   -0.99877   -0.20000   -0.56378    1.00000   -0.74486    0.25120   -0.49125   -0.32104   -0.73913   -0.74428    0.06383    0.98260   33.10000
  -0.83996   -0.98830   -1.00000   -0.57918   -1.00000   -0.51029    0.97892    0.64985   -0.67904   -0.39130   -0.54199    0.02128    0.92486   50.00000
   0.08113   -0.90073   -1.00000    0.29326   -1.00000   -0.18107   -0.06419    0.88671   -0.74344    1.00000    0.82824    0.61702    0.66912   19.10000
  -0.56347   -0.99824   -1.00000   -0.73680   -1.00000   -0.48560   -0.11937    0.35530   -0.71405   -0.65217   -0.58397   -0.14894    0.98149   22.60000
