  28.00000  304.80000    0.00000   99.60000  196.00000    9.80000  959.40000  705.20000   30.12321
   3.00000  307.00000    0.00000    0.00000  193.00000    0.00000  968.00000  812.00000   12.54157
 180.00000  310.00000    0.00000    0.00000  192.00000    0.00000  970.00000  850.00000   37.32823
   3.00000  246.83000    0.00000  125.08000  143.30000   11.99000 1086.80000  800.89000   23.52492
  28.00000  237.00000   92.00000   71.00000  247.00000    6.00000  853.00000  695.00000   28.62704
  28.00000  273.00000    0.00000   90.00000  199.00000   11.00000  931.00000  762.00000   32.23990
  28.00000  288.00000  121.00000    0.00000  177.00000    7.00000  908.00000  829.00000   42.13388
  28.00000  162.00000  207.00000  172.00000  216.00000   10.00000  822.00000  638.00000   39.84482
  28.00000  159.10000  186.70000    0.00000  175.60000   11.30000  989.60000  788.90000   32.76804
 180.00000  266.00000  114.00000    0.00000  228.00000    0.00000  932.00000  670.00000   48.69562
  90.00000  480.00000    0.00000    0.00000  192.00000    0.00000  936.00000  721.00000   54.27555
  28.00000  425.00000  106.30000    0.00000  151.40000   18.60000  936.00000  803.70000   61.79773
  28.00000  362.60000  189.00000    0.00000  164.90000   11.60000  944.70000  755.80000   71.29871
   3.00000  305.30000  203.50000    0.00000  203.50000    0.00000  965.40000  631.00000   14.14391
   7.00000  375.00000    0.00000    0.00000  186.00000    0.00000 1038.00000  758.00000   26.06219
 100.00000  190.68000    0.00000  125.40000  162.14000    7.77000 1090.00000  804.01000   40.56877
  56.00000  194.68000    0.00000  100.52000  165.62000    7.48000 1006.40000  905.90000   33.96359
  28.00000  330.50000  169.60000    0.00000  194.90000    8.10000  811.00000  802.30000   56.61908
  28.00000  147.80000  175.10000    0.00000  171.20000    2.20000 1000.00000  828.50000   26.92266
  28.00000  388.60000   97.10000    0.00000  157.90000   12.10000  852.10000  925.70000   50.69717
   3.00000  393.00000    0.00000    0.00000  192.00000    0.00000  940.60000  785.60000   19.19915
  28.00000  159.00000  209.00000  161.00000  201.00000    7.00000  848.00000  669.00000   30.88163
   3.00000  331.00000    0.00000    0.00000  192.00000    0.00000  978.00000  825.00000   13.52062
  28.00000  446.00000   24.00000   79.00000  162.00000   11.64000  967.00000  712.00000   51.02122
  28.00000  359.00000   19.00000  141.00000  154.00000   10.91000  942.00000  801.00000   59.49488
  28.00000  139.90000  132.60000  103.30000  200.30000    7.40000  916.00000  753.40000   36.44363
   7.00000  374.00000  189.20000    0.00000  170.10000   10.10000  926.10000  756.70000   46.20179
  28.00000  500.00000    0.00000    0.00000  140.00000    4.00000  966.00000  853.00000   67.56865
  28.00000  298.00000    0.00000  107.00000  164.00000   13.00000  953.00000  784.00000   35.85965
  28.00000  485.00000    0.00000    0.00000  146.00000    0.00000 1120.00000  800.00000   71.98819
   3.00000  190.34000    0.00000  125.18000  161.85000    9.88000 1088.10000  802.59000    9.44582
  28.00000  212.57000    0.00000  100.39000  159.35000   10.37000 1003.80000  903.79000   37.40407
  14.00000  212.00000    0.00000  124.78000  159.00000    7.84000 1085.40000  799.54000   31.35047
  28.00000  313.00000  145.00000    0.00000  178.00000    8.00000 1002.00000  689.00000   41.05140
  28.00000  213.72000   98.05000   24.51000  181.71000    6.86000 1065.80000  785.38000   45.70536
  90.00000  173.00000  116.00000    0.00000  192.00000    0.00000  946.80000  856.80000   32.10269
  28.00000  310.00000  143.00000    0.00000  168.00000   10.00000  914.00000  804.00000   45.29857
 180.00000  331.00000    0.00000    0.00000  192.00000    0.00000  978.00000  825.00000   38.99676
  28.00000  313.00000    0.00000    0.00000  178.00000    8.00000 1000.00000  822.00000   25.09693
   3.00000  229.68000    0.00000  118.16000  195.23000    6.13000 1028.10000  757.63000   13.35515
  14.00000  251.81000    0.00000   99.94000  146.14000   12.35000 1006.00000  899.76000   33.35685
  56.00000  250.00000    0.00000   95.69000  187.42000    5.53000  956.86000  861.17000   38.32797
  56.00000  194.68000    0.00000  100.52000  170.17000    7.48000  998.00000  901.80000   43.38872
   7.00000  333.00000    0.00000    0.00000  192.00000    0.00000  931.20000  842.60000   23.40495
 100.00000  229.97000    0.00000  118.31000  195.47000    4.63000 1029.40000  758.59000   35.34254
  28.00000  194.68000    0.00000  100.52000  170.17000    7.48000  998.00000  901.80000   37.26618
   7.00000  323.70000  282.80000    0.00000  183.80000   10.30000  942.70000  659.90000   49.80085
  28.00000  316.10000  210.70000    0.00000  185.70000    0.00000  977.00000  689.30000   38.70029
  28.00000  381.40000    0.00000    0.00000  185.70000    0.00000 1104.60000  784.30000   22.48933
  28.00000  336.00000    0.00000    0.00000  182.00000    3.00000  986.00000  817.00000   44.86420
  28.00000  165.00000    0.02000  143.57000  163.81000    0.00000 1005.60000  900.90000   26.20009
  56.00000  424.00000   22.00000  132.00000  178.00000    8.48000  822.00000  750.00000   65.69721
  28.00000  366.00000  187.00000    0.00000  191.00000    7.00000  824.00000  757.00000   65.90701
  28.00000  150.70000    0.00000  185.30000  166.70000   15.60000 1074.50000  678.00000   13.46133
  28.00000  192.00000  288.00000    0.00000  192.00000    0.00000  929.80000  716.10000   39.32151
  28.00000  153.00000  145.00000  113.00000  178.00000    8.00000  867.00000  824.00000   26.22767
 365.00000  380.00000   95.00000    0.00000  228.00000    0.00000  932.00000  594.00000   43.69830
  56.00000  213.50000    0.00000  174.24000  154.61000   11.66000 1052.30000  775.48000   51.43491
 100.00000  233.81000    0.00000   94.58000  197.89000    4.56700  947.04000  852.16000   34.55654
   7.00000  193.50000  290.20000    0.00000  185.70000    0.00000  998.20000  704.30000   17.20036
   7.00000  166.80000  250.20000    0.00000  203.50000    0.00000  975.60000  692.60000   15.74832
  90.00000  296.00000    0.00000    0.00000  192.00000    0.00000 1085.00000  765.00000   29.39236
 360.00000  277.00000    0.00000    0.00000  191.00000    0.00000  968.00000  856.00000   33.70159
 100.00000  167.95000   42.08000  163.83000  121.75000    5.72000 1058.70000  780.11000   39.23118
  14.00000  251.37000    0.00000  118.27000  192.94000    5.75000 1043.60000  754.30000   20.72565
   3.00000  141.30000  212.00000    0.00000  203.50000    0.00000  971.80000  748.50000    4.82771
 100.00000  212.07000    0.00000  121.62000  180.31000    5.69000 1057.60000  779.32000   39.61040
  28.00000  284.00000   15.00000  141.00000  179.00000    5.46000  842.00000  801.00000   43.73346
   3.00000  194.68000    0.00000  100.52000  170.17000    7.48000  998.00000  901.80000   12.17615
  90.00000  266.00000  114.00000    0.00000  228.00000    0.00000  932.00000  670.00000   47.02985
  28.00000  158.40000    0.00000  194.90000  219.70000   11.00000  897.70000  712.90000    8.53640
  14.00000  322.00000    0.00000    0.00000  203.00000    0.00000  974.00000  800.00000   20.77391
   7.00000  203.50000  305.30000    0.00000  203.50000    0.00000  963.40000  630.00000   19.53906
  90.00000  500.00000    0.00000    0.00000  200.00000    0.00000 1125.00000  613.00000   47.22221
   3.00000  389.90000  189.00000    0.00000  145.90000   22.00000  944.70000  755.80000   40.59635
  28.00000  142.00000  167.00000  130.00000  174.00000   11.00000  883.00000  785.00000   44.60910
  28.00000  312.70000    0.00000    0.00000  178.10000    8.00000  999.70000  822.20000   25.10382
  28.00000  281.00000    0.00000    0.00000  186.00000    0.00000 1104.00000  774.00000   22.43555
  28.00000  366.00000  187.00000    0.00000  191.30000    6.60000  824.30000  756.90000   65.90908
  28.00000  178.03000  129.80000  118.60000  179.94000    3.57000 1007.30000  746.80000   39.16224
 100.00000  213.50000    0.00000  174.24000  159.21000   11.66000 1043.60000  771.90000   52.95865
   3.00000  212.00000  141.30000    0.00000  203.50000    0.00000  973.40000  750.00000    6.80858
   3.00000  349.00000    0.00000    0.00000  192.00000    0.00000 1056.00000  809.00000   15.87174
  28.00000  266.00000  112.00000   87.00000  178.00000   10.00000  910.00000  745.00000   39.41734
  28.00000  318.00000    0.00000  126.00000  210.00000    6.00000  861.00000  737.00000   40.05856
 100.00000  251.81000    0.00000   99.94000  146.14000   12.35000 1006.00000  899.76000   45.36752
  56.00000  275.07000    0.00000  121.35000  159.48000    9.90000 1053.60000  777.50000   56.84730
   7.00000  362.60000  189.00000    0.00000  164.90000   11.60000  944.70000  755.80000   55.89582
  28.00000  193.50000  290.20000    0.00000  185.70000    0.00000  998.20000  704.30000   32.62669
  56.00000  531.30000    0.00000    0.00000  141.80000   28.20000  852.10000  893.70000   58.79851
  28.00000  313.30000  262.20000    0.00000  175.50000    8.60000 1046.90000  611.80000   59.79825
   3.00000  424.00000   22.00000  132.00000  168.00000    8.92000  822.00000  750.00000   32.10988
  28.00000  160.00000  128.00000  122.00000  182.00000    6.40000  824.00000  879.00000   39.39666
  90.00000  200.00000  133.00000    0.00000  192.00000    0.00000  965.40000  806.20000   43.25083
  28.00000  312.90000  160.50000    0.00000  177.60000    9.60000  916.60000  759.50000   52.44637
  56.00000  212.07000    0.00000  121.62000  180.31000    5.69000 1057.60000  779.32000   34.20490
  28.00000  259.90000  100.60000   78.40000  170.60000   10.40000  935.70000  762.90000   49.77327
   3.00000  252.31000    0.00000   98.75000  146.25000   14.17000  987.76000  889.01000   21.78055
   7.00000  272.80000  181.90000    0.00000  185.70000    0.00000 1012.40000  714.30000   19.76521
  56.00000  297.16000    0.00000  117.54000  174.80000    9.52000 1022.80000  753.45000   51.95891
   3.00000  178.03000  129.80000  118.60000  179.94000    3.57000 1007.30000  746.80000   20.72565
 100.00000  251.37000    0.00000  118.27000  192.94000    5.75000 1043.60000  754.30000   40.14819
   7.00000  531.30000    0.00000    0.00000  141.80000   28.20000  852.10000  893.70000   46.89816
  28.00000  264.50000  111.00000   86.50000  195.50000    5.90000  832.60000  790.40000   41.54231
   7.00000  225.00000    0.00000    0.00000  181.00000    0.00000 1113.00000  833.00000   11.16951
  28.00000  148.00000  175.00000    0.00000  171.00000    2.00000 1000.00000  828.00000   26.91714
  28.00000  387.00000   20.00000   94.00000  157.00000   13.93000  938.00000  845.00000   46.68442
   7.00000  393.00000    0.00000    0.00000  192.00000    0.00000  940.60000  785.60000   27.74245
  56.00000  389.90000  189.00000    0.00000  145.90000   22.00000  944.70000  755.80000   79.40006
  14.00000  250.00000    0.00000   95.69000  191.84000    5.33000  948.90000  857.20000   24.65566
 100.00000  173.81000   93.37000  159.90000  172.34000    9.73000 1007.20000  746.60000   50.93849
  90.00000  304.00000   76.00000    0.00000  228.00000    0.00000  932.00000  670.00000   49.18515
  28.00000  102.00000  153.00000    0.00000  192.00000    0.00000  887.00000  942.00000   17.27551
  56.00000  213.74000    0.00000  174.74000  154.79000   10.16000 1053.50000  776.35000   46.64305
   3.00000  200.00000  133.00000    0.00000  192.00000    0.00000  965.40000  806.20000   11.41428
  56.00000  295.71000    0.00000   95.64000  171.54000    8.87000  955.14000  859.20000   48.71837
  28.00000  156.00000  178.00000  187.00000  221.00000    7.00000  854.00000  614.00000   29.41305
   7.00000  381.40000    0.00000    0.00000  185.70000    0.00000 1104.60000  784.30000   14.54105
  28.00000  181.90000  272.80000    0.00000  185.70000    0.00000 1012.40000  714.30000   27.93550
  28.00000  212.00000    0.00000  124.78000  159.00000    7.84000 1085.40000  799.54000   38.50034
 270.00000  342.00000   38.00000    0.00000  228.00000    0.00000  932.00000  670.00000   55.06431
  28.00000  200.00000  200.00000    0.00000  190.00000    0.00000 1145.00000  660.00000   49.24927
  28.00000  250.00000    0.00000   95.69000  187.42000    5.53000  956.86000  861.17000   29.21999
   3.00000  233.81000    0.00000   94.58000  197.89000    4.56700  947.04000  852.16000   10.38351
  28.00000  159.00000  187.00000    0.00000  176.00000   11.00000  990.00000  789.00000   32.76390
  28.00000  272.80000  181.90000    0.00000  185.70000    0.00000 1012.40000  714.30000   31.38150
  28.00000  375.00000   93.80000    0.00000  126.60000   23.40000  852.10000  992.60000   56.69561
  28.00000  313.00000  145.00000    0.00000  127.00000    8.00000 1000.00000  822.00000   44.51947
  28.00000  164.60000    0.00000  150.40000  181.60000   11.70000 1023.30000  728.90000   18.03393
  28.00000  304.00000   76.00000    0.00000  228.00000    0.00000  932.00000  670.00000   47.81378
  28.00000  318.80000  212.50000    0.00000  155.70000   14.30000  852.10000  880.40000   55.49592
  14.00000  181.38000    0.00000  167.01000  169.59000    7.56000 1055.60000  777.80000   21.60128
  28.00000  296.00000    0.00000    0.00000  192.00000    0.00000 1085.00000  765.00000   21.64955
 270.00000  380.00000   95.00000    0.00000  228.00000    0.00000  932.00000  594.00000   41.15138
  28.00000  140.00000  133.00000  103.00000  200.00000    7.00000  916.00000  753.00000   36.43881
  28.00000  333.00000   17.50000  163.00000  167.00000   17.90000  996.00000  652.00000   47.27737
  56.00000  190.68000    0.00000  125.40000  162.14000    7.77000 1090.00000  804.01000   35.34254
  14.00000  500.00000    0.00000    0.00000  200.00000    0.00000 1125.00000  613.00000   36.93523
 180.00000  500.00000    0.00000    0.00000  200.00000    0.00000 1125.00000  613.00000   51.04191
  28.00000  145.00000  116.00000  119.00000  184.00000    5.70000  833.00000  880.00000   29.15794
  56.00000  252.31000    0.00000   98.75000  146.25000   14.17000  987.76000  889.01000   55.82687
  28.00000  156.00000  243.00000    0.00000  180.00000   11.00000 1022.00000  698.00000   37.36270
   3.00000  310.00000    0.00000    0.00000  192.00000    0.00000  971.00000  850.60000    9.86640
  28.00000  166.09000    0.00000  163.27000  176.46000    4.49000 1058.60000  780.09000   21.53923
   7.00000  305.30000  203.50000    0.00000  203.50000    0.00000  965.40000  631.00000   25.89396
 100.00000  172.38000   13.61000  172.37000  156.76000    4.14000 1006.30000  856.40000   37.67986
 100.00000  168.88000   42.22000  124.25000  158.33000   10.83000 1080.80000  796.15000   48.15300
  90.00000  122.60000  183.90000    0.00000  203.50000    0.00000  958.20000  800.10000   33.19206
   3.00000  108.30000  162.40000    0.00000  203.50000    0.00000  938.20000  849.00000    2.33181
  28.00000  212.52000    0.00000  100.37000  159.32000    8.71000 1007.80000  903.59000   31.64005
 100.00000  190.34000    0.00000  125.18000  166.61000    9.88000 1079.00000  798.90000   33.56369
   7.00000  310.00000    0.00000    0.00000  192.00000    0.00000 1012.00000  830.00000   17.24379
   3.00000  213.76000   98.06000   24.52000  181.74000    6.65000 1066.00000  785.52000   13.18278
   3.00000  331.00000    0.00000    0.00000  192.00000    0.00000  879.00000  825.00000   13.52062
   7.00000  158.80000  238.20000    0.00000  185.70000    0.00000 1040.60000  734.30000    9.61750
   3.00000  229.97000    0.00000  118.31000  195.47000    4.63000 1029.40000  758.59000   10.03188
  28.00000  155.00000  183.00000    0.00000  193.00000    9.00000  877.00000  868.00000   23.78692
  28.00000  339.00000    0.00000    0.00000  185.00000    0.00000 1069.00000  754.00000   31.84000
   7.00000  281.00000    0.00000    0.00000  186.00000    0.00000 1104.00000  774.00000   14.49968
   7.00000  170.30000  155.50000    0.00000  185.70000    0.00000 1026.60000  724.30000   10.73031
  56.00000  246.83000    0.00000  125.08000  143.30000   11.99000 1086.80000  800.89000   60.32226
  28.00000  339.20000    0.00000    0.00000  185.70000    0.00000 1069.20000  754.30000   31.89999
 360.00000  331.00000    0.00000    0.00000  192.00000    0.00000  978.00000  825.00000   41.24445
  28.00000  275.00000    0.00000    0.00000  183.00000    0.00000 1088.00000  808.00000   24.49708
  56.00000  362.60000  189.00000    0.00000  164.90000   11.60000  944.70000  755.80000   77.29715
 100.00000  251.37000    0.00000  118.27000  188.45000    5.75000 1028.40000  757.73000   43.58178
   3.00000  277.19000   97.82000   24.46000  160.70000   11.19000 1061.70000  782.46000   30.44726
  14.00000  213.74000    0.00000  174.74000  154.79000   10.16000 1053.50000  776.35000   33.72917
   7.00000  349.00000    0.00000    0.00000  192.00000    0.00000 1047.00000  806.00000   18.12632
   7.00000  332.50000  142.50000    0.00000  228.00000    0.00000  932.00000  594.00000   30.27558
  91.00000  425.00000  106.30000    0.00000  151.40000   18.60000  936.00000  803.70000   66.69991
  14.00000  190.68000    0.00000  125.40000  162.14000    7.77000 1090.00000  804.01000   21.06349
  56.00000  286.30000  200.90000    0.00000  144.70000   11.20000 1004.60000  803.70000   72.99482
   7.00000  238.00000    0.00000    0.00000  186.00000    0.00000 1119.00000  789.00000   12.05204
   3.00000  213.72000   98.05000   24.51000  181.71000    6.86000 1065.80000  785.38000   17.99532
  28.00000  164.00000  163.00000  128.00000  197.00000    8.00000  961.00000  641.00000   27.23430
   3.00000  212.00000    0.00000  124.78000  159.00000    7.84000 1085.40000  799.54000   19.51907
  28.00000  155.00000    0.00000  143.00000  193.00000    9.00000 1047.00000  697.00000   12.45883
   7.00000  446.00000   24.00000   79.00000  162.00000   11.61000  967.00000  712.00000   52.00717
  28.00000  305.30000  203.50000    0.00000  203.50000    0.00000  965.40000  631.00000   43.37700
  28.00000  210.70000  316.10000    0.00000  185.70000    0.00000  977.00000  689.30000   37.81362
  28.00000  276.40000  116.00000   90.30000  179.60000    8.90000  870.10000  768.30000   44.28435
  90.00000  250.20000  166.80000    0.00000  203.50000    0.00000  977.60000  694.10000   47.71450
  28.00000  139.60000  209.40000    0.00000  192.00000    0.00000 1047.00000  806.90000   28.23749
 360.00000  349.00000    0.00000    0.00000  192.00000    0.00000 1047.00000  806.00000   42.12698
  91.00000  439.00000  177.00000    0.00000  186.00000   11.10000  884.90000  707.90000   73.29819
  56.00000  284.00000   15.00000  141.00000  179.00000    5.46000  842.00000  801.00000   44.52045
 180.00000  427.50000   47.50000    0.00000  228.00000    0.00000  932.00000  594.00000   41.83671
  14.00000  350.00000    0.00000    0.00000  203.00000    0.00000  974.00000  775.00000   22.53208
   3.00000  290.35000    0.00000   96.18000  168.08000    9.41000  961.18000  865.00000   22.50450
  28.00000  290.35000    0.00000   96.18000  168.08000    9.41000  961.18000  865.00000   34.73580
   3.00000  251.81000    0.00000   99.94000  146.14000   12.35000 1006.00000  899.76000   21.02212
  28.00000  143.60000    0.00000  174.90000  158.40000   17.90000  942.70000  844.50000   15.42358
  28.00000  149.00000  236.00000    0.00000  176.00000   13.00000  847.00000  893.00000   32.95695
   3.00000  218.23000   54.64000  123.78000  140.75000   11.91000 1075.70000  792.67000   27.42046
  28.00000  167.95000   42.08000  163.83000  121.75000    5.72000 1058.70000  780.11000   24.24198
  28.00000  314.00000  145.00000  113.00000  179.00000    8.00000  869.00000  690.00000   46.22937
   3.00000  286.30000  200.90000    0.00000  144.70000   11.20000 1004.60000  803.70000   24.40056
   3.00000  102.00000  153.00000    0.00000  192.00000    0.00000  887.00000  942.00000    4.56502
  28.00000  149.00000  153.00000  194.00000  192.00000    8.00000  935.00000  623.00000   24.57982
  90.00000  349.00000    0.00000    0.00000  192.00000    0.00000 1056.00000  809.00000   40.65840
  28.00000  362.60000  189.00000    0.00000  164.90000   11.60000  944.70000  755.80000   71.29871
  28.00000  149.00000  139.00000  109.00000  193.00000    6.00000  892.00000  780.00000   23.69040
   7.00000  424.00000   22.00000  132.00000  178.00000    8.48000  822.00000  750.00000   39.00464
 100.00000  246.83000    0.00000  125.08000  143.30000   11.99000 1086.80000  800.89000   66.42412
   7.00000  200.00000    0.00000    0.00000  180.00000    0.00000 1125.00000  845.00000    7.83934
   7.00000  446.00000   24.00000   79.00000  162.00000   11.64000  967.00000  712.00000   39.30013
  56.00000  250.00000    0.00000   95.69000  191.84000    5.33000  948.90000  857.20000   39.64487
  28.00000  350.00000    0.00000    0.00000  203.00000    0.00000  974.00000  775.00000   27.33772
   3.00000  167.35000  129.90000  128.62000  175.46000    7.79000 1006.30000  746.60000   14.94094
 100.00000  252.31000    0.00000   98.75000  146.25000   14.17000  987.76000  889.01000   60.94968
   3.00000  376.00000    0.00000    0.00000  214.60000    0.00000 1003.50000  762.36000   16.27853
   3.00000  446.00000   24.00000   79.00000  162.00000   11.64000  967.00000  712.00000   23.34566
  28.00000  339.00000    0.00000    0.00000  197.00000    0.00000  968.00000  781.00000   32.03995
   3.00000  425.00000  106.30000    0.00000  153.50000   16.50000  852.10000  887.10000   33.39822
  28.00000  475.00000    0.00000    0.00000  228.00000    0.00000  932.00000  594.00000   39.28979
  28.00000  362.60000  189.00000    0.00000  164.90000   11.60000  944.70000  755.80000   71.29871
   7.00000  387.00000   20.00000   94.00000  157.00000   11.61000  938.00000  845.00000   41.66503
   3.00000  385.00000    0.00000    0.00000  186.00000    0.00000  966.00000  763.00000   14.69963
  28.00000  173.00000  116.00000    0.00000  192.00000    0.00000  946.80000  856.80000   24.28197
  28.00000  252.31000    0.00000   98.75000  146.25000   14.17000  987.76000  889.01000   50.60064
  28.00000  182.04000   45.21000  121.97000  170.21000    8.19000 1059.40000  780.65000   31.26774
   7.00000  295.00000    0.00000    0.00000  185.00000    0.00000 1069.00000  769.00000   14.79615
   7.00000  116.00000  173.00000    0.00000  192.00000    0.00000  909.80000  891.90000   10.08979
  28.00000  143.80000  136.30000  106.20000  178.10000    7.50000  941.50000  774.30000   26.14769
  28.00000  200.00000    0.00000    0.00000  180.00000    0.00000 1125.00000  845.00000   12.24509
  28.00000  116.00000  173.00000    0.00000  192.00000    0.00000  909.80000  891.90000   22.34799
  28.00000  332.50000  142.50000    0.00000  228.00000    0.00000  932.00000  594.00000   33.01901
  28.00000  183.90000  122.60000    0.00000  203.50000    0.00000  959.20000  800.00000   24.04616
   7.00000  252.00000    0.00000    0.00000  186.00000    0.00000 1111.00000  784.00000   11.46599
  56.00000  181.38000    0.00000  167.01000  169.59000    7.56000 1055.60000  777.80000   35.57007
   7.00000  331.00000    0.00000    0.00000  192.00000    0.00000  978.00000  825.00000   16.26474
   3.00000  173.00000  116.00000    0.00000  192.00000    0.00000  946.80000  856.80000    6.94095
  56.00000  222.36000    0.00000   96.67000  189.29000    4.46000  967.08000  870.32000   29.44752
   3.00000  181.38000    0.00000  167.01000  169.59000    7.56000 1055.60000  777.80000   13.62405
  14.00000  275.07000    0.00000  121.35000  159.48000    9.90000 1053.60000  777.50000   38.76924
  90.00000  254.00000    0.00000    0.00000  198.00000    0.00000  968.00000  863.00000   26.94472
  28.00000  143.70000  170.20000  132.60000  191.60000    8.50000  814.10000  805.30000   29.87086
  28.00000  135.70000  203.50000    0.00000  185.70000    0.00000 1076.20000  759.30000   18.19872
   7.00000  202.00000   11.00000  141.00000  206.00000    1.72000  942.00000  801.00000   15.06998
  56.00000  439.00000  177.00000    0.00000  186.00000   11.10000  884.90000  707.90000   71.69861
  56.00000  233.81000    0.00000   94.58000  197.89000    4.56700  947.04000  852.16000   27.66178
  28.00000  167.00000  187.00000  195.00000  185.00000    7.00000  898.00000  636.00000   23.89034
  28.00000  173.81000   93.37000  159.90000  172.34000    9.73000 1007.20000  746.60000   37.81086
  28.00000  203.50000  305.30000    0.00000  203.50000    0.00000  963.40000  630.00000   41.68434
  28.00000  158.00000    0.00000  195.00000  220.00000   11.00000  898.00000  713.00000    8.53571
  28.00000  239.60000  359.40000    0.00000  185.70000    0.00000  941.60000  664.30000   39.43527
  56.00000  362.60000  189.00000    0.00000  164.90000   11.60000  944.70000  755.80000   77.29715
  28.00000  173.54000   50.05000  173.53000  164.77000    6.47000 1006.20000  793.50000   38.20387
   3.00000  218.85000    0.00000  124.13000  158.49000   11.33000 1078.70000  794.91000   15.34084
  28.00000  446.00000   24.00000   79.00000  162.00000   11.61000  967.00000  712.00000   57.02656
  91.00000  318.80000  212.50000    0.00000  155.70000   14.30000  852.10000  880.40000   68.09954
   7.00000  389.90000  189.00000    0.00000  145.90000   22.00000  944.70000  755.80000   59.09499
  28.00000  322.50000  148.60000    0.00000  185.80000    8.50000  951.00000  709.50000   52.42638
  14.00000  277.05000    0.00000   97.39000  160.60000   11.83000  973.90000  875.61000   41.88567
   7.00000  491.00000   26.00000  123.00000  210.00000    3.93000  882.00000  699.00000   33.48883
  28.00000  290.20000  193.50000    0.00000  185.70000    0.00000  998.20000  704.30000   33.04314
  14.00000  213.50000    0.00000  174.24000  154.61000   11.66000 1052.30000  775.48000   33.70159
   3.00000  139.60000  209.40000    0.00000  192.00000    0.00000 1047.00000  806.90000    8.06342
 365.00000  339.00000    0.00000    0.00000  197.00000    0.00000  968.00000  781.00000   38.89334
  28.00000  166.00000  260.00000    0.00000  183.00000   13.00000  859.00000  827.00000   37.91429
  90.00000  236.00000    0.00000    0.00000  194.00000    0.00000  968.00000  885.00000   21.94602
  28.00000  132.00000  207.00000  161.00000  179.00000    5.00000  867.00000  736.00000   33.30169
 100.00000  173.54000   50.05000  173.53000  164.77000    6.47000 1006.20000  793.50000   56.06129
  91.00000  375.00000   93.80000    0.00000  126.60000   23.40000  852.10000  992.60000   62.50100
  91.00000  362.60000  189.00000    0.00000  164.90000   11.60000  944.70000  755.80000   79.29663
  56.00000  165.00000  128.50000  132.10000  175.06000    8.08000 1005.80000  746.60000   53.72397
  28.00000  325.00000    0.00000    0.00000  184.00000    0.00000 1063.00000  783.00000   30.57137
  28.00000  298.00000    0.00000  107.00000  186.00000    6.00000  879.00000  815.00000   42.63720
  28.00000  450.10000   50.00000    0.00000  200.00000    3.00000 1124.40000  613.20000   39.37597
  28.00000  146.00000  173.00000    0.00000  182.00000    3.00000  986.00000  817.00000   23.73866
  28.00000  160.00000  250.00000    0.00000  168.00000   12.00000 1049.00000  688.00000   39.45182
  28.00000  122.60000  183.90000    0.00000  203.50000    0.00000  958.20000  800.10000   24.29093
  14.00000  218.23000   54.64000  123.78000  140.75000   11.91000 1075.70000  792.67000   35.95617
  28.00000  144.80000    0.00000  133.60000  180.80000   11.10000  979.50000  811.50000   13.20209
  14.00000  277.00000    0.00000    0.00000  191.00000    0.00000  968.00000  856.00000   21.26344
  28.00000  255.00000    0.00000    0.00000  192.00000    0.00000  889.80000  945.00000   18.74616
  28.00000  132.00000  206.50000  160.90000  178.90000    5.50000  866.90000  735.60000   33.30652
   3.00000  133.00000  200.00000    0.00000  192.00000    0.00000  927.40000  839.20000    6.88373
  56.00000  238.05000    0.00000   94.11000  186.66000    7.00000  949.91000  847.01000   39.58971
  28.00000  151.00000    0.00000  185.00000  167.00000   16.00000 1074.00000  678.00000   13.45857
  28.00000  277.00000  117.00000   91.00000  191.00000    7.00000  946.00000  666.00000   43.57488
 100.00000  166.09000    0.00000  163.27000  176.46000    4.49000 1058.60000  780.09000   33.54301
  28.00000  380.00000   95.00000    0.00000  228.00000    0.00000  932.00000  594.00000   36.44777
   3.00000  491.00000   26.00000  123.00000  201.00000    3.93000  822.00000  699.00000   29.54897
  28.00000  297.80000  137.20000  106.90000  201.30000    6.00000  878.40000  655.30000   53.52471
  28.00000  307.00000    0.00000    0.00000  193.00000    0.00000  968.00000  812.00000   27.53078
  90.00000  393.00000    0.00000    0.00000  192.00000    0.00000  940.00000  758.00000   48.79422
 100.00000  214.90000   53.80000  121.89000  155.63000    9.61000 1014.30000  780.58000   56.63356
  56.00000  491.00000   26.00000  123.00000  210.00000    3.93000  882.00000  699.00000   59.59043
   3.00000  222.36000    0.00000   96.67000  189.29000    4.46000  967.08000  870.32000   11.57630
  91.00000  337.90000  189.00000    0.00000  174.90000    9.50000  944.70000  755.80000   67.79618
 100.00000  229.68000    0.00000  118.16000  195.23000    6.13000 1028.10000  757.63000   40.85835
  28.00000  279.80000  128.90000  100.40000  172.40000    9.50000  825.10000  804.90000   52.82696
  28.00000  313.00000  161.00000    0.00000  178.00000   10.00000  917.00000  759.00000   52.44154
   7.00000  236.00000    0.00000    0.00000  193.00000    0.00000  968.00000  885.00000    9.99051
 100.00000  213.50000    0.00000  174.24000  154.61000   11.66000 1052.30000  775.48000   59.30183
  28.00000  250.00000    0.00000    0.00000  182.00000    0.00000 1100.00000  820.00000   20.87044
  28.00000  133.00000  210.00000    0.00000  196.00000    3.00000  949.00000  795.00000   31.02642
   7.00000  286.30000  200.90000    0.00000  144.70000   11.20000 1004.60000  803.70000   37.99702
  90.00000  198.60000  132.40000    0.00000  192.00000    0.00000  978.40000  825.50000   38.07424
  56.00000  277.19000   97.82000   24.46000  160.70000   11.19000 1061.70000  782.46000   66.82401
   7.00000  122.60000  183.90000    0.00000  203.50000    0.00000  958.20000  800.10000   10.35455
  90.00000  331.00000    0.00000    0.00000  192.00000    0.00000  978.00000  825.00000   37.23170
   3.00000  362.60000  189.00000    0.00000  164.90000   11.60000  944.70000  755.80000   35.30117
  14.00000  172.38000   13.61000  172.37000  156.76000    4.14000 1006.30000  856.40000   29.75089
   7.00000  382.00000    0.00000    0.00000  186.00000    0.00000 1111.00000  784.00000   11.46599
  28.00000  277.00000    0.00000    0.00000  191.00000    0.00000  968.00000  856.00000   25.96567
  28.00000  181.38000    0.00000  167.01000  169.59000    7.56000 1055.60000  777.80000   27.77209
  28.00000  520.00000    0.00000    0.00000  175.00000    5.20000  870.00000  805.00000   51.02122
  90.00000  339.00000    0.00000    0.00000  197.00000    0.00000  968.00000  781.00000   35.17017
 100.00000  231.75000    0.00000  121.62000  173.96000    6.72000 1056.40000  778.45000   45.83636
   7.00000  183.90000  122.60000    0.00000  203.50000    0.00000  959.20000  800.00000   10.78754
  90.00000  203.50000  305.30000    0.00000  203.50000    0.00000  963.40000  630.00000   51.86376
  14.00000  213.50000    0.00000  174.24000  159.21000   11.66000 1043.60000  771.90000   29.59231
  56.00000  229.97000    0.00000  118.31000  195.47000    4.63000 1029.40000  758.59000   31.53663
  56.00000  362.60000  189.00000    0.00000  164.90000   11.60000  944.70000  755.80000   77.29715
  28.00000  155.00000  184.00000  143.00000  194.00000    9.00000  880.00000  699.00000   28.98557
 100.00000  250.00000    0.00000   95.69000  191.84000    5.33000  948.90000  857.20000   41.16172
   7.00000  238.10000    0.00000    0.00000  185.70000    0.00000 1118.80000  789.30000   10.33593
   3.00000  116.00000  173.00000    0.00000  192.00000    0.00000  909.80000  891.90000    6.28044
  56.00000  178.03000  129.80000  118.60000  179.94000    3.57000 1007.30000  746.80000   48.58737
  28.00000  212.07000    0.00000  121.62000  180.31000    5.69000 1057.60000  779.32000   24.90387
  28.00000  531.30000    0.00000    0.00000  141.80000   28.20000  852.10000  893.70000   56.39914
  90.00000  307.00000    0.00000    0.00000  193.00000    0.00000  968.00000  812.00000   32.92248
  56.00000  362.60000  189.00000    0.00000  164.90000   11.60000  944.70000  755.80000   77.29715
  28.00000  321.00000  164.00000    0.00000  190.00000    5.00000  870.00000  774.00000   57.21272
  56.00000  388.60000   97.10000    0.00000  157.90000   12.10000  852.10000  925.70000   55.19945
   7.00000  153.00000  102.00000    0.00000  192.00000    0.00000  888.00000  943.10000    8.37438
  28.00000  287.30000  120.50000   93.90000  187.60000    9.20000  904.40000  695.90000   43.79827
   3.00000  157.00000  236.00000    0.00000  192.00000    0.00000  935.40000  781.20000    9.69472
   7.00000  439.00000  177.00000    0.00000  186.00000   11.10000  884.90000  707.90000   56.09577
   7.00000  424.00000   22.00000  132.00000  168.00000    8.92000  822.00000  750.00000   40.28510
  90.00000  427.50000   47.50000    0.00000  228.00000    0.00000  932.00000  594.00000   41.54300
   7.00000  540.00000    0.00000    0.00000  173.00000    0.00000 1125.00000  613.00000   52.61391
  28.00000  281.00000    0.00000    0.00000  185.00000    0.00000 1104.00000  774.00000   22.43555
  28.00000  234.00000  156.00000    0.00000  189.00000    5.85000  981.00000  760.00000   39.30013
   7.00000  362.60000  189.00000    0.00000  164.90000   11.60000  944.70000  755.80000   22.89750
  28.00000  145.00000    0.00000  179.00000  202.00000    8.00000  824.00000  869.00000   10.53519
   7.00000  425.00000  106.30000    0.00000  153.50000   16.50000  852.10000  887.10000   49.20101
 100.00000  275.07000    0.00000  121.35000  159.48000    9.90000 1053.60000  777.50000   58.60546
   3.00000  250.00000    0.00000   95.69000  187.42000    5.53000  956.86000  861.17000   13.81710
  28.00000  397.00000   17.20000  158.00000  167.00000   20.80000  967.00000  633.00000   55.64761
   3.00000  173.81000   93.37000  159.90000  172.34000    9.73000 1007.20000  746.60000   15.81658
   7.00000  173.00000  116.00000    0.00000  192.00000    0.00000  946.80000  856.80000   11.39221
  28.00000  190.34000    0.00000  125.18000  161.85000    9.88000 1088.10000  802.59000   28.46846
  14.00000  525.00000    0.00000    0.00000  189.00000    0.00000 1125.00000  613.00000   48.40122
  28.00000  202.00000   11.00000  141.00000  206.00000    1.72000  942.00000  801.00000   21.96671
 365.00000  307.00000    0.00000    0.00000  193.00000    0.00000  968.00000  812.00000   36.14923
  28.00000  231.75000    0.00000  121.62000  173.96000    6.72000 1056.40000  778.45000   33.72917
  28.00000  375.00000    0.00000    0.00000  186.00000    0.00000 1038.00000  758.00000   38.21076
 100.00000  277.05000    0.00000   97.39000  160.60000   11.83000  973.90000  875.61000   55.64071
   3.00000  254.00000    0.00000    0.00000  198.00000    0.00000  968.00000  863.00000    9.30793
  28.00000  528.00000    0.00000    0.00000  185.00000    6.86000  920.00000  720.00000   56.83351
  14.00000  540.00000    0.00000    0.00000  173.00000    0.00000 1125.00000  613.00000   59.76378
 270.00000  266.00000  114.00000    0.00000  228.00000    0.00000  932.00000  670.00000   51.73276
  28.00000  425.00000  106.30000    0.00000  153.50000   16.50000  852.10000  887.10000   60.29468
   3.00000  525.00000    0.00000    0.00000  189.00000    0.00000 1125.00000  613.00000   33.79811
 180.00000  236.00000    0.00000    0.00000  193.00000    0.00000  968.00000  885.00000   24.10408
  28.00000  213.50000    0.00000  174.24000  154.61000   11.66000 1052.30000  775.48000   45.93979
  28.00000  251.37000    0.00000  118.27000  188.45000    5.75000 1028.40000  757.73000   29.65436
   3.00000  198.60000  132.40000    0.00000  192.00000    0.00000  978.40000  825.50000    9.13142
   7.00000  102.00000  153.00000    0.00000  192.00000    0.00000  887.00000  942.00000    7.67594
   7.00000  237.50000  237.50000    0.00000  228.00000    0.00000  932.00000  594.00000   26.25800
  28.00000  288.00000  192.00000    0.00000  192.00000    0.00000  932.00000  717.80000   38.80440
  28.00000  143.00000  169.00000  143.00000  191.00000    8.00000  967.00000  643.00000   29.72331
  28.00000  374.30000    0.00000    0.00000  190.20000    6.70000 1013.20000  730.40000   39.05606
  56.00000  214.90000   53.80000  121.89000  155.63000    9.61000 1014.30000  780.58000   53.95839
  28.00000  310.00000  142.80000    0.00000  167.90000   10.00000  914.30000  804.00000   45.30478
  28.00000  296.00000    0.00000  106.70000  221.40000   10.50000  819.20000  778.40000   31.42011
  28.00000  272.80000  105.10000   81.80000  209.70000    9.00000  904.00000  679.70000   37.17103
 100.00000  376.00000    0.00000    0.00000  214.60000    0.00000 1003.50000  762.36000   43.05778
  91.00000  425.00000  106.30000    0.00000  153.50000   16.50000  852.10000  887.10000   65.19685
  90.00000  108.30000  162.40000    0.00000  203.50000    0.00000  938.20000  849.00000   29.23171
  28.00000  155.00000    0.00000  143.00000  193.00000    9.00000  877.00000  868.00000    9.73540
  28.00000  475.00000  118.80000    0.00000  181.10000    8.90000  852.10000  781.50000   68.29949
   3.00000  480.00000    0.00000    0.00000  192.00000    0.00000  936.20000  712.20000   24.40469
  28.00000  349.00000    0.00000    0.00000  192.00000    0.00000 1047.00000  806.00000   32.72253
 100.00000  212.00000    0.00000  124.78000  159.00000    7.84000 1085.40000  799.54000   47.81516
  28.00000  151.00000    0.00000  184.00000  167.00000   12.00000  991.00000  772.00000   15.56837
 365.00000  266.00000  114.00000    0.00000  228.00000    0.00000  932.00000  670.00000   52.90832
   3.00000  531.30000    0.00000    0.00000  141.80000   28.20000  852.10000  893.70000   41.29961
   3.00000  168.88000   42.22000  124.25000  158.33000   10.83000 1080.80000  796.15000    7.39808
  28.00000  229.97000    0.00000  118.31000  195.47000    4.63000 1029.40000  758.59000   24.48329
   3.00000  277.00000    0.00000    0.00000  191.00000    0.00000  968.00000  856.00000   11.36256
  28.00000  333.00000    0.00000    0.00000  192.00000    0.00000  931.20000  842.60000   31.96687
  28.00000  255.00000   99.00000   77.00000  189.00000    6.00000  919.00000  749.00000   33.79811
   7.00000  475.00000    0.00000    0.00000  228.00000    0.00000  932.00000  594.00000   38.60376
  28.00000  289.00000    0.00000    0.00000  192.00000    0.00000  913.20000  895.30000   25.57335
   3.00000  250.20000  166.80000    0.00000  203.50000    0.00000  977.60000  694.10000    9.73126
  28.00000  296.00000    0.00000  107.00000  221.00000   11.00000  819.00000  778.00000   31.41942
  28.00000  337.90000  189.00000    0.00000  174.90000    9.50000  944.70000  755.80000   49.89738
 360.00000  139.60000  209.40000    0.00000  192.00000    0.00000 1047.00000  806.90000   44.69804
  28.00000  136.40000  161.60000  125.80000  171.60000   10.40000  922.60000  764.40000   29.07313
   7.00000  331.00000    0.00000    0.00000  192.00000    0.00000 1025.00000  821.00000   17.43685
  90.00000  540.00000    0.00000    0.00000  173.00000    0.00000 1125.00000  613.00000   69.65776
  28.00000  154.80000  183.40000    0.00000  193.30000    9.10000  877.20000  867.70000   23.78692
  56.00000  167.95000   42.08000  163.83000  121.75000    5.72000 1058.70000  780.11000   32.85353
  56.00000  218.23000   54.64000  123.78000  140.75000   11.91000 1075.70000  792.67000   61.99079
  28.00000  313.00000  145.00000    0.00000  178.00000    8.00000  867.00000  824.00000   44.38846
   7.00000  350.00000    0.00000    0.00000  186.00000    0.00000 1050.00000  770.00000   20.27749
 100.00000  250.00000    0.00000   95.69000  187.42000    5.53000  956.86000  861.17000   42.34762
  90.00000  393.00000    0.00000    0.00000  192.00000    0.00000  940.60000  785.60000   48.84662
  28.00000  148.50000  139.40000  108.60000  192.70000    6.10000  892.40000  780.00000   23.69660
  28.00000  134.70000    0.00000  165.70000  180.20000   10.00000  961.00000  804.90000   13.29379
  28.00000  213.76000   98.06000   24.52000  181.74000    6.65000 1066.00000  785.52000   40.23092
  91.00000  374.00000  189.20000    0.00000  170.10000   10.10000  926.10000  756.70000   64.90038
   3.00000  387.00000   20.00000   94.00000  157.00000   11.61000  938.00000  845.00000   34.77027
  14.00000  194.68000    0.00000  100.52000  170.17000    7.48000  998.00000  901.80000   24.28334
  56.00000  212.57000    0.00000  100.39000  159.35000   10.37000 1003.80000  903.79000   44.39536
  28.00000  165.00000  128.50000  132.10000  175.06000    8.08000 1005.80000  746.60000   46.38795
  90.00000  380.00000    0.00000    0.00000  228.00000    0.00000  932.00000  670.00000   52.90832
   7.00000  238.20000  158.80000    0.00000  185.70000    0.00000 1040.60000  734.30000   15.69109
  28.00000  157.00000  236.00000    0.00000  192.00000    0.00000  935.40000  781.20000   33.66436
  56.00000  313.30000  262.20000    0.00000  175.50000    8.60000 1046.90000  611.80000   64.90038
 365.00000  380.00000    0.00000    0.00000  228.00000    0.00000  932.00000  670.00000   52.51670
  28.00000  355.00000   19.00000   97.00000  145.00000   13.13000  967.00000  871.00000   44.02994
   7.00000  425.00000  106.30000    0.00000  153.50000   16.50000  852.10000  887.10000   49.20101
  56.00000  318.80000  212.50000    0.00000  155.70000   14.30000  852.10000  880.40000   66.10006
   3.00000  469.00000  117.20000    0.00000  137.80000   32.20000  852.10000  840.50000   40.19645
  28.00000  491.00000   26.00000  123.00000  210.00000    3.93000  882.00000  699.00000   55.55108
   3.00000  172.38000   13.61000  172.37000  156.76000    4.14000 1006.30000  856.40000   21.29102
  56.00000  165.00000    0.02000  143.57000  163.81000    0.00000 1005.60000  900.90000   36.56291
   3.00000  165.00000    0.02000  143.57000  163.81000    0.00000 1005.60000  900.90000   14.39626
  28.00000  393.00000    0.00000    0.00000  192.00000    0.00000  940.00000  758.00000   39.58282
  28.00000  152.60000  238.70000    0.00000  200.00000    6.30000 1001.80000  683.90000   26.85992
 100.00000  181.38000    0.00000  167.01000  169.59000    7.56000 1055.60000  777.80000   45.36752
  14.00000  173.81000   93.37000  159.90000  172.34000    9.73000 1007.20000  746.60000   29.55094
  56.00000  424.00000   22.00000  132.00000  168.00000    8.92000  822.00000  750.00000   74.36491
  91.00000  475.00000  118.80000    0.00000  181.10000    8.90000  852.10000  781.50000   74.19451
  28.00000  255.30000   98.80000   77.00000  188.60000    6.50000  919.00000  749.30000   33.79880
  91.00000  469.00000  117.20000    0.00000  137.80000   32.20000  852.10000  840.50000   70.69887
  28.00000  252.00000    0.00000    0.00000  185.00000    0.00000 1111.00000  784.00000   19.69143
  28.00000  500.00000    0.00000    0.00000  151.00000    9.00000 1033.00000  655.00000   69.83702
   7.00000  400.00000    0.00000    0.00000  187.00000    0.00000 1025.00000  745.00000   30.14389
   7.00000  284.00000   15.00000  141.00000  179.00000    5.46000  842.00000  801.00000   24.13166
   7.00000  446.00000   24.00000   79.00000  162.00000   11.64000  967.00000  712.00000   38.01771
 100.00000  290.35000    0.00000   96.18000  168.08000    9.41000  961.18000  865.00000   48.97348
 100.00000  167.35000  129.90000  128.62000  175.46000    7.79000 1006.30000  746.60000   53.65502
  28.00000  154.80000  183.40000    0.00000  193.30000    9.10000 1047.40000  696.70000   18.28766
  28.00000  261.00000  100.00000   78.00000  201.00000    9.00000  864.00000  761.00000   32.39848
  91.00000  286.30000  200.90000    0.00000  144.70000   11.20000 1004.60000  803.70000   76.80073
  14.00000  168.88000   42.22000  124.25000  158.33000   10.83000 1080.80000  796.15000   23.51113
  28.00000  304.00000  140.00000    0.00000  214.00000    6.00000  895.00000  722.00000   33.41890
  28.00000  236.00000    0.00000    0.00000  194.00000    0.00000  968.00000  885.00000   18.41590
  91.00000  313.30000  262.20000    0.00000  175.50000    8.60000 1046.90000  611.80000   66.59649
  28.00000  160.20000  188.00000  146.40000  203.20000   11.30000  828.70000  709.70000   35.31427
   7.00000  349.00000    0.00000    0.00000  192.00000    0.00000 1056.00000  809.00000    9.01145
 270.00000  332.50000  142.50000    0.00000  228.00000    0.00000  932.00000  594.00000   40.26954
  90.00000  380.00000   95.00000    0.00000  228.00000    0.00000  932.00000  594.00000   40.56325
   7.00000  250.00000    0.00000    0.00000  182.00000    0.00000 1100.00000  820.00000   12.73462
  56.00000  379.50000  151.20000    0.00000  153.90000   15.90000 1134.30000  605.00000   54.89608
  28.00000  424.00000   22.00000  132.00000  168.00000    8.92000  822.00000  750.00000   72.09851
   3.00000  202.00000   11.00000  141.00000  206.00000    1.72000  942.00000  801.00000    9.84966
  90.00000  255.00000    0.00000    0.00000  192.00000    0.00000  889.80000  945.00000   21.85915
   3.00000  349.00000    0.00000    0.00000  192.00000    0.00000 1047.00000  806.90000   15.04919
   1.00000  385.00000    0.00000    0.00000  186.00000    0.00000  966.00000  763.00000    6.26734
  28.00000  233.81000    0.00000   94.58000  197.89000    4.56700  947.04000  852.16000   22.83545
  28.00000  159.00000  149.00000  116.00000  175.00000   15.00000  953.00000  720.00000   27.67557
   3.00000  194.68000    0.00000  100.52000  165.62000    7.48000 1006.40000  905.90000   12.45194
   7.00000  250.20000  166.80000    0.00000  203.50000    0.00000  977.60000  694.10000   19.35014
  28.00000  397.00000    0.00000    0.00000  185.00000    0.00000 1040.00000  734.00000   39.09329
  28.00000  164.20000    0.00000  200.10000  181.20000   12.60000  849.30000  846.00000   15.09125
  56.00000  168.88000   42.22000  124.25000  158.33000   10.83000 1080.80000  796.15000   39.14845
   3.00000  362.60000  189.00000    0.00000  164.90000   11.60000  944.70000  755.80000   35.30117
 360.00000  310.00000    0.00000    0.00000  192.00000    0.00000  970.00000  850.00000   38.11423
  56.00000  387.00000   20.00000   94.00000  157.00000   11.61000  938.00000  845.00000   61.45989
   3.00000  183.90000  122.60000    0.00000  203.50000    0.00000  959.20000  800.00000    4.90355
 365.00000  254.00000    0.00000    0.00000  198.00000    0.00000  968.00000  863.00000   29.78536
  28.00000  540.00000    0.00000    0.00000  162.00000    2.50000 1040.00000  676.00000   79.98611
  28.00000  401.80000   94.70000    0.00000  147.40000   11.40000  946.80000  852.10000   68.49944
  56.00000  212.52000    0.00000  100.37000  159.32000    8.71000 1007.80000  903.59000   42.54756
  28.00000  277.05000    0.00000   97.39000  160.60000   11.83000  973.90000  875.61000   48.28400
  28.00000  298.00000  137.00000  107.00000  201.00000    6.00000  878.00000  655.00000   53.52402
  28.00000  376.00000    0.00000    0.00000  214.60000    0.00000 1003.50000  762.36000   31.97100
   3.00000  213.50000    0.00000  174.24000  154.61000   11.66000 1052.30000  775.48000   17.36790
 270.00000  427.50000   47.50000    0.00000  228.00000    0.00000  932.00000  594.00000   43.01296
  28.00000  266.20000  112.30000   87.50000  177.90000   10.40000  909.70000  744.50000   39.42148
  28.00000  321.30000  164.20000    0.00000  190.50000    4.60000  870.00000  774.00000   57.21823
 100.00000  165.00000  128.50000  132.10000  175.06000    8.08000 1005.80000  746.60000   55.02018
  28.00000  336.50000    0.00000    0.00000  181.90000    3.40000  985.80000  816.80000   44.86834
  28.00000  310.00000    0.00000    0.00000  192.00000    0.00000 1012.00000  830.00000   27.82725
  28.00000  299.80000    0.00000  119.80000  211.50000    9.90000  878.20000  727.60000   23.83587
  28.00000  374.00000  189.20000    0.00000  170.10000   10.10000  926.10000  756.70000   61.09447
   7.00000  290.20000  193.50000    0.00000  185.70000    0.00000  998.20000  704.30000   21.85915
  56.00000  167.35000  129.90000  128.62000  175.46000    7.79000 1006.30000  746.60000   51.72449
 100.00000  277.19000   97.82000   24.46000  160.70000   11.19000 1061.70000  782.46000   66.94812
  56.00000  231.75000    0.00000  121.62000  173.96000    6.72000 1056.40000  778.45000   42.69925
   7.00000  252.50000    0.00000    0.00000  185.70000    0.00000 1111.60000  784.30000   11.48391
  28.00000  397.00000    0.00000    0.00000  185.70000    0.00000 1040.60000  734.30000   33.08244
 180.00000  322.00000    0.00000    0.00000  203.00000    0.00000  974.00000  800.00000   29.58542
 180.00000  540.00000    0.00000    0.00000  173.00000    0.00000 1125.00000  613.00000   71.62277
  14.00000  213.76000   98.06000   24.52000  181.74000    6.65000 1066.00000  785.52000   17.83674
  14.00000  218.85000    0.00000  124.13000  158.49000   11.33000 1078.70000  794.91000   26.04840
   7.00000  359.00000   19.00000  141.00000  154.00000   10.91000  942.00000  801.00000   38.61066
  28.00000  225.00000    0.00000    0.00000  181.00000    0.00000 1113.00000  833.00000   17.34032
  28.00000  165.00000    0.00000  150.00000  182.00000   12.00000 1023.00000  729.00000   18.02980
   7.00000  296.00000    0.00000    0.00000  186.00000    0.00000 1090.00000  769.00000   18.91233
  28.00000  451.00000    0.00000    0.00000  165.00000   11.25000 1030.00000  745.00000   78.80021
   7.00000  139.60000  209.40000    0.00000  192.00000    0.00000 1047.00000  806.90000   14.58931
  56.00000  173.54000   50.05000  173.53000  164.77000    6.47000 1006.20000  793.50000   53.77223
 100.00000  178.03000  129.80000  118.60000  179.94000    3.57000 1007.30000  746.80000   49.99390
 100.00000  194.68000    0.00000  100.52000  170.17000    7.48000  998.00000  901.80000   44.27815
  56.00000  350.00000    0.00000    0.00000  203.00000    0.00000  974.00000  775.00000   29.97842
