   0.00000    0.50000    0.00000    0.00000    0.00000    0.50000    0.53629
   0.00000    0.00000    0.00000    0.00000    1.00000    0.00000    0.32435
   0.25000    0.25000    0.25000    0.00000    0.25000    0.00000    0.68087
   0.00000    0.00000    0.00000    0.50000    0.50000    0.00000    0.67988
   0.33300    0.33300    0.00000    0.33300    0.00000    0.00000    0.51268
   0.25000    0.00000    0.25000    0.25000    0.25000    0.00000    0.72110
   0.00000    0.25000    0.00000    0.25000    0.25000    0.25000    0.59852
   0.00000    0.00000    0.25000    0.25000    0.25000    0.25000    0.59511
   0.00000    0.00000    0.50000    0.00000    0.00000    0.50000    0.45576
   0.00000    0.33300    0.33300    0.00000    0.33300    0.00000    0.74012
   0.25000    0.25000    0.00000    0.25000    0.25000    0.00000    0.60099
   0.00000    0.25000    0.25000    0.25000    0.00000    0.25000    0.67939
   0.00000    0.25000    0.25000    0.00000    0.25000    0.25000    0.58236
   0.50000    0.50000    0.00000    0.00000    0.00000    0.00000    0.42968
   0.00000    1.00000    0.00000    0.00000    0.00000    0.00000    0.53187
   0.25000    0.00000    0.25000    0.00000    0.25000    0.25000    0.53383
   0.00000    0.00000    0.00000    0.00000    0.50000    0.50000    0.29828
   0.33300    0.33300    0.00000    0.00000    0.00000    0.33300    0.52634
   1.00000    0.00000    0.00000    0.00000    0.00000    0.00000    0.20000
   0.20000    0.20000    0.00000    0.20000    0.20000    0.20000    0.61255
   0.00000    0.00000    0.33300    0.33300    0.33300    0.00000    0.74693
   0.25000    0.25000    0.25000    0.00000    0.00000    0.25000    0.64566
   0.50000    0.00000    0.00000    0.00000    0.50000    0.00000    0.34946
   0.33300    0.00000    0.33300    0.00000    0.00000    0.33300    0.52502
   0.00000    0.33300    0.33300    0.33300    0.00000    0.00000    0.78606
   0.00000    0.33300    0.00000    0.33300    0.33300    0.00000    0.65173
   0.33300    0.00000    0.33300    0.33300    0.00000    0.00000    0.75344
   0.33300    0.33300    0.00000    0.00000    0.33300    0.00000    0.47128
   0.16700    0.16700    0.16700    0.16700    0.16700    0.16700    0.69269
   0.00000    0.00000    0.00000    1.00000    0.00000    0.00000    0.69263
