   0.00000   45.82000   50.74700    0.00000    2.24100    2.10800    0.94200    1.00000    4.04000
   1.00000   20.31000   28.26900    0.00000    2.82100    2.50200    1.28300    1.00000    3.07800
   0.00000  111.87000  144.17700    1.00000    1.39500    2.33400    0.71600    2.00000    4.60600
   0.00000    7.76000    0.00000    0.00000    1.58600    2.67400    1.16600    2.00000    4.82300
   1.00000   58.20000  116.23200    2.00000    3.50800    3.28100    0.80300    2.00000    7.80200
   0.00000   45.82000   50.74700    0.00000    2.50900    2.09000    0.61700    1.00000    3.64000
   0.00000   41.57000   57.28000    1.00000    3.18000    3.29200    1.01400    2.00000    4.99200
   0.00000    3.24000    3.12400    0.00000    4.76100    3.27300    1.05200    1.00000    5.55100
   0.00000   35.25000   43.89700    2.00000    1.24600    2.03100    1.08100    1.00000    4.01100
   0.00000  157.69000  194.92400    1.00000    1.54300    2.52700    0.64700    3.00000    3.43000
   0.00000   38.33000   54.15600    1.00000    1.73700    2.47200    0.63800    1.00000    6.84800
   0.00000   91.64000  101.49400    0.00000    2.50700    2.33400    0.54300    2.00000    5.40200
   0.00000   28.24000    0.00000    0.00000    3.16900    2.22400    0.71100    0.00000    4.75600
   0.00000    0.00000    0.00000    0.00000    2.41900    1.22500    0.66700    0.00000    3.74000
   0.00000   26.02000   32.89700    2.00000    3.61700    2.07400    0.28800    1.00000    5.55900
   0.00000   20.23000   42.68300    1.00000    2.63700    2.34400    0.75800    0.00000    4.61000
   0.00000    0.00000    0.00000    0.00000    3.56200    2.03100    1.15000    0.00000    5.45000
   0.00000   43.24000   59.40900    0.00000    4.39600    3.54200    0.91000    3.00000    4.57900
   0.00000   12.53000   11.00000    0.00000   -0.56400    1.50000    1.73300    0.00000    2.33200
   1.00000   76.21000  117.51100    3.00000    1.11900    2.25000    0.37500    2.00000    3.64400
   2.00000   58.20000   86.31100    2.00000    3.65200    3.55700    1.23700    2.00000    4.24900
   0.00000    0.00000   44.88000    0.00000    2.41900    1.50900    0.73100    0.00000    3.95400
   4.00000  215.34000  327.62900    3.00000    0.18900    4.67700    1.33300    0.00000    6.06400
   1.00000  182.83000  315.56100    5.00000    1.66200    5.83100    1.35100    0.00000    3.88400
   0.00000   38.69000   64.68300    1.00000    0.22400    2.10800    1.90400    0.00000    1.88800
   0.00000   41.57000   57.28000    1.00000    1.83800    2.61100    1.17500    2.00000    3.15500
   1.00000   50.24000   26.66300    0.00000    3.24700    2.78900    1.20600    1.00000    6.07400
   0.00000   20.23000   42.68300    1.00000    3.31400    2.03100    0.40900    0.00000    4.86400
   0.00000   45.82000   50.74700    0.00000    2.50900    2.11900    0.61700    1.00000    4.31000
   1.00000   68.01000   92.59300    3.00000   -0.28300    2.17000    0.89300    3.00000    3.77500
   0.00000   20.23000   42.68300    1.00000    0.80000    1.40100    1.69800    0.00000    1.82000
   0.00000   18.46000   22.00000    0.00000    1.46600    2.15000    1.22000    0.00000    2.93700
   2.00000   64.63000   90.30000    1.00000    1.65100    2.78500    1.34600    1.00000    3.07200
   0.00000   45.82000   50.74700    0.00000    3.11000    2.15400    0.47800    1.00000    4.25100
   0.00000    0.00000    0.00000    0.00000    4.06300    1.96000    0.49900    0.00000    4.75000
   0.00000  107.02000   52.33000    0.00000    0.64000    2.61400    1.23300    1.00000    5.76200
   0.00000   12.53000   11.00000    0.00000    1.53300    2.27400    1.02600    0.00000    4.01800
   0.00000   77.76000  153.19500    3.00000    0.55900    2.13700    0.76700    0.00000    3.66900
   0.00000   17.07000   25.14500    0.00000    4.91200    2.65900    0.49100    0.00000    6.39400
   0.00000    0.00000    0.00000    0.00000    2.85100    1.98900    0.93800    0.00000    3.53300
   1.00000   35.53000   47.14500    0.00000    0.53800    1.95200    1.92800    0.00000    2.51100
   1.00000  237.75000  223.04700    8.00000    0.08300    3.24900    1.04000    7.00000    2.92800
   0.00000   26.02000   32.89700    2.00000    2.12700    1.90800    0.59700    1.00000    5.19000
   0.00000   48.02000   61.16600    2.00000    2.58900    2.91900    0.82600    2.00000    4.23400
   0.00000    0.00000    0.00000    0.00000    6.16600    2.95900    0.57000    0.00000    8.27100
   2.00000   88.90000   33.57100    0.00000    4.40500    2.45600    0.56800    2.00000    6.39900
   0.00000    0.00000    0.00000    0.00000    3.25900    1.97500    1.11100    0.00000    4.53000
   0.00000    0.00000    0.00000    0.00000    3.95800    2.48800    0.80200    0.00000    3.57500
   0.00000   54.57000   41.02800    0.00000    1.24600    2.08600    1.87500    0.00000    9.09900
   0.00000    0.00000    0.00000    0.00000    2.74600    1.66700    1.40000    0.00000    3.80900
   0.00000   98.61000   57.46000    0.00000    2.05400    2.89100    1.44200    3.00000    9.14000
   0.00000    9.23000   11.00000    0.00000    1.58700    1.84000    1.05000    0.00000    2.77800
   0.00000    0.00000    0.00000    0.00000    5.47200    2.70300    0.57700    0.00000    6.20900
   0.00000    0.00000    0.00000    0.00000    3.67700    2.34400    0.86800    0.00000    4.98000
   0.00000   37.30000   67.82800    1.00000    1.66700    2.03100    0.86700    0.00000    4.46200
   1.00000   90.51000   65.67000    1.00000   -0.75900    1.92900    1.40200    1.00000    4.10700
   0.00000  118.06000   85.36700    4.00000   -0.08100    1.76800    1.06100    0.00000    3.75800
   0.00000   92.31000   70.94100    2.00000    2.19500    3.08200    0.99900    3.00000    7.04400
   0.00000   46.15000   54.99900    0.00000    2.11000    3.86600    1.52100    0.00000    5.29100
   0.00000    0.00000    0.00000    0.00000    2.08100    1.50900    0.68500    0.00000    4.32200
   0.00000  164.90000  144.33300    4.00000    0.16000    3.32300    0.83300    4.00000    4.33000
   0.00000   20.23000   42.68300    1.00000    1.20900    1.43000    0.47600    0.00000    3.00200
   0.00000  111.56000   99.40000    2.00000    0.65800    3.42600    1.18900    4.00000    2.68500
   0.00000   45.34000   34.10600    0.00000    1.29700    2.04200    1.93300    0.00000    2.82900
   1.00000   29.10000   43.15600    1.00000    3.07600    2.43800    0.77300    1.00000    4.71400
   0.00000    0.00000    0.00000    0.00000    3.25900    1.97900    1.11100    0.00000    4.30000
   0.00000   20.23000   42.68300    1.00000    2.19300    1.96000    1.02000    0.00000    4.03800
   0.00000    0.00000    0.00000    0.00000    6.47000    2.82100    0.46900    0.00000    8.44000
   0.00000    0.00000    0.00000    0.00000    3.67700    2.32400    0.86800    0.00000    5.00100
   0.00000    0.00000    0.00000    0.00000    5.12400    2.51500    0.45600    0.00000    6.77700
   0.00000   63.22000   80.14400    0.00000    1.93600    3.85200    1.15100    0.00000    8.02800
   0.00000   71.06000   94.28900    0.00000    0.97700    3.19100    1.14600    0.00000    2.50600
   0.00000    0.00000    0.00000    0.00000    4.76000    2.85900    0.70000    0.00000    6.17300
   0.00000   76.43000    6.92200    0.00000    2.72300    2.55300    0.83500    0.00000    7.48300
   0.00000    0.00000    0.00000    0.00000    2.60800    1.85700    1.00000    0.00000    3.00200
   0.00000   40.46000   85.36700    2.00000    0.70600    1.68900    1.59400    0.00000    1.22000
   0.00000   20.23000   42.68300    1.00000    2.19300    1.97500    1.02000    0.00000    4.76500
   0.00000    9.23000   11.00000    0.00000    5.45300    2.88700    0.49500    0.00000    6.72300
   0.00000   26.02000   32.89700    2.00000    2.72900    1.97900    0.46200    1.00000    5.16000
   0.00000  121.26000    6.24900    0.00000    1.76100    2.66000    0.77900    2.00000    5.97600
   0.00000  140.02000  119.20900    4.00000   -0.81200    2.47800    0.92600    3.00000    7.37800
   0.00000    9.23000   11.00000    0.00000    5.79900    2.93000    0.48600    0.00000    7.01900
   1.00000  122.91000  210.53700    3.00000    0.86800    3.59000    1.46200    3.00000    2.62600
   0.00000   29.46000   53.68300    1.00000    3.02800    2.22500    0.54800    0.00000    6.17600
   0.00000   38.69000   64.68300    1.00000   -0.12900    2.15000    1.97100    0.00000    1.53000
   1.00000  193.91000  332.83000    5.00000   -0.13900    4.73000    1.55100    1.00000    3.27700
   0.00000    0.00000    0.00000    0.00000    2.06700    1.80000    1.25000    0.00000    3.94100
   0.00000   20.23000   42.68300    1.00000    2.46100    1.97500    0.73700    0.00000    4.85200
   1.00000   86.52000  117.43700    2.00000    2.03100    2.67900    1.19800    6.00000    6.44700
   0.00000   50.94000   76.13200    1.00000    3.77000    3.09100    1.08100    3.00000    4.01000
   0.00000   45.82000   50.74700    0.00000    2.84200    2.15400    0.72600    1.00000    4.26800
   0.00000    0.00000    0.00000    0.00000    5.16500    3.11100    0.73200    0.00000    6.21900
   2.00000   52.60000   72.29000    0.00000    0.78700    2.22300    1.80000    0.00000    2.89900
   0.00000  102.78000   20.26300    0.00000    3.32200    2.90100    0.87400    0.00000    7.67600
   0.00000   40.46000   85.36700    2.00000    5.25500    3.00100    0.48500    0.00000    4.83800
   0.00000   36.28000   22.15600    0.00000   -0.31700    1.22500    1.33300    0.00000    0.49500
   0.00000    0.00000    0.00000    0.00000    5.98900    2.75800    0.52900    0.00000    8.16000
   0.00000   18.46000   22.00000    0.00000    4.26800    3.16400    0.85700    0.00000    7.08700
   0.00000   54.57000   41.02800    0.00000    4.78900    3.58000    1.50500    0.00000    5.51200
   1.00000   26.30000   81.02500    0.00000    5.40000    3.93600    0.99100    0.00000    8.11200
   1.00000   87.66000  139.99500    3.00000    1.58900    3.51400    1.33900    2.00000    3.81900
   1.00000   43.09000   58.04200    2.00000   -0.38000    1.40100    1.15100    1.00000    2.64900
   0.00000   12.53000   11.00000    0.00000    4.45200    2.86200    0.54300    0.00000    6.50800
   0.00000   28.24000    0.00000    0.00000    1.17300    1.66700    0.66700    0.00000    2.42100
   1.00000  181.62000  324.87300    7.00000   -0.39200    3.62900    0.86300    2.00000    3.57300
   0.00000    0.00000    0.00000    0.00000    1.81700    1.33400    0.71800    0.00000    2.49000
   0.00000    0.00000    0.00000    0.00000    3.87600    2.53900    0.83700    0.00000    4.90900
   0.00000   12.53000   11.00000    0.00000    4.45200    2.71600    0.49000    0.00000    5.51300
   0.00000    0.00000    0.00000    0.00000    2.22600    1.26500    2.50000    0.00000    3.64300
   0.00000    0.00000    0.00000    0.00000    5.98900    2.71200    0.52900    0.00000    6.99000
   0.00000   47.56000   65.15500    1.00000    1.45900    2.72000    1.26500    1.00000    6.52000
   0.00000  165.15000  185.89700    0.00000    0.57500    2.60800    1.80900    3.00000    3.85000
   0.00000    0.00000    0.00000    0.00000    5.98900    2.73300    0.52900    0.00000    6.98900
   2.00000   52.60000   72.29000    0.00000    6.33800    4.16000    1.40200    0.00000    6.19400
   0.00000   57.28000   71.69400    3.00000    2.12400    3.45500    1.06900    2.00000    4.30500
   0.00000    0.00000    0.00000    0.00000    4.06300    1.97500    0.49900    0.00000    4.83000
   1.00000   58.11000   32.89700    2.00000   -0.31700    1.22500    0.57500    1.00000    3.63800
   0.00000   39.94000  104.28900    0.00000    4.28100    3.35700    1.00200    3.00000    4.71300
   0.00000    0.00000    0.00000    0.00000    6.47000    2.80500    0.46900    0.00000    8.78000
   2.00000   59.32000  123.08400    0.00000    4.21700    4.11100    0.99400    1.00000    8.67800
   1.00000   20.31000   28.26900    0.00000    0.19800    1.78200    1.55900    1.00000    4.90600
   0.00000    7.76000    0.00000    0.00000    2.12200    2.70000    1.05300    2.00000    5.01000
   0.00000   88.03000   86.37800    2.00000    3.18500    2.93000    1.13000    5.00000    4.48500
   1.00000   75.01000  128.30600    1.00000    1.14600    3.50500    1.23200    3.00000    3.67400
   0.00000  103.35000  161.25900    2.00000    2.40100    3.05300    0.79800    1.00000    4.14000
   2.00000  110.45000  141.04700    1.00000    2.76700    3.48800    1.21600    2.00000    4.07100
   0.00000   20.23000   42.68300    1.00000    3.04600    2.02700    0.60200    0.00000    5.63200
   0.00000   26.02000   32.89700    2.00000    1.85900    1.90800    0.91700    1.00000    5.31200
   0.00000    0.00000    0.00000    0.00000    4.41600    2.57000    0.72300    0.00000    5.42200
   2.00000   59.32000   78.20400    0.00000    3.90700    3.93400    0.90800    1.00000    9.06300
   0.00000   45.82000   50.74700    0.00000    1.88700    2.04800    0.84200    1.00000    3.61500
   0.00000   56.15000   36.02200    2.00000    1.97100    2.47200    1.14400    2.00000    3.52000
   2.00000  122.22000  155.54300    2.00000    1.40600    3.51100    1.45600    5.00000    2.59300
   0.00000    0.00000    0.00000    0.00000    4.41600    2.59100    0.72300    0.00000    5.64100
   0.00000   52.04000   65.79400    4.00000   -1.05300    1.33400    1.61000    2.00000    3.35800
   1.00000  203.06000  358.24400    6.00000    0.95700    5.83900    1.34500    0.00000    4.56600
   0.00000   56.79000   76.15500    1.00000    1.06400    2.72000    1.34600    1.00000    6.88300
   0.00000   40.46000   85.36700    2.00000    3.30600    2.83200    0.91700    0.00000    4.30100
   1.00000   46.53000   78.82800    1.00000    2.37800    2.47200    0.98800    0.00000    3.47400
   0.00000    0.00000    0.00000    0.00000    3.37400    2.07500    1.20400    0.00000    3.79200
   0.00000   24.06000   35.77600    2.00000    3.32600    2.83700    0.84900    2.00000    4.65100
   0.00000   12.89000   16.78600    0.00000    3.05100    2.72700    0.80000    1.00000    4.85100
   0.00000    9.23000   11.00000    0.00000    0.80000    1.50900    2.00300    0.00000    1.73000
   0.00000    0.00000    0.00000    0.00000    2.08100    1.40100    0.50100    0.00000    3.48500
   0.00000   17.07000   25.14500    0.00000    1.94700    2.00500    1.27600    0.00000    3.06100
   0.00000   56.15000   36.02200    2.00000   -0.27300    1.55900    0.87600    2.00000    3.82500
   0.00000    0.00000    0.00000    0.00000    3.13800    1.50900    1.70000    0.00000    3.87000
   0.00000   28.24000    0.00000    0.00000    2.85100    2.17600    0.65600    0.00000    3.35700
   0.00000   29.46000   53.68300    1.00000    2.73600    2.18700    0.62000    0.00000    5.37200
   0.00000   12.89000   16.78600    0.00000    2.06600    2.28400    0.86700    1.00000    3.71100
   1.00000   54.37000   92.97300    1.00000    3.37400    3.06100    0.91000    0.00000    3.59900
   0.00000    0.00000    0.00000    0.00000    2.87600    1.85700    0.69900    0.00000    3.91800
   0.00000   79.93000   16.78600    1.00000    1.76900    2.23900    0.79300    1.00000    4.49400
   0.00000   75.99000   73.77400    1.00000    0.78700    2.26600    1.18500    2.00000    5.55100
   1.00000   44.45000   16.78600    0.00000    3.26500    2.13400    0.63700    1.00000    6.13100
   0.00000  111.87000  144.17700    1.00000    2.70200    2.62600    1.04700    2.00000    6.00000
   1.00000   26.30000   36.14500    0.00000    0.99600    1.72300    1.80500    0.00000    2.82700
   1.00000   23.79000   31.05900    0.00000    0.09400    1.33400    1.11500    1.00000    3.78000
   2.00000   74.60000  135.65700    2.00000   -0.45000    1.82300    1.07500    0.00000    2.76400
   0.00000   21.26000   29.01100    1.00000    2.82600    2.70900    1.18400    1.00000    5.03600
   0.00000   45.82000   50.74700    0.00000    3.11000    2.14100    0.47800    1.00000    4.62000
   1.00000   37.30000   67.82800    1.00000    0.99600    1.74600    1.54700    0.00000    3.35800
   0.00000   20.23000   42.68300    1.00000    1.94000    1.99700    1.61000    0.00000    3.22600
   0.00000   29.46000   53.68300    1.00000   -0.08100    1.57700    1.95200    0.00000    0.59000
   0.00000  100.39000   91.77500    0.00000    2.68200    2.90300    1.82300    1.00000    9.14100
   0.00000   88.03000   86.37800    2.00000    2.27300    2.57500    1.15900    5.00000    3.63000
   1.00000   72.68000   73.32400    1.00000    0.40300    2.35500    1.42400    4.00000    2.57200
   0.00000   20.23000   42.68300    1.00000    3.61700    2.07400    0.34000    0.00000    5.76000
   1.00000   87.28000  110.68800    1.00000    2.84300    3.24400    0.74500    3.00000    4.02200
   3.00000  115.14000  206.60900    3.00000   -1.16900    2.33300    1.49600    1.00000    2.73600
   0.00000   26.02000   32.89700    2.00000    1.85900    1.91800    0.91700    1.00000    5.16800
   0.00000   12.03000   18.01100    1.00000    6.72800    4.39200    1.55400    1.00000    6.53700
   0.00000   17.07000   25.14500    0.00000    1.76900    1.98900    0.92700    0.00000    3.97600
   0.00000   20.23000   42.68300    1.00000    1.85900    1.92400    0.94900    0.00000    3.71000
   0.00000    0.00000    0.00000    0.00000    2.22600    1.26500    0.57000    0.00000    3.71800
   0.00000   70.14000   50.90800    3.00000    1.29400    2.20300    0.59100    2.00000    3.47600
   2.00000   75.27000  111.45600    2.00000    0.77900    2.70900    1.02900    2.00000    2.20100
   0.00000   62.73000   86.37800    2.00000    2.59000    2.54600    1.27700    5.00000    3.60100
   2.00000   98.18000   62.11900    0.00000    0.79600    1.84000    0.74300    2.00000    6.25100
   1.00000   49.33000   85.83900    2.00000    3.98800    3.04700    0.69400    1.00000    4.12100
   0.00000   45.61000   28.26900    0.00000    1.97100    2.29400    1.27500    1.00000    4.60800
   0.00000    0.00000    0.00000    0.00000    2.63800    1.40100    0.63200    0.00000    4.33000
   0.00000   66.05000   93.43000    1.00000    1.34800    2.11900    0.78400    1.00000    4.01600
   1.00000  116.67000  180.36600    4.00000   -1.96000    2.02100    1.83000    1.00000    3.90800
   0.00000   20.23000   42.68300    1.00000    1.85900    1.91800    0.94900    0.00000    3.76000
   0.00000   20.23000   42.68300    1.00000    5.08900    3.04900    1.24700    0.00000    6.06400
   0.00000    0.00000    0.00000    0.00000    1.67200    1.33400    0.56200    0.00000    2.64200
   0.00000   29.46000   53.68300    1.00000   -0.08100    1.67800    1.95200    0.00000    1.07000
   0.00000   60.98000   61.40400    0.00000    3.42900    2.74900    1.08000    0.00000    5.30000
   0.00000   20.23000   42.68300    1.00000   -0.17200    1.15500    1.91100    0.00000    0.59000
   0.00000   20.23000   42.68300    1.00000    3.90900    2.12000    0.28100    0.00000    5.56000
   0.00000   12.03000   18.01100    1.00000    0.81700    1.80000    1.48800    1.00000    3.93000
   1.00000   73.22000   61.16600    2.00000   -1.20200    1.79500    0.59900    2.00000    3.76900
   0.00000    0.00000    0.00000    0.00000    6.23200    2.76600    0.49300    0.00000    7.50900
   1.00000   75.99000   73.77400    1.00000    0.05700    2.09300    1.12300    2.00000    6.96400
   0.00000    9.23000   11.00000    0.00000    3.39500    2.69200    0.94100    0.00000    5.43300
   2.00000   59.32000   78.20400    0.00000    4.79400    3.99000    0.64500    1.00000    9.94500
  11.00000  278.80000  413.19100    5.00000   -0.32100    6.43900    1.55700   11.00000    4.77900
   0.00000   87.43000   55.41100    2.00000   -1.22200    1.57500    1.36200    1.00000    6.61800
   1.00000  180.08000  310.81000    5.00000    0.14300    4.80500    1.59700    2.00000    3.79500
   0.00000   28.24000    0.00000    0.00000    3.87600    2.61400    0.65200    0.00000    5.59700
   0.00000   45.82000   50.74700    0.00000    2.84200    2.14100    0.72600    1.00000    4.61100
   0.00000  111.87000  144.17700    1.00000    1.74800    2.37700    0.83900    2.00000    4.79000
   1.00000  114.19000  100.65200    3.00000    0.82100    3.06000    1.08200    6.00000    2.53300
   0.00000    3.24000    3.12400    0.00000    9.14800    5.49700    1.55900    1.00000    5.96000
   0.00000    0.00000    0.00000    0.00000    5.46900    2.57300    0.46500    0.00000    6.62300
   0.00000   26.02000   32.89700    2.00000    1.50600    1.85700    0.81500    1.00000    5.37100
   0.00000   87.08000  111.60800    1.00000    1.74900    3.66600    1.08500    3.00000    4.22500
   0.00000   20.23000   42.68300    1.00000    3.31400    2.02700    0.40900    0.00000    5.46100
   0.00000    0.00000    0.00000    0.00000    3.37400    2.11800    1.20400    0.00000    3.52200
   1.00000  133.44000   75.19300    0.00000    0.90600    3.03400    0.94100    3.00000    7.85800
   0.00000   26.02000   32.89700    2.00000    2.19300    2.03100    0.99200    1.00000    4.17900
   0.00000   73.58000   63.84200    2.00000    0.89400    3.13600    1.38800    3.00000    3.00800
   0.00000   40.46000   85.36700    2.00000    3.63500    3.12000    1.03000    0.00000    4.96200
   0.00000   75.74000   93.69400    3.00000    2.19500    4.36500    1.08600    2.00000    5.13200
   0.00000   18.46000   22.00000    0.00000    1.26200    2.14700    1.57600    0.00000    2.27200
   0.00000   75.13000  100.77400    3.00000    4.51200    3.66200    0.70200    5.00000    6.65000
   0.00000   77.82000   99.36500    4.00000    3.04800    2.81300    0.79100    4.00000    4.63200
   0.00000  347.32000  571.95200   18.00000   -6.44600    4.62400    1.39000    5.00000    3.08800
   0.00000   91.49000  117.37600    5.00000   -0.32900    1.86800    1.62100    5.00000    1.98300
   0.00000  121.26000    6.24900    0.00000    2.86900    3.09500    0.86200    2.00000    6.18800
   2.00000   52.60000   72.29000    0.00000    2.00500    2.46800    1.28100    0.00000    3.77000
   0.00000    0.00000   14.96000    0.00000    2.02600    1.26500    0.72200    0.00000    3.57700
   2.00000   59.32000   78.20400    0.00000    4.11500    3.93400    0.76000    1.00000   10.04700
   2.00000   96.30000  102.04400    1.00000   -0.46300    2.43400    1.25600    3.00000    5.12000
   0.00000   15.79000    0.00000    1.00000    2.85900    2.61400    0.75200    1.00000    4.70000
   2.00000   52.60000   72.29000    0.00000    5.42600    3.89300    1.40200    0.00000    4.55000
   0.00000   20.23000   42.68300    1.00000    2.29600    1.92400    0.52100    0.00000    4.46400
   0.00000    0.00000    0.00000    0.00000    3.51600    1.67800    1.66700    0.00000    4.34000
   0.00000   70.14000   50.90800    3.00000   -0.79200    1.40100    0.64700    2.00000    3.97900
   1.00000  134.73000  159.53600    2.00000    1.64900    2.52700    0.81800    3.00000    3.13800
   1.00000   26.30000   36.14500    0.00000    0.58600    1.57700    1.88100    0.00000    2.09000
   0.00000    9.23000   11.00000    0.00000    2.72300    2.32100    1.16500    0.00000    7.33700
   0.00000   20.23000   42.68300    1.00000    1.85900    1.90800    0.94900    0.00000    3.86300
   0.00000   20.23000   42.68300    1.00000    3.12700    2.60500    0.79700    0.00000    4.66800
   0.00000   91.64000  101.49400    0.00000    1.88600    2.28700    0.76900    2.00000    3.59100
   0.00000   12.03000   18.01100    1.00000    0.80000    1.50900    1.84600    1.00000    3.11800
   1.00000   46.53000   78.82800    1.00000    2.75800    2.85600    1.02200    0.00000    3.79400
   0.00000   70.14000   50.90800    3.00000   -0.27300    1.57700    0.75600    2.00000    3.93600
   2.00000   52.60000   72.29000    0.00000    4.09100    3.56800    1.15000    0.00000    5.19000
   0.00000   20.23000   42.68300    1.00000    1.50600    1.85700    0.85300    0.00000    3.85000
   0.00000    0.00000    0.00000    0.00000    5.45300    2.83700    0.73500    0.00000    6.85800
   1.00000   49.33000   85.83900    2.00000    1.06000    2.27200    1.00700    1.00000    4.21600
   0.00000   20.23000   42.68300    1.00000    2.72900    1.97500    0.50000    0.00000    4.79700
   1.00000  182.91000  301.14700    4.00000    0.03600    4.75800    1.58400    1.00000    4.60200
   0.00000   12.89000   16.78600    0.00000    0.46800    1.80000    1.03800    1.00000    1.81500
   0.00000   12.03000   18.01100    1.00000    1.85900    1.98900    1.06200    1.00000    5.79000
   0.00000    0.00000    0.00000    0.00000    3.47700    1.85700    1.42900    0.00000    4.81900
   0.00000  132.42000  196.33200    2.00000    4.47800    4.98400    1.08700    4.00000    5.44000
   0.00000   17.07000   25.14500    0.00000    0.20200    1.22500    1.66000    0.00000    0.67300
   0.00000  126.44000  152.84800    3.00000   -0.17200    2.62900    1.02500    4.00000    3.83900
   0.00000   12.89000   16.78600    0.00000    2.06600    2.28400    0.86700    1.00000    3.53000
   0.00000   41.13000   61.16600    2.00000   -1.09500    1.72600    1.46300    2.00000    1.18800
   0.00000   30.18000   48.53100    0.00000    4.27000    3.35400    0.86700    3.00000    6.21200
   0.00000   29.46000   53.68300    1.00000    1.24600    2.03100    1.11400    0.00000    3.68000
   0.00000   45.82000   50.74700    0.00000    2.57400    2.16800    1.01400    1.00000    3.97800
   0.00000   67.34000   94.52700    2.00000   -0.29700    1.60400    1.68200    0.00000    3.04400
   0.00000   54.57000   41.02800    0.00000    5.20800    3.69100    1.58500    0.00000    6.38300
   0.00000   79.63000   77.87500    2.00000    1.32600    3.02400    1.12600    5.00000    5.05400
   0.00000    0.00000    0.00000    0.00000    2.94200    1.98900    1.06300    0.00000    4.50200
   0.00000  103.67000  119.50500    1.00000    3.54600    2.84700    1.21100    3.00000    3.72500
   0.00000    0.00000    0.00000    0.00000    3.47800    1.92400    0.57500    0.00000    4.13800
   0.00000   34.14000   50.29000    0.00000    2.23300    2.41500    0.86600    0.00000    5.54500
   1.00000   49.57000   64.63000    0.00000   -0.25900    1.98900    1.10300    3.00000    3.34000
   1.00000   57.53000  110.51200    2.00000    1.64300    2.09000    0.81400    0.00000    3.06800
   0.00000   37.30000   67.82800    1.00000    3.69600    3.11700    1.14900    0.00000    5.17000
   2.00000   61.52000   41.93000    0.00000    3.44700    2.30700    0.66200    1.00000    4.93200
