   3.10500    3.64500    0.22300    1.15500    0.00000    0.00000    4.81000
   1.80700    3.02700    0.33100    1.47200    1.00000    0.00000    3.51000
   3.26700    3.73900    0.00000    1.25000    1.00000    2.00000    2.14900
   2.08100    1.63900    0.83000    1.44500    2.00000    0.00000    5.05000
  -0.45000    2.00000    0.69300    1.12800    2.00000    2.00000    4.36600
   1.20900    3.03500    0.22300    1.94100    0.00000    0.00000    2.10700
   2.78600    3.43600    0.33100    0.95100    0.00000    0.00000    4.33800
  -0.46300    2.86200    1.03100    1.82800    0.00000    3.00000    4.51200
   3.49200    3.83300    0.40500    1.52200    0.00000    1.00000    2.09200
   3.90900    2.08600    1.50100    0.76600    0.00000    0.00000    6.09300
   2.46300    2.06500    1.06200    0.85200    0.00000    0.00000    4.39900
  -1.05300    1.95100    0.40500    1.87800    0.00000    0.00000    0.05300
   1.19500    3.08000    0.22300    1.38500    0.00000    0.00000    2.07000
   1.70100    2.50800    0.58000    0.94100    0.00000    0.00000    3.79900
   3.94500    2.93700    0.49900    0.80000    0.00000    0.00000    4.84900
   2.99800    3.95700    0.22300    1.26900    2.00000    3.00000    4.57700
   3.37700    2.23300    1.07000    0.84100    1.00000    0.00000    5.25100
   1.81700    1.50000    0.83000    1.89100    0.00000    0.00000    2.92000
   1.39300    3.61100    0.33100    2.01700    0.00000    0.00000    2.85900
   3.39900    4.32700    0.56000    1.25400    2.00000    5.00000    6.68300
   3.88700    3.69000    0.22300    0.88300    0.00000    0.00000    6.64400
   4.76000    3.73900    0.00000    0.70000    0.00000    0.00000    7.34600
   2.81300    3.46100    0.22300    1.28100    0.00000    0.00000    4.41600
   0.45400    2.85500    1.33100    1.32500    0.00000    2.00000    7.04500
   1.82100    2.47000    1.43700    1.34600    2.00000    2.00000    6.35100
   1.06400    2.54400    0.22300    1.24500    0.00000    0.00000    3.38000
   2.61900    2.53600    0.76400    1.16500    0.00000    1.00000    4.19100
   2.34300    1.88600    0.98800    0.76400    0.00000    0.00000    3.88900
   0.45400    2.59400    0.25100    1.28700    0.00000    0.00000    1.74900
   3.18200    3.73000    0.82900    1.56200    0.00000    1.00000    4.73200
   2.71500    2.91400    0.79800    0.97500    0.00000    1.00000    4.10900
   3.76400    1.92500    1.31800    0.59500    0.00000    0.00000    4.70500
   0.34700    2.56000    0.13400    1.75800    0.00000    0.00000    2.28300
   2.29600    2.21600    0.67900    0.76400    0.00000    0.00000    3.55900
   4.24600    4.21900    1.03300    0.96300    0.00000    1.00000    9.35400
   0.18000    0.97300    0.98800    1.48900    0.00000    1.00000    2.72500
   3.11200    3.31400    0.33100    1.17300    1.00000    0.00000    3.81200
   4.63300    3.88800    0.69300    0.97800    0.00000    2.00000    6.60000
   1.23900    3.02300    0.56000    1.16800    1.00000    0.00000    3.27800
   2.50200    3.66800    0.13400    1.13200    0.00000    0.00000    3.78200
   1.45900    3.43200    0.63800    1.38500    0.00000    1.00000    5.33900
   0.89300    2.35900    0.40500    0.81400    0.00000    0.00000    4.28700
   2.35400    2.43500    1.11300    1.10900    0.00000    1.00000    2.83900
   1.67200    1.00000    0.83000    1.43200    0.00000    1.00000    2.85600
   1.11200    2.28300    1.07000    1.22300    0.00000    0.00000    4.27800
   0.40800    1.63600    0.64000    1.69500    0.00000    0.00000    3.86100
   3.35800    3.63000    0.13400    1.47600    0.00000    0.00000    4.30500
   0.21500    3.81000    1.02500    1.05500    0.00000    2.00000    3.83800
   2.29700    3.90000    0.42900    1.57200    0.00000    1.00000    3.84200
   2.59000    3.42600    0.85000    1.79200    0.00000    0.00000    4.37700
   2.23900    2.37700    0.82700    0.93800    0.00000    0.00000    5.14600
   1.58700    1.85500    1.17900    1.44000    0.00000    0.00000    2.83800
   2.72300    3.23500    1.13100    0.99600    0.00000    0.00000    5.35400
   0.98100    2.81900    0.33100    1.27100    0.00000    1.00000    2.73600
   2.93100    3.05500    1.27300    1.13200    0.00000    0.00000    5.39300
   2.50900    1.82200    0.82900    0.83400    0.00000    0.00000    3.93300
   1.76900    2.21700    0.87200    0.87500    0.00000    0.00000    4.18200
   2.60400    3.21900    0.81100    1.12700    0.00000    0.00000    4.75900
   4.09200    2.58500    1.58600    1.35200    0.00000    0.00000    6.55100
   2.51000    3.25200    0.22300    1.07700    0.00000    0.00000    4.22000
   3.25900    3.40700    0.00000    1.11100    0.00000    0.00000    4.27900
   2.83700    3.64500    0.22300    1.15500    0.00000    0.00000    3.39300
   4.87800    3.81900    0.61500    0.86400    0.00000    0.00000    3.71500
   1.80700    3.02700    0.33100    1.01100    0.00000    1.00000    3.00900
   1.44200    3.08000    0.22300    1.58300    1.00000    0.00000    3.75700
   0.05200    2.52300    0.56000    1.60200    1.00000    1.00000    4.38400
   4.80400    4.71700    0.22300    1.28800    1.00000    1.00000    6.38400
   0.37000    4.08600    0.45200    1.84300    0.00000    0.00000    3.46300
   3.30600    3.77600    0.40500    0.92000    0.00000    0.00000    4.69100
   0.58600    2.43500    0.33100    1.53200    0.00000    1.00000    2.01400
   1.70100    2.50800    0.58000    0.94100    0.00000    0.00000    3.76600
   5.12400    2.93100    1.71000    0.93500    2.00000    2.00000    7.01700
   2.94200    3.17900    0.00000    1.06300    0.00000    0.00000    3.81100
   3.04600    2.30900    0.90700    0.87100    0.00000    0.00000    3.78200
   2.10200    2.82400    0.22300    1.00000    0.00000    1.00000    2.87000
   0.65500    2.13700    0.22300    1.17900    0.00000    0.00000    3.84100
   0.65500    2.46200    0.22300    1.62500    1.00000    0.00000    3.65400
   1.29400    2.45600    0.33100    0.87500    0.00000    1.00000    2.26300
   0.05700    2.44100    0.88000    1.54000    0.00000    2.00000    4.92000
   2.63700    3.01200    0.22300    0.76000    0.00000    0.00000    4.53800
   2.22600    2.02400    0.83000    1.76100    0.00000    0.00000    2.92800
   0.99600    1.09400    1.23600    1.46100    0.00000    1.00000    1.91100
   1.80700    3.03600    0.40500    1.20500    1.00000    0.00000    3.73300
  -0.53400    2.37700    0.33100    1.73400    0.00000    0.00000    1.47400
   1.58000    2.96100    0.40500    1.38800    0.00000    0.00000    3.07000
   5.47200    3.06500    1.07900    0.82500    0.00000    0.00000    6.88200
   2.23900    2.37700    0.82700    0.93800    0.00000    0.00000    3.91000
  -0.27300    2.03400    0.33100    2.67200    1.00000    0.00000    0.84100
  -0.38600    1.51200    0.33100    1.62700    1.00000    0.00000    2.89100
   2.81300    3.46100    0.22300    1.12000    0.00000    0.00000    4.67200
  -0.31700    1.42900    0.22300    1.75000    1.00000    0.00000    3.07600
   3.46700    4.28500    0.13400    1.71000    0.00000    0.00000    5.38000
   3.79500    2.12600    0.97700    0.77100    0.00000    0.00000    5.28400
   1.49000    2.77800    0.40500    1.17000    1.00000    0.00000    2.93000
   1.23900    4.19100    0.76200    2.19500    0.00000    0.00000    2.61800
   0.73600    2.80100    0.72800    2.22600    0.00000    2.00000    3.10900
   2.19300    3.01200    0.22300    1.02300    0.00000    0.00000    3.85700
   1.34800    2.12500    0.63800    0.83100    0.00000    0.00000    3.53100
   1.86900    3.80200    0.40500    1.52700    1.00000    0.00000    3.70000
   0.82800    2.22200    0.71100    0.84900    0.00000    0.00000    3.64100
   5.33900    4.37200    0.13400    1.25400    0.00000    0.00000    6.56900
   4.20700    3.32300    1.23200    1.13400    0.00000    0.00000    6.52500
   0.20200    0.96500    0.64000    1.69500    1.00000    0.00000    4.37000
   1.39100    2.43400    1.17000    0.99600    1.00000    0.00000    3.57500
   4.23400    4.13700    0.22300    1.54200    0.00000    1.00000    5.19400
   2.29400    4.25500    1.69500    1.08700    0.00000    0.00000    4.47500
   1.75000    3.02300    0.56000    1.16800    0.00000    1.00000    3.37900
   3.21000    2.62000    0.49900    0.99000    0.00000    0.00000    4.23000
   0.31400    3.02600    0.25100    2.16400    0.00000    0.00000    1.81200
   1.12100    3.28100    0.69300    1.80800    0.00000    2.00000    3.09500
   1.88600    2.09400    0.82700    0.86000    0.00000    0.00000    5.44900
   2.33500    1.82200    0.68100    0.79400    0.00000    0.00000    3.69600
   1.58600    3.38600    0.25100    1.22500    0.00000    0.00000    3.08600
   2.81300    3.46100    0.22300    1.12000    0.00000    0.00000    4.47000
   6.51500    3.46500    2.17100    0.88800    0.00000    0.00000    3.62300
   2.51000    3.33200    0.13400    1.51900    0.00000    0.00000    3.41500
   3.87600    3.46500    0.00000    0.83700    0.00000    0.00000    4.80900
   2.51000    3.25200    0.22300    1.07700    0.00000    0.00000    4.09300
   1.70100    2.44800    0.63800    0.92100    0.00000    0.00000    3.52100
   2.22300    3.06700    1.28600    1.30900    0.00000    0.00000    5.31800
   2.37100    2.20600    1.30000    1.36000    0.00000    0.00000    4.73900
   1.74800    2.47900    0.88700    0.95400    0.00000    0.00000    4.11900
   2.05600    2.19800    0.79800    0.79000    0.00000    1.00000    3.32800
   2.37000    2.23300    0.64000    0.92000    1.00000    0.00000    4.80500
   4.27900    3.82800    1.25900    0.96600    1.00000    2.00000    8.60400
   2.31400    3.92400    0.69300    1.70700    0.00000    2.00000    4.71300
   2.79100    3.40100    0.73200    1.18500    0.00000    1.00000    3.52900
   3.91300    4.12100    0.82900    1.55100    0.00000    1.00000    5.65300
   1.39500    2.21500    0.88700    0.88800    0.00000    0.00000    4.08400
   1.09700    3.35100    0.49600    1.46600    0.00000    0.00000    2.39200
   1.10700    3.02400    0.45200    2.69800    0.00000    0.00000    0.45000
   2.62100    2.34800    0.76200    0.85000    0.00000    0.00000    3.76900
   4.83200    4.21100    0.93200    1.04500    0.00000    1.00000    8.91600
   2.92200    3.24700    0.63800    0.88900    0.00000    1.00000    4.68000
   0.99600    1.00000    1.15000    0.96800    0.00000    1.00000    3.49900
   3.12700    3.31500    0.22300    0.79900    0.00000    0.00000    4.50700
   4.20600    4.13900    0.49600    1.43000    0.00000    1.00000    5.76700
   1.20900    3.14300    0.13400    1.64100    0.00000    0.00000    2.26400
   2.02600    2.21900    0.60400    1.53700    0.00000    0.00000    3.26200
   2.03300    1.78300    0.57000    1.18700    1.00000    0.00000    6.06400
   2.27800    3.65100    1.15100    0.91100    0.00000    2.00000    4.54000
   2.59200    3.32300    0.40500    1.17000    0.00000    2.00000    4.57700
   3.24700    3.59900    0.70200    1.51400    2.00000    1.00000    6.18300
   1.12100    3.15900    0.96500    1.58400    0.00000    2.00000    3.77000
   2.42000    3.08700    0.22300    0.96000    1.00000    0.00000    3.97900
   2.57000    2.11000    0.77300    0.77300    0.00000    1.00000    3.36000
   1.79500    3.31600    0.22300    1.57100    1.00000    0.00000    3.85400
   5.74100    4.35600    1.02800    1.22400    0.00000    1.00000    5.75800
   3.04500    2.26000    0.60400    0.83600    0.00000    0.00000    4.19400
   1.74800    2.43900    0.93000    0.92400    0.00000    0.00000    4.85600
   3.10500    3.64500    0.22300    1.15500    0.00000    0.00000    5.17800
   3.76200    3.04400    1.02800    0.95900    1.00000    0.00000    5.95000
   2.12700    2.08600    0.64000    0.83800    0.00000    0.00000    3.99500
   0.14300    2.08600    0.33100    1.22100    1.00000    0.00000    3.81500
  -0.22600    2.12600    0.40500    1.12700    0.00000    0.00000    3.20600
   2.72900    2.08000    0.89100    0.81600    0.00000    0.00000    4.98900
   1.18800    1.88300    0.91600    1.20700    0.00000    1.00000    1.15300
  -0.05900    2.99300    0.81100    1.23200    0.00000    2.00000    5.39500
   1.14100    3.13700    0.25100    1.33500    0.00000    0.00000    2.41200
   1.65400    3.37800    1.38000    1.25000    0.00000    0.00000    4.85400
   2.35200    3.04600    0.00000    1.33300    0.00000    2.00000    4.07500
   1.58700    1.85500    1.06700    1.24400    0.00000    0.00000    3.48700
   2.57300    2.16400    1.43700    1.22700    0.00000    2.00000    6.20700
   3.98700    3.96100    0.40500    1.08300    1.00000    0.00000    5.84200
   2.22200    3.19500    0.49600    1.13300    0.00000    1.00000    4.44600
   2.06600    2.83400    0.13400    1.00900    0.00000    0.00000    3.44800
   4.05300    2.80300    1.50100    1.12400    0.00000    0.00000    5.38500
   2.12700    2.21600    0.58200    0.83900    0.00000    0.00000    3.62000
   2.22600    1.43900    1.07900    1.86700    0.00000    0.00000    3.21300
   2.95700    2.75500    0.83000    1.65600    0.00000    0.00000    3.74600
   0.15600    1.77800    0.22300    1.20300    0.00000    0.00000    3.04800
   0.80000    2.87800    0.13400    2.10200    0.00000    0.00000    1.93200
   1.75900    3.56700    0.71100    1.50100    1.00000    3.00000    4.04300
   2.57700    3.47700    0.69300    1.34400    0.00000    2.00000    4.11600
   1.79500    3.13400    0.22300    1.31900    0.00000    0.00000    4.80400
   0.90600    2.83100    1.39300    1.07700    0.00000    1.00000    5.31700
   4.23000    3.75600    0.00000    0.96400    0.00000    0.00000    4.42500
   2.60400    1.92000    1.07900    1.73800    0.00000    0.00000    3.40800
   0.84600    2.51200    0.13400    1.29300    0.00000    0.00000    2.36400
   1.97600    3.04100    0.94700    1.29800    0.00000    1.00000    6.60700
   0.84600    2.51200    0.13400    1.29300    0.00000    0.00000    2.01600
   3.61800    4.05000    0.69300    1.38100    0.00000    2.00000    5.66700
   2.43700    4.62800    1.20900    1.96800    0.00000    0.00000    4.55100
   1.70100    2.44800    0.63800    0.92100    0.00000    0.00000    3.51300
   4.73800    4.32400    0.00000    1.20500    0.00000    1.00000    4.30200
   2.45900    1.66700    1.27800    1.50000    0.00000    2.00000    3.95500
   3.04500    2.62000    0.28800    0.83900    0.00000    0.00000    3.75300
   2.10200    2.72800    0.13400    0.92300    0.00000    0.00000    3.42000
   0.60200    1.88300    0.71100    1.16200    0.00000    0.00000    2.92400
   3.05500    3.26500    0.49600    0.96200    0.00000    1.00000    4.73200
   4.37900    4.18100    0.57000    1.38300    0.00000    0.00000    6.21300
   2.05000    3.57000    1.37400    2.25900    0.00000    0.00000    6.08300
   1.73700    2.87600    0.92800    1.37200    0.00000    1.00000    6.14800
   2.03100    3.17700    0.91800    1.91900    0.00000    0.00000    4.11600
  -0.52100    3.28600    0.35700    2.10400    0.00000    0.00000    1.77100
   1.54800    3.13400    0.22300    1.19300    0.00000    0.00000    2.69200
   2.49200    3.18000    1.28100    1.24600    0.00000    0.00000    4.96300
   0.65200    2.95500    0.33100    1.31300    0.00000    0.00000    2.96100
   0.65500    2.13700    0.22300    1.17900    0.00000    0.00000    3.28800
   2.55800    3.73800    1.13100    1.58400    1.00000    2.00000    4.42200
   2.21400    3.24000    0.56000    0.88900    0.00000    0.00000    4.54400
   1.61000    2.11000    0.58000    0.80500    0.00000    0.00000    3.39100
   3.51600    3.44100    0.00000    1.66700    0.00000    0.00000    4.53800
   4.63900    4.53200    0.40500    1.18900    2.00000    2.00000    5.54100
   1.57000    3.38000    0.63800    1.50600    0.00000    1.00000    4.38000
   3.22500    2.11100    1.47700    1.29800    0.00000    0.00000    5.73000
   4.37900    4.28500    0.13400    1.55100    0.00000    0.00000    6.25500
   2.89400    3.98000    0.22300    1.72300    0.00000    0.00000    4.70300
   1.95300    2.21600    0.38900    0.79600    0.00000    0.00000    3.75100
   2.45900    2.12600    0.83000    1.45500    1.00000    0.00000    4.18400
  -0.29400    4.06100    0.13400    1.65800    0.00000    0.00000    3.15100
  -2.88400    3.00100    0.13400    2.92000    0.00000    0.00000    2.37500
   3.31500    3.17700    0.62900    0.87100    0.00000    0.00000    3.36500
   2.57300    2.63600    0.82700    0.99900    0.00000    0.00000    4.39300
   3.47800    2.12600    0.83000    0.89900    0.00000    0.00000    4.26300
   3.23700    3.05200    0.63800    0.90300    0.00000    0.00000    4.90600
   2.48100    2.07900    0.98800    0.83600    0.00000    1.00000    3.29800
   3.11500    2.57200    1.83400    1.35000    0.00000    2.00000    8.47100
   2.19300    3.10300    0.13400    1.01600    0.00000    0.00000    3.22000
   3.58700    3.38900    0.22300    0.84900    0.00000    1.00000    4.10800
   3.94800    3.24900    2.07100    1.32700    0.00000    0.00000    6.44600
   4.33200    4.53500    0.56000    1.13700    1.00000    2.00000    8.57100
   3.12600    3.18100    0.60400    1.52000    0.00000    0.00000    4.68000
   0.75700    3.52600    0.71100    1.59600    0.00000    3.00000    3.42300
   1.65400    3.37800    1.38000    1.25000    0.00000    0.00000    5.93300
   6.20300    5.92600    0.13400    1.67100    0.00000    0.00000    4.62800
   1.46700    2.21600    0.58200    1.28700    0.00000    0.00000    2.74000
   2.21300    2.52600    0.71300    1.20100    1.00000    0.00000    3.56100
   4.19000    1.92500    1.36400    0.42100    0.00000    0.00000    5.59100
  -0.38000    1.63600    0.33100    1.26500    1.00000    1.00000    2.76600
   1.88200    3.52000    0.22300    1.59000    0.00000    0.00000    2.88300
   4.09800    4.16600    0.13400    1.55600    0.00000    0.00000    5.91200
   1.79800    2.98600    0.96100    1.66900    0.00000    4.00000    3.15200
   0.07600    2.50700    0.40500    1.50000    2.00000    0.00000    3.93600
   1.50600    2.38600    0.22300    0.85700    0.00000    0.00000    3.51300
   1.62200    3.92100    0.25100    1.39800    0.00000    0.00000    3.41600
   1.73700    3.19100    0.22300    1.15400    0.00000    0.00000    2.68600
   2.22600    1.43900    1.07900    1.86700    0.00000    0.00000    3.40200
   1.74800    2.43900    0.93000    0.92400    0.00000    0.00000    5.00700
   3.90300    4.56600    0.35700    1.39400    4.00000    1.00000    6.92300
   2.94200    3.17900    0.00000    1.06300    0.00000    0.00000    4.09100
   2.19300    3.01200    0.22300    1.02300    0.00000    0.00000    4.07000
   0.50100    1.63400    0.71300    1.19000    0.00000    0.00000    2.31900
   3.65900    2.35100    1.58600    1.25000    0.00000    4.00000    6.41600
   0.41100    2.12600    0.40500    0.91700    4.00000    2.00000    6.38000
  -0.53400    2.66500    0.25100    1.76200    0.00000    0.00000    1.81700
   3.29100    3.60900    0.81100    1.20800    0.00000    0.00000    4.38000
   0.99600    2.75500    0.40500    1.55900    0.00000    1.00000    3.12300
   3.80600    3.98000    0.22300    1.57800    0.00000    0.00000    4.81900
   1.13200    2.43000    0.49600    0.83000    1.00000    0.00000    4.62800
   0.15600    1.96100    0.13400    1.27000    0.00000    0.00000    2.50500
   0.89300    2.35900    0.40500    0.81400    0.00000    0.00000    6.40000
   2.73600    1.96500    1.40800    0.70900    0.00000    0.00000    5.29000
   0.80000    2.03400    0.64000    1.72700    0.00000    0.00000    2.58600
   2.00500    2.25200    1.07500    0.88500    0.00000    0.00000    5.30300
   4.06300    2.08500    1.07900    0.89500    0.00000    0.00000    4.89000
   1.07400    2.63200    0.42900    1.17600    0.00000    0.00000    2.97500
   3.65900    3.86700    0.00000    1.40000    2.00000    0.00000    5.67800
   2.10200    2.23300    0.64000    0.92000    0.00000    1.00000    3.61500
  -0.31700    1.75100    0.62900    1.48300    0.00000    0.00000    0.36100
   3.57400    2.90000    1.27500    0.91300    0.00000    1.00000    6.56400
   2.35900    2.45400    1.07500    0.95100    0.00000    0.00000    4.96000
   5.36100    3.17400    1.58600    0.91000    2.00000    2.00000    7.38200
   2.68900    2.01900    1.31700    1.28800    0.00000    0.00000    4.36800
   1.44200    3.08000    0.22300    1.58300    0.00000    1.00000    2.36900
   1.06000    2.72600    0.49600    1.17900    0.00000    1.00000    2.12600
   4.23500    4.36000    0.40500    1.22800    1.00000    2.00000    6.66500
   3.37400    3.73900    0.00000    1.20400    0.00000    1.00000    5.43400
   0.74900    3.13700    0.40500    1.31200    0.00000    2.00000    1.08600
   1.06000    2.72600    0.49600    1.17900    0.00000    1.00000    3.66100
  -0.53400    2.66500    0.25100    1.76200    0.00000    0.00000    1.79500
   2.20000    1.27900    1.32700    1.28400    0.00000    0.00000    4.69700
   2.91800    3.76300    0.91600    0.87800    0.00000    6.00000    4.81800
  -1.16900    2.70700    0.97200    1.88900    0.00000    3.00000    2.97600
   2.94200    3.17900    0.00000    1.06300    0.00000    0.00000    3.82200
   1.24600    2.68500    0.40500    1.14500    0.00000    0.00000    3.11000
   1.70100    2.50800    0.58000    0.94100    0.00000    0.00000    3.78900
   4.54800    4.46100    0.40500    1.13900    0.00000    1.00000    4.72700
   2.95600    2.03100    0.89100    0.82200    0.00000    0.00000    4.42000
   1.59100    2.83400    0.13400    0.95000    0.00000    0.00000    3.02100
   4.90700    4.53600    0.22300    1.29000    0.00000    0.00000    6.63400
   0.31400    3.02900    0.33100    1.84700    0.00000    0.00000    2.47400
  -0.12800    2.36600    0.40500    2.60600    0.00000    0.00000    1.03700
   0.88800    2.50700    0.40500    1.65200    1.00000    1.00000    4.60300
   2.64200    3.73400    0.22300    1.45000    2.00000    1.00000    3.84000
   4.03800    4.02900    0.96500    1.72900    0.00000    0.00000    4.45100
   1.97100    3.54200    1.38000    1.26400    0.00000    0.00000    6.28400
   4.91200    3.16400    2.04400    0.83000    0.00000    1.00000    6.11300
   5.46900    3.03000    1.82100    1.02700    0.00000    2.00000    6.89700
   3.31100    3.27400    1.21400    1.01100    0.00000    0.00000    6.54000
   2.99400    3.17900    0.00000    0.80500    0.00000    0.00000    4.15400
   0.88800    2.50700    0.40500    1.65200    0.00000    2.00000    2.49500
   0.87400    2.59100    0.33100    1.62900    0.00000    0.00000    2.39500
  -0.08100    2.70900    0.33100    2.07200    0.00000    0.00000    1.78000
   3.16700    3.67500    1.71800    1.24800    0.00000    0.00000    4.13600
   1.06400    2.80200    0.22300    1.60000    0.00000    1.00000    1.99900
   1.31200    2.96100    0.40500    1.18900    0.00000    0.00000    2.60400
   1.70100    2.50800    0.58000    0.94100    0.00000    0.00000    3.24200
   0.80000    2.03400    0.64000    1.72700    0.00000    0.00000    2.07200
   2.77300    3.74900    0.33100    1.27800    0.00000    0.00000    4.77700
   1.06400    2.80200    0.22300    1.60000    1.00000    0.00000    3.82500
   2.24800    3.50900    0.85400    1.47800    0.00000    0.00000    2.83200
   3.98300    3.65200    0.87200    0.86700    2.00000    3.00000    4.04000
   0.53800    3.01400    0.56000    1.98700    0.00000    1.00000    3.49600
   1.85900    2.72800    0.22300    0.95300    0.00000    0.00000    3.29000
   3.18600    3.74000    0.13400    1.58100    0.00000    0.00000    4.39600
   3.90900    3.70900    1.37100    1.47800    0.00000    1.00000    5.56800
   1.78300    2.98200    0.49600    1.15100    0.00000    1.00000    3.52200
   0.40800    2.46200    0.22300    1.66900    0.00000    0.00000    1.52400
   1.74800    2.47900    0.88700    0.95400    0.00000    0.00000    4.45800
   1.39500    2.21500    0.88700    0.88800    0.00000    0.00000    3.93200
   2.72900    1.96200    0.93400    0.81900    0.00000    0.00000    4.29600
   2.35900    2.45400    1.07500    0.95100    0.00000    0.00000    6.31700
   3.29100    3.60900    0.81100    1.20800    0.00000    0.00000    4.46900
   2.20600    2.23300    0.46000    0.78900    1.00000    0.00000    4.96000
   2.97400    3.33300    0.40500    0.96300    1.00000    0.00000    5.63000
   5.17600    3.97900    1.30600    1.40400    0.00000    1.00000    4.23900
   1.66100    3.61800    0.84200    1.68600    0.00000    2.00000    5.18400
   2.23900    2.37700    0.82700    0.93800    0.00000    0.00000    3.99100
   1.61000    2.25100    0.63800    0.87100    1.00000    0.00000    4.02100
   2.84100    2.29700    0.76200    0.79800    0.00000    0.00000    3.60800
   4.19000    2.25100    1.50100    1.19700    0.00000    0.00000    5.63200
   4.06300    2.08500    1.07900    0.89500    0.00000    0.00000    4.74000
   2.21700    4.88000    0.13400    1.85300    0.00000    0.00000    4.77000
   0.89300    2.35900    0.40500    0.81400    0.00000    0.00000    3.31400
   1.75600    3.11100    0.40500    1.05000    0.00000    2.00000    5.16900
   1.11700    3.28200    0.56000    1.74900    0.00000    2.00000    3.75700
   4.44900    3.69000    1.15900    1.29500    0.00000    2.00000    5.74900
   3.50800    2.92800    1.13100    0.90800    0.00000    2.00000    5.86000
   1.23900    3.02300    0.56000    1.34900    1.00000    0.00000    3.91700
   0.65500    2.46200    0.22300    1.62500    0.00000    1.00000    1.35200
   1.80100    2.82400    0.22300    1.05100    0.00000    0.00000    3.16800
   1.51400    2.08000    0.76400    0.78800    0.00000    0.00000    4.96100
   4.20300    3.00100    0.65100    0.78100    0.00000    0.00000    5.26200
   3.11200    3.32600    0.64700    0.98600    0.00000    1.00000    4.08100
   2.15200    3.00300    0.13400    1.03200    0.00000    0.00000    4.17100
   4.37900    4.23700    0.22300    1.56500    0.00000    0.00000    5.26800
   2.24200    3.33200    0.13400    1.51900    0.00000    0.00000    3.55400
   3.28900    3.64100    0.40500    1.53100    0.00000    1.00000    3.18200
   4.26800    3.59300    1.23600    1.16600    0.00000    0.00000    7.60700
   2.35800    1.98300    1.71400    2.10500    0.00000    0.00000    5.06200
   2.50200    3.86000    0.22300    1.42900    0.00000    0.00000    3.91900
   3.58600    3.08600    0.94800    0.75100    0.00000    0.00000    5.10700
   1.06400    2.80200    0.22300    1.60000    0.00000    1.00000    1.84200
   2.24200    3.00300    0.13400    1.41300    0.00000    0.00000    2.64700
   0.80000    2.74800    0.22300    1.70500    0.00000    0.00000    1.58900
   3.31400    1.92500    1.16000    0.80100    0.00000    0.00000    5.19200
   3.29100    3.66900    0.48600    1.37400    0.00000    0.00000    3.70100
   3.52200    4.31100    1.49600    0.96400    0.00000    0.00000    5.19000
   1.44200    3.08000    0.22300    1.46200    2.00000    0.00000    2.49400
   2.04200    1.41700    0.89800    0.64800    0.00000    0.00000    4.42100
   0.47900    2.12600    0.40500    1.69000    1.00000    1.00000    3.57300
   2.11600    1.96500    1.02800    0.76200    0.00000    0.00000    5.30300
   2.52700    3.58700    0.67500    2.10800    0.00000    0.00000    3.65600
   0.57500    2.48200    1.30300    1.41500    0.00000    0.00000    4.91900
   3.50300    3.89600    0.13400    1.57100    0.00000    0.00000    4.82200
   2.97400    3.33300    0.40500    0.96300    1.00000    0.00000    4.63200
   2.95600    2.11800    0.93400    0.91300    1.00000    0.00000    4.98800
   1.60200    2.64700    1.28600    1.27800    0.00000    0.00000    4.50800
   1.79500    3.13400    0.22300    1.31900    0.00000    0.00000    2.73900
   1.49000    2.76500    0.33100    0.95100    0.00000    1.00000    2.55000
   3.31400    1.92500    1.16000    0.80100    0.00000    0.00000    4.49900
   2.65900    3.24700    0.87400    1.22100    0.00000    1.00000    4.26200
   3.39500    3.31500    0.22300    0.96000    0.00000    0.00000    4.62900
   2.70200    3.09800    0.93000    1.07500    0.00000    0.00000    6.23600
   1.83400    2.63400    0.22300    0.93900    0.00000    0.00000    3.92600
   1.12100    2.85700    0.97300    1.83800    0.00000    2.00000    5.31100
   2.85900    3.25200    0.13400    0.87500    0.00000    0.00000    5.29200
   2.35700    3.60100    0.22300    1.25400    0.00000    1.00000    3.14100
   0.28900    2.55500    1.11000    1.68600    0.00000    0.00000    2.60100
   1.56900    3.52600    0.71100    1.58600    0.00000    3.00000    3.66000
   2.57500    3.87400    0.63800    1.35200    4.00000    1.00000    4.56100
   1.44200    3.08000    0.22300    1.58300    0.00000    1.00000    3.06100
   2.52600    2.71000    0.93000    0.72400    0.00000    0.00000    4.83800
   2.94200    2.62000    0.49900    0.99000    0.00000    0.00000    4.40200
   3.30500    3.38000    1.74900    1.13500    0.00000    1.00000    4.95100
  -0.78600    1.25100    0.25100    1.12600    0.00000    0.00000    5.07200
   3.23400    4.07700    0.95600    1.90900    0.00000    0.00000    4.44800
   2.12700    2.21600    0.58200    0.83900    0.00000    0.00000    3.97900
   2.42000    3.11000    0.00000    1.07900    2.00000    0.00000    3.97400
   1.74800    2.47900    0.88700    0.95400    0.00000    0.00000    4.20800
   3.56300    3.99300    0.22300    1.21400    1.00000    0.00000    4.61100
   3.14800    3.47500    0.40500    0.87500    1.00000    2.00000    4.80300
   1.61000    2.11000    0.58000    0.80500    0.00000    0.00000    3.78700
   1.45300    3.26000    0.82900    1.67600    0.00000    1.00000    3.77000
   3.42600    1.89200    1.44100    0.77600    0.00000    0.00000    6.08700
   1.61000    2.25100    0.63800    0.87100    1.00000    0.00000    4.17500
   0.20400    2.53600    0.49600    1.48200    0.00000    1.00000    3.03000
   2.60400    2.42900    0.83000    1.69600    0.00000    0.00000    3.39100
   1.95000    3.44400    0.88000    1.46600    0.00000    3.00000    4.00400
  -0.79200    1.83200    1.20900    1.36400    0.00000    0.00000    3.82800
   2.20900    3.55700    0.33100    1.30100    2.00000    1.00000    4.71100
   3.05100    3.33200    0.13400    0.90900    0.00000    0.00000    4.89100
   1.05000    2.86600    0.22300    1.33300    0.00000    1.00000    2.27000
   1.74800    2.47900    0.88700    0.95400    0.00000    0.00000    4.18100
   0.73600    1.78300    0.62900    0.75000    1.00000    0.00000    3.46000
   0.80000    2.87800    0.13400    1.68400    0.00000    0.00000    2.42500
   3.47800    2.12600    0.83000    0.89900    0.00000    0.00000    4.19400
   5.20700    2.58500    1.58600    0.91700    0.00000    0.00000    6.37900
   1.39500    2.18300    0.93000    0.84600    0.00000    0.00000    4.73900
   3.66100    3.73400    0.22300    1.37400    0.00000    0.00000    5.15900
   3.98800    2.97800    1.24600    1.10300    0.00000    1.00000    6.53500
   2.02100    3.36100    0.22300    1.43700    1.00000    2.00000    3.16800
   1.69700    2.64100    0.49600    1.07700    0.00000    1.00000    3.53700
   1.37300    3.02600    0.40500    1.78700    0.00000    1.00000    3.81000
   3.04600    2.30900    0.90700    0.87100    0.00000    0.00000    3.77500
   3.25900    3.25000    0.00000    0.95000    0.00000    0.00000    3.92600
   2.89900    2.81800    0.83000    1.38600    0.00000    0.00000    3.92000
   3.61800    4.05000    0.69300    1.38100    0.00000    2.00000    5.36700
   3.19000    2.41700    1.02800    1.16200    0.00000    1.00000    4.16900
   1.94000    2.42300    0.94900    1.15000    0.00000    0.00000    2.44000
   1.04200    3.33000    0.56000    1.55500    0.00000    2.00000    3.69100
   2.51000    3.33200    0.13400    1.29400    0.00000    0.00000    3.43600
   4.57900    4.03100    1.11300    1.10600    1.00000    2.00000    7.64000
   2.81300    3.46100    0.22300    1.12000    0.00000    0.00000    4.46300
   2.85900    3.19100    0.22300    0.84700    0.00000    0.00000    4.96700
   3.61700    2.01900    1.31700    0.77000    0.00000    0.00000    5.93000
   1.74600    3.69100    0.71100    1.07300    0.00000    2.00000    5.47200
   1.53900    2.52800    0.58000    1.29700    0.00000    0.00000    3.02500
   2.52900    2.33000    0.93200    0.93100    0.00000    1.00000    4.55900
   2.18600    3.17100    0.13400    1.01100    0.00000    0.00000    3.98400
  -1.35800    3.42300    1.19000    1.99300    0.00000    4.00000    3.68900
   2.55300    2.37500    1.02600    1.09000    0.00000    1.00000    3.89500
   2.60400    2.02400    0.97700    1.32800    0.00000    0.00000    5.05200
   1.64300    2.49500    0.56000    0.83500    0.00000    1.00000    1.96900
   6.16600    3.33700    1.44300    0.91300    0.00000    0.00000    7.42900
   2.24100    2.43000    0.49600    0.94600    0.00000    0.00000    3.56800
   2.84900    4.17100    0.69300    1.67800    0.00000    2.00000    4.85100
   0.20200    2.02600    0.22300    1.42900    1.00000    0.00000    5.25900
   0.13300    2.03400    0.33100    1.56000    0.00000    1.00000    2.11700
   0.54800    1.96100    0.13400    1.21500    1.00000    0.00000    2.56700
   3.34500    3.81400    0.33100    1.22500    0.00000    1.00000    3.69800
   2.11000    4.20500    1.51200    1.04600    0.00000    2.00000    5.00200
   0.20200    2.02600    0.22300    1.66700    0.00000    1.00000    0.85500
   2.12700    2.08600    0.64000    0.83800    0.00000    0.00000    4.45900
   2.24200    3.33200    0.13400    1.29400    0.00000    0.00000    3.37400
  -0.12900    2.30900    0.76200    1.11800    0.00000    2.00000    2.71500
   2.99100    2.44200    0.93400    0.98400    0.00000    1.00000    4.20800
   1.71700    2.81900    0.73200    1.48300    0.00000    0.00000    2.94100
  -1.17400    3.41000    0.13400    1.72200    0.00000    0.00000    3.01700
   3.66100    3.86000    0.22300    1.55000    0.00000    1.00000    4.51000
   2.78200    3.26000    0.40500    0.92100    0.00000    0.00000    4.57800
   2.06600    2.91800    0.22300    0.94400    3.00000    0.00000    4.59000
   3.21000    2.62000    0.49900    0.99000    0.00000    0.00000    4.33000
