   0.50000    0.00000    0.50000    0.00000    0.00000    0.00000    0.60504
   0.20000    0.00000    0.20000    0.20000    0.20000    0.20000    0.63579
   0.25000    0.25000    0.00000    0.25000    0.00000    0.25000    0.59923
   0.25000    0.25000    0.25000    0.00000    0.00000    0.25000    0.64566
   0.00000    0.00000    0.33300    0.33300    0.33300    0.00000    0.74693
   0.00000    0.25000    0.25000    0.25000    0.25000    0.00000    0.78042
   0.00000    0.00000    1.00000    0.00000    0.00000    0.00000    0.54971
   0.50000    0.00000    0.00000    0.50000    0.00000    0.00000    0.52698
   0.00000    0.00000    0.00000    0.00000    0.50000    0.50000    0.29828
   0.25000    0.25000    0.00000    0.25000    0.25000    0.00000    0.60099
   0.00000    0.33300    0.33300    0.00000    0.33300    0.00000    0.74012
   0.00000    0.33300    0.33300    0.00000    0.00000    0.33300    0.56986
   0.33300    0.00000    0.00000    0.33300    0.00000    0.33300    0.54224
   0.00000    0.25000    0.25000    0.25000    0.00000    0.25000    0.67939
   0.00000    0.50000    0.00000    0.00000    0.50000    0.00000    0.58532
   0.33300    0.33300    0.33300    0.00000    0.00000    0.00000    0.67848
   0.25000    0.00000    0.25000    0.00000    0.25000    0.25000    0.53383
   0.00000    0.00000    0.25000    0.25000    0.25000    0.25000    0.59511
   0.33300    0.00000    0.33300    0.00000    0.00000    0.33300    0.52502
   0.20000    0.20000    0.20000    0.20000    0.20000    0.00000    0.73045
   0.25000    0.00000    0.00000    0.25000    0.25000    0.25000    0.52528
   1.00000    0.00000    0.00000    0.00000    0.00000    0.00000    0.20000
   0.50000    0.00000    0.00000    0.00000    0.00000    0.50000    0.31225
   0.00000    0.00000    0.00000    0.00000    0.00000    1.00000    0.32661
   0.00000    0.00000    0.00000    0.00000    1.00000    0.00000    0.32435
   0.25000    0.25000    0.00000    0.00000    0.25000    0.25000    0.48216
   0.25000    0.00000    0.25000    0.25000    0.25000    0.00000    0.72110
   0.33300    0.33300    0.00000    0.33300    0.00000    0.00000    0.51268
   0.25000    0.25000    0.25000    0.00000    0.25000    0.00000    0.68087
   0.00000    0.00000    0.00000    0.50000    0.50000    0.00000    0.67988
