  -0.75000   -0.66737   -0.59322   -0.89373    0.57513   -0.49254   -0.67311   -0.86785   -0.99043   -0.77556   -0.78882   -0.68919   -0.61386   -0.13669    1.08110
  -0.60714   -0.12000   -0.55932   -0.63826    0.51295   -0.47264   -0.30404   -0.40534   -0.54705   -0.20698   -0.29192   -0.64865   -0.37624   -0.22302    1.05120
  -0.14286   -0.82737   -0.89830   -0.40732    0.84456   -0.30348   -0.24077   -0.66709   -0.52472   -0.21696   -0.34162   -0.36486    0.09901    0.45324    1.09000
   0.17857    0.31368   -0.79661   -0.28674    0.63731   -0.26368   -0.07557   -0.09530   -0.31738    0.06733   -0.13043   -0.17568    0.02970    0.39568    1.02870
   0.07143   -0.47789   -0.89830   -0.52994    0.78238   -0.33333   -0.28647   -0.51461   -0.61403   -0.36160   -0.20497   -0.44595   -0.43564    0.15108    1.07040
  -0.60714   -0.97053   -0.55932   -0.94073    0.49223   -0.71144   -0.59578   -0.85769   -0.86603   -0.86035   -0.77640   -0.60811   -1.00000   -0.29496    1.09830
  -0.32143   -0.59579   -0.15254   -0.65665    0.68912   -0.51244   -0.27944   -0.63151   -0.78309   -0.71072   -0.60248   -0.54054   -0.34653   -0.06475    1.07710
   0.42857    0.09474    0.69491   -0.40936    0.69948   -0.22388    0.01933   -0.18933   -0.59171   -0.56110    0.06832   -0.51351   -0.43564    0.20863    1.03990
   0.07143   -0.00632   -0.28814   -0.57286    0.57513   -0.37313   -0.14236   -0.48412   -0.70654   -0.43641   -0.25466   -0.32432   -0.10891    0.12230    1.04620
   0.07143   -0.06526    0.59322   -0.51564    0.61658   -0.24378   -0.20211   -0.34943   -0.57576   -0.61097   -0.34162   -0.63514   -0.40594   -0.32374    1.04830
  -0.07143    0.38105   -0.15254   -0.37462    0.78238   -0.09453   -0.17750   -0.18933   -0.46731   -0.32668   -0.20497   -0.43243    0.17822    0.52518    1.02540
  -0.42857   -0.07368   -0.32203   -0.69140    0.63731   -0.56219   -0.34974   -0.57815   -0.64274   -0.47631   -0.30435   -0.33784   -0.36634   -0.09353    1.04880
   0.17857   -0.22947    0.01695   -0.30717    0.85492    0.08458    0.07909   -0.18170   -0.49920   -0.57107   -0.29192   -0.41892    0.01980    0.23741    1.05690
  -0.10714   -0.56632   -0.96610   -0.43061    0.98964   -0.31343   -0.39192   -0.59593   -0.44179   -0.40648   -0.42857   -0.44595   -0.30693    0.25180    1.07540
  -0.17857   -0.05263   -0.45763   -0.43797    0.64767   -0.31343   -0.17750   -0.40788   -0.46092   -0.12718   -0.19255   -0.24324   -0.00990    0.33813    1.04770
   0.14286   -0.21263   -0.05085   -0.37666    0.70984   -0.21393   -0.14236   -0.28336   -0.38756   -0.36160   -0.01863   -0.13513   -0.21782    0.29496    1.05610
   0.64286   -0.26737    0.05085   -0.13346    1.00000   -0.00498    0.19156   -0.24269   -0.28230   -0.27681    0.15528   -0.44595   -0.19802    0.41007    1.09910
  -0.17857   -0.12421   -0.38983   -0.39710    0.81347   -0.13433   -0.13533   -0.38755   -0.53748   -0.27681   -0.25466   -0.63514   -0.15842    0.23741    1.05150
   0.07143    0.44421   -0.55932   -0.10280    0.65803   -0.07463    0.25132    0.18170   -0.14195    0.35661   -0.05590   -0.33784    0.11881    0.55396    1.01800
  -0.32143   -0.26316   -0.38983   -0.57490    0.85492   -0.34328   -0.31107   -0.46633   -0.66507   -0.59102   -0.26708   -0.55405   -0.43564    0.13669    1.05870
  -0.07143    0.06105   -0.86441   -0.14572    0.68912   -0.05473    0.22320   -0.04956   -0.07815    0.01746    0.20497   -0.24324    0.10891    0.35252    1.04160
   0.57143    0.09895    0.35593   -0.20294    0.81347    0.02488    0.15993   -0.10038   -0.42265   -0.28180   -0.01863   -0.45946    0.12871    0.55396    1.03960
  -0.03571   -0.59579   -0.45763   -0.42571    0.81347   -0.36318   -0.30404   -0.43583   -0.44498   -0.33167   -0.20497   -0.48649   -0.32673    0.30935    1.07700
  -0.03571   -0.70105   -0.86441   -0.44615    0.86529   -0.26368   -0.21968   -0.63914   -0.57895   -0.37656   -0.16770   -0.17568   -0.20792    0.20863    1.08300
  -0.50000   -0.84421   -0.83051   -0.87942    0.46114   -0.47264   -0.50088   -0.88564   -0.88836   -0.85536   -0.81366   -0.70270   -0.43564   -0.00719    1.09100
   0.03571    0.20842   -0.28814   -0.32966    0.74093   -0.32338   -0.01933   -0.14358   -0.34609    0.07731   -0.34162   -0.37838   -0.27723    0.13669    1.03400
   0.21429    0.03158    0.01695   -0.33987    0.75129   -0.17413   -0.03339   -0.22236   -0.36204   -0.16708   -0.22981   -0.48649    0.07921    0.35252    1.04330
  -0.32143   -0.13684   -0.18644   -0.52177    0.67876   -0.39303   -0.28295   -0.33418   -0.45136   -0.44638   -0.35404   -0.54054   -0.57426   -0.03597    1.05200
  -0.46429    0.38526   -0.25424   -0.61169    0.49223   -0.20398   -0.25132   -0.37738   -0.51834   -0.41646   -0.42857   -0.68919   -0.17822    0.22302    1.02500
  -0.53571   -0.04000   -0.32203   -0.63826    0.79275   -0.57214   -0.54657   -0.58831   -0.63317   -0.35162   -0.26708   -0.55405   -0.31683   -0.12230    1.04700
  -0.53571   -0.25474   -0.66102   -0.75271    0.67876   -0.56219   -0.73989   -0.73062   -0.73206   -0.61596   -0.60248   -0.59459   -0.50495   -0.17986    1.05840
  -0.10714   -0.41474   -0.28814   -0.62600    0.81347   -0.54229   -0.39192   -0.69250   -0.61084   -0.44140   -0.35404   -0.41892   -0.51485   -0.07914    1.06700
  -0.07143    0.24632   -0.89830   -0.28060    0.66839   -0.02488    0.11072   -0.20966   -0.32376    0.05736   -0.03106   -0.25676   -0.15842    0.25180    1.03220
  -0.64286   -0.83158   -0.15254   -0.92643    0.54404   -0.71144   -0.85589   -0.97459   -0.92983   -0.83042   -0.82609   -0.62162   -0.80198   -0.30935    1.09030
  -0.50000    0.14526   -0.32203   -0.51768    0.62694   -0.22388   -0.31810   -0.42313   -0.56938   -0.32668   -0.52795   -0.58108   -0.10891    0.33813    1.03730
  -0.03571   -0.53684    0.62712   -0.87125    0.55440   -0.62189   -0.65202   -0.63914   -0.87879   -0.88030   -0.77640   -0.67568   -0.92079   -0.32374    1.07360
  -0.25000   -0.52000   -0.35593   -0.71796    0.64767   -0.47264   -0.57469   -0.71537   -0.76714   -0.64589   -0.59006   -0.63514   -0.52475   -0.09353    1.07280
  -0.75000   -1.00000   -0.38983   -1.00000    0.59586   -0.73134   -1.00000   -1.00000   -1.00000   -1.00000   -0.93789   -0.85135   -0.71287   -0.48201    1.10890
   0.03571   -0.10316   -0.35593   -0.18251    0.72021   -0.13433    0.13884   -0.20966   -0.25678   -0.00748    0.39130   -0.17568    0.25743    0.51079    1.05020
  -0.14286   -0.64211    0.15254   -0.65461    0.83420   -0.47264   -0.49736   -0.65692   -0.63955   -0.71571   -0.44099   -0.45946   -0.51485   -0.09353    1.07960
  -0.28571   -0.42737   -0.01695   -0.74862    0.66839   -0.63184   -0.52548   -0.70267   -0.63955   -0.67082   -0.56522   -0.67568   -0.35644   -0.23741    1.06780
  -0.32143   -0.13684   -0.55932   -0.51972    0.72021   -0.27363   -0.25483   -0.46887   -0.56300   -0.47132   -0.46584   -0.55405   -0.38614    0.10791    1.05210
  -0.39286    0.12421   -0.11864   -0.53607    0.75129   -0.31343   -0.24780   -0.41550   -0.60128   -0.39651   -0.36646   -0.63514   -0.30693   -0.09353    1.03840
  -0.14286   -0.25053   -0.18644   -0.68935    0.60622   -0.52239   -0.44464   -0.52224   -0.75120   -0.62594   -0.46584   -0.62162   -0.32673   -0.06475    1.05820
  -0.10714    0.25474    0.15254   -0.50746    0.61658   -0.55224   -0.17047   -0.35705   -0.49601   -0.31671   -0.37888   -0.59459   -0.23762    0.26619    1.03170
  -0.32143   -0.84421   -0.83051   -0.66687    0.74093   -0.54229   -0.63796   -0.73825   -0.63317   -0.61097   -0.54037   -0.54054   -0.49505    0.03597    1.09110
  -0.21429   -0.23789   -0.25424   -0.43593    0.77202   -0.31343   -0.20914   -0.54002   -0.48963   -0.43641   -0.22981   -0.27027   -0.27723    0.09353    1.05750
  -0.60714   -0.43158    0.11864   -0.94686    0.43005   -0.79104   -0.70474   -0.83227   -0.88517   -0.81546   -0.70186   -1.00000   -0.55446   -0.32374    1.06800
  -0.28571   -0.28842   -0.52542   -0.52790    0.74093   -0.24378   -0.33568   -0.46887   -0.52472   -0.40150   -0.41615   -0.67568   -0.24752    0.06475    1.06030
   0.00000   -0.10737   -0.08475   -0.34600    0.82383   -0.10448   -0.04394   -0.34943   -0.46731   -0.41147   -0.20497   -0.56757   -0.26733    0.43885    1.05060
  -0.60714   -0.77684   -0.89830   -0.79358    0.78238   -0.59204   -0.54306   -0.81957   -0.77353   -0.76559   -0.66460   -0.60811   -0.90099   -0.39568    1.08730
   0.53571    0.06526   -0.52542   -0.11506    0.75129    0.03483    0.26538    0.00127   -0.06220    0.09726    0.16770   -0.33784    0.04951   -1.00000    1.04140
  -0.03571    0.14947   -0.59322   -0.18046    0.76166   -0.16418    0.12829   -0.06989   -0.24083   -0.17207    0.11801   -0.41892   -0.08911    0.46763    1.03700
  -0.10714    0.37263   -0.05085   -0.30922    0.55440   -0.09453    0.24780   -0.01652   -0.44179   -0.29676    0.00621   -0.24324   -0.07921    0.43885    1.02580
   0.21429   -0.27158   -0.28814   -0.38279    0.90674   -0.26368    0.08260   -0.50953   -0.45454   -0.48628   -0.13043   -0.22973    0.01980    0.39568    1.05930
   0.07143   -0.37684    0.11864   -0.58308    0.60622   -0.39303   -0.21265   -0.44854   -0.61403   -0.53117   -0.31677   -0.52703   -0.14852    0.19425    1.06500
  -0.35714   -0.38105   -0.38983   -0.65870    0.62694   -0.42289   -0.29701   -0.64676   -0.60128   -0.33666   -0.29192   -0.52703   -0.04951    0.00719    1.06520
  -0.21429   -0.17895   -0.05085   -0.55651    0.80311   -0.37313   -0.31810   -0.53748   -0.64593   -0.50623   -0.36646   -0.63514   -0.62376   -0.17986    1.05430
   0.32143    0.37263    0.52542   -0.10689    0.79275    0.01493    0.28295    0.11817   -0.20893   -0.08229    0.61491   -0.14865    0.03960    0.26619    1.02560
  -0.32143   -0.08211   -0.55932   -0.60965    0.59586   -0.26368   -0.30404   -0.46633   -0.66188   -0.58604   -0.85093   -0.62162   -0.46535    0.10791    1.04920
  -0.46429   -0.09895   -0.38983   -0.59125    0.64767   -0.69154   -0.34974   -0.41804   -0.50239   -0.48628   -0.52795   -0.50000   -0.27723   -0.28058    1.05000
  -0.67857   -0.44842   -0.49152   -0.73431    0.55440   -0.58209   -0.53251   -0.64930   -0.63636   -0.36160   -0.36646   -0.60811   -0.33663   -0.19425    1.06890
  -0.42857   -0.70105   -0.08475   -0.82015    0.59586   -0.53234   -0.58172   -0.74587   -0.87241   -0.80549   -0.75155   -0.64865   -0.39604    0.12230    1.08290
  -0.42857   -0.57474   -0.83051   -0.77519    0.77202   -0.70149   -0.67663   -0.91360   -0.80542   -0.68080   -0.52795   -0.36486   -0.70297   -0.23741    1.07580
  -0.35714   -0.62947   -0.76271   -0.65461    0.63731   -0.44279   -0.36380   -0.64168   -0.56300   -0.41646   -0.71429   -0.52703   -0.47525   -0.17986    1.07900
  -0.03571    0.03579    0.32203   -0.49929    0.50259   -0.27363   -0.10369   -0.26556   -0.53429   -0.33167   -0.41615   -0.48649   -0.03960    0.23741    1.04300
   0.21429   -0.50737   -0.96610   -0.34805    0.82383    0.09453   -0.28647   -0.51207   -0.39075   -0.20698    0.08075   -0.20270    0.06931    0.29496    1.07220
  -0.32143   -0.87368   -0.55932   -0.72410    0.58549   -0.41294   -0.54657   -0.68234   -0.75120   -0.62594   -0.60248   -0.59459   -0.44554   -0.07914    1.09260
  -0.46429   -0.29684   -0.38983   -0.67709    0.64767   -0.48259   -0.37786   -0.56290   -0.75758   -0.56609   -0.59006   -0.59459   -0.50495   -0.23741    1.06070
  -0.14286   -0.30526   -0.62712   -0.23769    0.82383   -0.11443   -0.05448   -0.20966   -0.23445   -0.07232   -0.05590   -0.33784    0.21782    0.30935    1.06100
  -0.46429   -0.40211   -0.93220   -0.69344    0.70984   -0.54229   -0.52900   -0.68234   -0.67145   -0.54115   -0.56522   -0.60811   -0.13861    0.05036    1.06640
  -0.35714   -0.05684   -0.38983   -0.59330    0.73057   -0.68159   -0.33216   -0.51461   -0.57576   -0.45636   -0.32919   -0.54054   -0.31683   -0.07914    1.04810
   0.17857    0.29263    0.08475   -0.38892    0.68912   -0.31343   -0.00527   -0.16137   -0.54067   -0.31172   -0.20497   -0.39189   -0.21782    0.28058    1.02980
  -0.17857   -0.17053   -0.28814   -0.57286    0.61658   -0.39303   -0.40246   -0.46124   -0.54386   -0.26683   -0.37888   -0.56757   -0.15842    0.03597    1.05380
  -0.35714    0.14105   -0.25424   -0.44819    0.66839   -0.33333   -0.11072   -0.19441   -0.45454   -0.41646   -0.39130   -0.51351   -0.39604    0.12230    1.03740
  -0.28571   -0.60421   -0.86441   -0.72410    0.63731   -0.57214   -0.52197   -0.79161   -0.72887   -0.51621   -0.63975   -0.82432   -0.32673    0.15108    1.07760
  -0.60714   -0.55368    0.18644   -0.76088    0.50259   -0.59204   -0.28647   -0.56798   -0.83732   -0.71072   -0.75155   -0.70270   -0.31683   -0.09353    1.07450
   0.42857   -0.14526   -0.55932   -0.13141    0.77202    0.27363    0.01582   -0.21220   -0.30462   -0.19701    0.08075   -0.25676    0.22772    0.74101    1.05250
   0.07143    0.34737   -0.35593   -0.23564    0.74093    0.03483   -0.04042   -0.11309   -0.33014   -0.11222   -0.10559   -0.47297    0.08911    0.51079    1.02690
  -0.53571   -0.04421   -0.38983   -0.56877    0.69948   -0.48259   -0.46221   -0.46887   -0.55024   -0.34663   -0.31677   -0.47297   -0.36634    0.06475    1.04720
  -0.60714   -0.47368   -0.72881   -0.85285    0.62694   -0.52239   -0.66960   -0.81703   -0.84689   -0.85536   -0.77640   -0.63514   -0.78218    1.00000    1.07040
   0.28571    0.47368    0.45763   -0.13346    0.60622   -0.23383    0.41652    0.23507   -0.06539   -0.29676    0.13043   -0.41892   -0.00000    0.30935    1.02070
  -0.03571   -0.83579   -0.32203   -0.85490    0.57513   -0.33333   -0.70826   -0.79161   -0.88517   -0.76559   -0.76397   -0.54054   -0.71287   -0.06475    1.09060
  -0.25000   -0.76421   -0.42373   -0.75475    0.73057   -0.65174   -0.63093   -0.74333   -0.75439   -0.72569   -0.44099   -0.62162   -0.60396   -0.16547    1.06650
  -0.75000   -0.28421    0.45763   -0.92643    0.50259   -0.64179   -0.51845   -0.73825   -0.91707   -0.82544   -0.95031   -0.86486   -0.63366   -0.45324    1.05990
  -0.03571    0.02737   -0.35593   -0.45637    0.60622   -0.31343   -0.15290   -0.19187   -0.42265   -0.28678   -0.08075   -0.48649   -0.14852    0.17986    1.04340
   0.07143   -0.23368   -0.25424   -0.49929    0.65803   -0.19403   -0.20562   -0.39517   -0.50239   -0.41646   -0.16770   -0.45946   -0.34653    0.06475    1.05730
   0.03571   -0.40632   -0.11864   -0.52994    0.80311   -0.44279   -0.38840   -0.56544   -0.57576   -0.34165   -0.14286   -0.28378   -0.60396    0.23741    1.06660
   0.07143   -0.12000   -0.93220   -0.24995    0.87565   -0.21393   -0.11424   -0.36468   -0.27273   -0.06234    0.11801   -0.12162    0.07921    0.38129    1.05020
  -0.21429   -0.35158    0.22034   -0.53403    0.74093   -0.31343   -0.26538   -0.52478   -0.59171   -0.50623   -0.26708   -0.39189   -0.39604    0.23741    1.06360
  -0.32143   -0.37263   -0.32203   -0.61782    0.66839   -0.28358   -0.40597   -0.55273   -0.59171   -0.49127   -0.51553   -0.58108   -0.32673   -0.02158    1.06480
  -0.50000   -0.72210   -0.38983   -0.83037    0.63731   -0.68159   -0.65202   -0.78399   -0.80861   -0.79052   -0.76397   -0.74324   -0.81188   -0.26619    1.08400
  -0.03571   -0.32632   -0.79661   -0.46659    0.58549   -0.31343   -0.03339   -0.48666   -0.44498   -0.15212   -0.29192   -0.48649    0.22772    0.36691    1.06220
  -0.07143   -0.74737   -0.25424   -0.46454    0.84456   -0.32338   -0.24429   -0.49936   -0.43860   -0.33167   -0.25466   -0.33784   -0.19802    0.17986    1.08540
  -0.57143    0.68842   -0.08475   -0.40119    0.47150   -0.27363    0.37786    0.11055   -0.08134   -0.26683   -0.34162   -0.62162   -0.28713    0.26619    1.01010
  -0.07143    0.36000    0.18644   -0.28878    0.67876   -0.10448   -0.08612   -0.08259   -0.25678   -0.11222    0.01863   -0.24324    0.03960    0.45324    1.02640
  -0.42857    0.17895   -0.28814   -0.47067    0.67876   -0.40298    0.00879   -0.09530   -0.42584   -0.17706   -0.13043   -0.39189   -0.13861   -0.02158    1.03550
  -0.46429   -0.54526   -0.38983   -0.87738    0.57513   -0.75124   -0.68717   -0.89072   -0.88836   -0.69576   -0.81366   -0.54054   -0.69307   -0.25180    1.07420
  -0.53571   -0.48211   -0.96610   -0.70775    0.58549   -0.49254   -0.51494   -0.59847   -0.69697   -0.41147   -0.46584   -0.62162   -0.28713   -0.07914    1.07080
  -0.50000   -0.51579   -0.38983   -0.77723    0.56477   -0.56219   -0.43058   -0.63914   -0.78947   -0.65586   -0.60248   -0.63514   -0.34653    0.05036    1.07250
   0.14286    0.32211    0.52542   -0.63008    0.58549   -0.27363   -0.35325   -0.32910   -0.61403   -0.62095   -0.35404   -0.37838   -0.54455   -0.10791    1.02830
  -0.71429    0.04842   -0.38983   -0.52381    0.72021   -0.37313   -0.32162   -0.39771   -0.47049   -0.40648   -0.18012   -0.66216   -0.40594   -0.00719    1.04220
   0.07143   -0.10737   -0.72881   -0.29082    0.73057   -0.17413   -0.12829   -0.17662   -0.24721   -0.06234    0.05590   -0.37838    0.19802    0.52518    1.05050
   0.21429   -0.54105    0.11864   -0.49929    0.62694   -0.00498   -0.02988   -0.34180   -0.57895   -0.49127   -0.49068   -0.63514   -0.07921    0.45324    1.07400
  -0.07143    0.33053   -0.11864   -0.19477    0.67876   -0.38309    0.19508    0.06226   -0.07177    0.02244   -0.01863   -0.20270    0.17822    0.26619    1.02790
   0.07143   -0.13684   -0.35593   -0.31535    0.78238   -0.03483    0.05097   -0.27319   -0.46411   -0.22194    0.03106   -0.22973    0.16832    0.64029    1.05200
  -0.17857   -0.18737   -0.28814   -0.33170    0.82383   -0.25373   -0.08963   -0.15121   -0.40670   -0.30175   -0.21739   -0.40541   -0.43564    0.07914    1.05470
   0.53571    0.41474    0.69491   -0.32557    0.66839   -0.02488    0.02636   -0.09530   -0.37799   -0.38155   -0.03106   -0.44595    0.02970    0.09353    1.02360
  -0.17857    0.02737   -0.35593   -0.59330    0.65803   -0.46269   -0.32865   -0.54765   -0.57257   -0.56110   -0.51553   -0.47297   -0.08911    0.26619    1.04350
  -0.17857   -0.62947    0.18644   -0.64030    0.65803   -0.24378   -0.56766   -0.76112   -0.70335   -0.52619   -0.16770   -0.31081   -0.46535    0.17986    1.07900
  -0.25000   -0.01895    0.01695   -0.60351    0.58549   -0.36318   -0.17750   -0.45108   -0.55662   -0.50623   -0.54037   -0.56757   -0.32673   -0.06475    1.04590
   0.14286   -0.22526    0.42373   -0.41345    0.79275   -0.18408   -0.16345   -0.27827   -0.53429   -0.41646   -0.25466   -0.47297   -0.05941    0.23741    1.05680
  -0.03571   -0.72210   -0.32203   -0.60147    0.79275   -0.35323   -0.48330   -0.78145   -0.55343   -0.48628   -0.13043   -0.54054   -0.42574    0.29496    1.08410
  -0.17857   -0.02737    0.42373   -0.66074    0.50259   -0.46269   -0.12127   -0.45362   -0.71930   -0.47132   -0.19255   -0.43243   -0.56436    0.06475    1.04620
   0.46429   -0.36000   -0.79661   -0.32966    0.66839    0.01493    0.12829   -0.25286   -0.36842   -0.19202   -0.05590   -0.25676   -0.18812    0.69784    1.06400
   0.07143   -0.24211   -0.28814   -0.61578    0.61658   -1.00000   -0.51494   -0.54511   -0.62998   -0.62594   -0.25466   -0.22973   -0.38614    0.20863    1.05780
  -0.89286   -0.67579   -0.42373   -0.94482    0.59586   -0.96020   -0.79613   -0.83227   -0.89793   -0.86035   -0.78882   -0.74324   -0.87129   -0.69784    1.08140
   0.07143   -0.65053   -0.18644   -0.52381    0.78238   -0.31343   -0.36731   -0.57815   -0.54386   -0.31172   -0.32919   -0.36486   -0.46535    0.19425    1.08000
  -0.46429   -0.57053   -0.15254   -0.67505    0.77202   -0.62189   -0.61687   -0.56036   -0.57576   -0.73067   -0.47826   -0.55405   -0.88119   -0.30935    1.07560
  -0.53571   -0.36842    0.05085   -0.70570    0.64767   -0.35323   -0.48682   -0.50953   -0.69697   -0.67581   -0.60248   -0.60811   -0.63366   -0.32374    1.06460
   0.46429    0.60421   -0.32203    0.02800    0.92746    0.06468    0.26186    0.12579   -0.12600    0.06234    0.49068   -0.13513    0.21782    0.46763    1.01400
   0.00000   -0.17895   -0.08475   -0.59330    0.75129   -0.28358   -0.33216   -0.48412   -0.55024   -0.54614   -0.27950   -0.47297   -0.53465   -0.00719    1.05430
  -0.35714   -0.23789   -0.08475   -0.56468    0.74093   -0.56219   -0.34974   -0.47395   -0.65550   -0.51122   -0.29192   -0.44595   -0.73267   -0.20863    1.05750
