   0.00000    0.33300    0.33300    0.00000    0.33300    0.00000    0.74012
   0.25000    0.25000    0.00000    0.00000    0.25000    0.25000    0.48216
   0.33300    0.00000    0.00000    0.00000    0.33300    0.33300    0.29512
   0.25000    0.25000    0.00000    0.25000    0.00000    0.25000    0.59923
   0.00000    0.00000    0.00000    0.50000    0.00000    0.50000    0.56143
   0.00000    0.33300    0.00000    0.33300    0.33300    0.00000    0.65173
   0.33300    0.33300    0.00000    0.00000    0.33300    0.00000    0.47128
   0.33300    0.33300    0.33300    0.00000    0.00000    0.00000    0.67848
   0.00000    0.00000    0.00000    0.00000    0.50000    0.50000    0.29828
   0.25000    0.25000    0.25000    0.00000    0.00000    0.25000    0.64566
   1.00000    0.00000    0.00000    0.00000    0.00000    0.00000    0.20000
   0.00000    0.00000    1.00000    0.00000    0.00000    0.00000    0.54971
   0.00000    0.00000    0.33300    0.33300    0.00000    0.33300    0.56665
   0.00000    0.25000    0.00000    0.25000    0.25000    0.25000    0.59852
   0.33300    0.00000    0.33300    0.00000    0.00000    0.33300    0.52502
   0.20000    0.00000    0.20000    0.20000    0.20000    0.20000    0.63579
   0.25000    0.00000    0.25000    0.00000    0.25000    0.25000    0.53383
   0.00000    0.33300    0.00000    0.00000    0.33300    0.33300    0.47397
   0.33300    0.00000    0.33300    0.33300    0.00000    0.00000    0.75344
   0.20000    0.20000    0.20000    0.20000    0.20000    0.00000    0.73045
   0.00000    0.00000    0.00000    0.00000    1.00000    0.00000    0.32435
   0.33300    0.33300    0.00000    0.33300    0.00000    0.00000    0.51268
   0.50000    0.50000    0.00000    0.00000    0.00000    0.00000    0.42968
   0.00000    0.33300    0.00000    0.33300    0.00000    0.33300    0.66758
   0.25000    0.25000    0.25000    0.25000    0.00000    0.00000    0.71361
   0.00000    0.20000    0.20000    0.20000    0.20000    0.20000    0.68674
   0.25000    0.00000    0.00000    0.25000    0.25000    0.25000    0.52528
   0.00000    0.50000    0.00000    0.50000    0.00000    0.00000    0.65219
   0.00000    0.33300    0.33300    0.33300    0.00000    0.00000    0.78606
   0.50000    0.00000    0.00000    0.00000    0.00000    0.50000    0.31225
