   0.00000   54.57000   41.02800    0.00000    5.20800    3.69100    1.58500    0.00000    6.38300
   0.00000   17.07000   25.14500    0.00000    0.20200    1.22500    1.66000    0.00000    0.67300
   0.00000    0.00000    0.00000    0.00000    3.21000    1.92400    0.78800    0.00000    4.93300
   0.00000   26.02000   32.89700    2.00000    2.72900    1.97900    0.46200    1.00000    5.16000
   0.00000   91.64000  101.49400    0.00000    2.23900    2.29600    0.88400    2.00000    5.44100
   0.00000   50.94000   76.13200    1.00000    4.01300    3.21800    1.10400    3.00000    5.02000
   0.00000   63.87000    6.24900    0.00000    0.19800    1.97500    0.85800    2.00000    5.47000
   1.00000   97.99000  195.87800    4.00000   -1.20400    2.21400    1.06600    0.00000    3.17700
   0.00000   12.89000   16.78600    0.00000    2.66000    2.40800    0.97600    1.00000    3.61800
   1.00000   90.51000   65.67000    1.00000   -0.75900    1.92900    1.40200    1.00000    4.10700
   0.00000   26.02000   32.89700    2.00000    2.19300    2.05600    0.99200    1.00000    6.13000
   0.00000   38.33000   54.15600    1.00000    2.39100    2.61200    1.29300    1.00000    6.32000
   1.00000   44.45000   16.78600    0.00000    3.33000    2.28100    0.70100    1.00000    6.54000
   2.00000   59.32000   78.20400    0.00000    4.11500    3.93400    0.76000    1.00000   10.04700
   2.00000   96.30000  102.04400    1.00000   -0.46300    2.43400    1.25600    3.00000    5.12000
   0.00000   66.05000   93.43000    1.00000    1.34800    2.09000    0.78400    1.00000    4.02400
   1.00000   43.09000   58.04200    2.00000    2.48100    2.13300    0.50600    1.00000    2.34800
   0.00000    0.00000    0.00000    0.00000    2.22600    1.26500    2.50000    0.00000    3.64300
   1.00000  180.08000  310.81000    5.00000    0.14300    4.80500    1.59700    2.00000    3.79500
   1.00000  114.19000  100.65200    3.00000    0.82100    3.06000    1.08200    6.00000    2.53300
   0.00000   20.23000   42.68300    1.00000    3.31400    2.03100    0.40900    0.00000    4.86400
   0.00000  110.96000   13.84300    0.00000    1.32100    2.40200    0.98800    0.00000    7.12800
   0.00000   41.57000   57.28000    1.00000    1.83800    2.61100    1.17500    2.00000    3.15500
   0.00000   16.13000   19.91000    0.00000    1.27200    2.47300    1.25600    2.00000    4.73300
   0.00000   58.56000   75.96500    0.00000    1.64800    2.68900    1.67500    4.00000    7.03700
   1.00000   44.45000   16.78600    0.00000    2.53900    1.84000    0.92000    1.00000    5.42900
   1.00000   26.30000   81.02500    0.00000    5.40000    3.93600    0.99100    0.00000    8.11200
   0.00000   70.14000   50.90800    3.00000    1.29400    2.20300    0.59100    2.00000    3.47600
   0.00000    0.00000    0.00000    0.00000    4.76000    2.85900    0.70000    0.00000    6.17300
   1.00000   44.45000   16.78600    0.00000    3.26500    2.13400    0.63700    1.00000    6.13100
   0.00000   98.61000   57.46000    0.00000    2.05400    2.89100    1.44200    3.00000    9.14000
   0.00000    7.76000    0.00000    0.00000    2.12200    2.70000    1.05300    2.00000    5.01000
   0.00000  100.87000  112.49400    0.00000    3.27500    2.66100    1.24300    2.00000    5.63600
   0.00000    0.00000    0.00000    0.00000    2.95700    1.50900    0.53300    0.00000    4.18600
   0.00000  165.15000  185.89700    0.00000    0.57500    2.60800    1.80900    3.00000    3.85000
   0.00000   35.25000   43.89700    2.00000    1.24600    2.04600    1.08100    1.00000    5.64200
   0.00000   38.33000   54.15600    1.00000    1.73700    2.47200    0.63800    1.00000    6.84800
   0.00000   26.02000   32.89700    2.00000    2.12700    1.90800    0.59700    1.00000    5.19000
   1.00000   67.79000  107.83900    2.00000    2.34700    3.24300    1.40000    1.00000    3.91700
   0.00000   70.14000   50.90800    3.00000   -0.79200    1.40100    0.64700    2.00000    3.97900
   0.00000  119.33000  134.93100    0.00000    0.28900    2.58700    1.98900    2.00000    3.33900
   0.00000   12.03000   18.01100    1.00000    1.85900    1.98900    1.06200    1.00000    5.79000
   4.00000  166.75000  250.10200    6.00000    1.63200    5.36900    1.14500    6.00000    4.27000
   0.00000   67.01000   70.94100    2.00000    1.05200    2.67600    1.13700    3.00000    6.11900
   0.00000    0.00000    0.00000    0.00000    4.20300    1.99700    1.62500    0.00000    5.47000
   0.00000    0.00000    0.00000    0.00000    2.08100    1.40100    0.50100    0.00000    3.48500
   0.00000   42.52000   44.31300    0.00000    4.74600    2.90500    0.91600    0.00000    4.71100
   0.00000   47.36000   56.05500    0.00000    3.37300    3.47100    0.99200    3.00000    4.94300
   2.00000  104.06000  189.34000    3.00000    1.92900    3.19700    1.02100    0.00000    4.18700
   0.00000    9.23000   11.00000    0.00000    3.27500    2.72700    0.87400    0.00000    3.95300
   0.00000    0.00000    0.00000    0.00000    2.22600    1.40100    0.82600    0.00000    3.63100
   0.00000   70.14000   50.90800    3.00000    0.59000    1.90900    0.90700    2.00000    3.85000
   0.00000    0.00000    0.00000    0.00000    2.94200    1.90800    1.06300    0.00000    3.79100
   0.00000    0.00000    0.00000    0.00000    2.60800    1.85700    1.00000    0.00000    3.00200
   0.00000    0.00000    0.00000    0.00000    4.09200    2.12000    0.53000    0.00000    5.38900
   0.00000    0.00000    0.00000    0.00000    2.45900    1.47500    1.50000    0.00000    4.00200
   0.00000   45.61000   28.26900    0.00000    1.97100    2.29400    1.27500    1.00000    4.60800
   2.00000   52.60000   72.29000    0.00000    0.78700    2.22300    1.80000    0.00000    2.89900
   0.00000  336.43000  551.09800   16.00000   -5.19900    4.30000    1.37300    7.00000    3.07700
   0.00000    0.00000    0.00000    0.00000    5.12400    2.51500    0.45600    0.00000    6.77700
   0.00000   40.46000   85.36700    2.00000    3.63500    3.12000    1.03000    0.00000    4.96200
   0.00000   54.57000   41.02800    0.00000    3.74200    3.13600    1.77300    0.00000    6.04200
   0.00000   23.55000   31.39400    0.00000    0.16000    1.70000    2.09200    2.00000    1.60100
   0.00000   54.57000   41.02800    0.00000    1.24600    2.08600    1.87500    0.00000    9.09900
   0.00000    0.00000    0.00000    0.00000    2.73400    1.85700    0.83100    0.00000    3.89000
   0.00000    0.00000    0.00000    0.00000    5.98900    2.71200    0.52900    0.00000    6.99000
   0.00000   75.13000  100.77400    3.00000    4.51200    3.66200    0.70200    5.00000    6.65000
   0.00000   65.82000   80.76500    0.00000    3.69200    3.88300    1.08700    3.00000    6.75600
   0.00000   94.89000   20.76500    0.00000    2.49200    2.65900    1.19400    0.00000    6.79000
   0.00000   60.13000   76.44800    0.00000    2.28800    2.84800    1.59100    4.00000    3.22000
   0.00000   54.74000   39.24700    0.00000    3.11500    2.70600    0.94600    0.00000    6.07500
   0.00000  102.78000   20.26300    0.00000    3.32200    2.90100    0.87400    0.00000    7.67600
   0.00000    0.00000    0.00000    0.00000    2.25500    1.80000    0.91700    0.00000    2.48000
   0.00000  121.26000    6.24900    0.00000    2.86900    3.09500    0.86200    2.00000    6.18800
   2.00000   52.60000   72.29000    0.00000    4.09100    3.56800    1.15000    0.00000    5.19000
   0.00000    0.00000    0.00000    0.00000    3.29100    1.54900    2.00000    0.00000    4.92700
   0.00000   13.14000    9.50700    0.00000    2.85900    2.61400    0.82700    0.00000    4.99500
   0.00000    0.00000    0.00000    0.00000    3.94500    2.32400    0.67800    0.00000    5.00900
   0.00000    0.00000    0.00000    0.00000    3.95800    2.48800    0.80200    0.00000    3.57500
   1.00000  122.91000  210.53700    3.00000    0.86800    3.59000    1.46200    3.00000    2.62600
   0.00000   45.82000   50.74700    0.00000    3.11000    2.14100    0.47800    1.00000    4.62000
   0.00000    0.00000    0.00000    0.00000    3.37400    2.11800    1.20400    0.00000    3.52200
   0.00000    0.00000    0.00000    0.00000    4.06300    1.97500    0.49900    0.00000    4.83000
   0.00000   20.23000   42.68300    1.00000    1.50600    1.85700    0.85300    0.00000    3.85000
   1.00000   43.37000   61.29000    0.00000    3.62600    3.37300    1.11100    0.00000    5.54100
   0.00000  138.45000  281.24500    6.00000    1.44200    3.87800    1.20500    0.00000    5.29100
   0.00000   20.23000   42.68300    1.00000    2.63700    2.34400    0.75800    0.00000    4.61000
   0.00000   55.05000   61.74700    0.00000    4.29600    3.05500    0.60300    1.00000    5.87800
   0.00000   12.89000   16.78600    0.00000    3.05100    2.72700    0.80000    1.00000    4.85100
   0.00000   20.23000   42.68300    1.00000    2.46100    1.97500    0.73700    0.00000    5.69100
   0.00000    3.24000    3.12400    0.00000    9.14800    5.49700    1.55900    1.00000    5.96000
   1.00000   84.32000  125.10800    2.00000    0.13900    2.74800    1.26700    2.00000    2.35900
   0.00000   26.02000   32.89700    2.00000    2.72900    1.97500    0.46200    1.00000    5.43700
   0.00000    0.00000    0.00000    0.00000    3.25900    1.97500    1.11100    0.00000    4.53000
   0.00000    0.00000    0.00000    0.00000    1.81700    1.33400    0.71800    0.00000    2.49000
   0.00000   17.07000   25.14500    0.00000    0.20200    1.33400    1.66000    0.00000    2.81500
   0.00000    0.00000    0.00000    0.00000    3.47800    1.92400    0.57500    0.00000    4.13800
   0.00000   38.69000   64.68300    1.00000    0.22400    2.10800    1.90400    0.00000    1.88800
   0.00000   12.53000   11.00000    0.00000    1.53300    2.27400    1.02600    0.00000    4.01800
   0.00000   29.46000   53.68300    1.00000    1.24600    2.03100    1.11400    0.00000    3.68000
   0.00000    0.00000    0.00000    0.00000    6.23200    2.72800    0.49300    0.00000    7.61000
   0.00000    0.00000    0.00000    0.00000    2.87600    1.85700    0.69900    0.00000    3.91800
   0.00000   66.05000   93.43000    1.00000    1.34800    2.11900    0.78400    1.00000    4.01600
   0.00000   45.34000   34.10600    0.00000    1.29700    2.04200    1.93300    0.00000    2.82900
  11.00000  278.80000  413.19100    5.00000   -0.32100    6.43900    1.55700   11.00000    4.77900
   0.00000   18.46000   22.00000    0.00000    4.26800    3.16400    0.85700    0.00000    7.08700
   0.00000  115.41000   71.51200    0.00000    2.22300    2.90300    1.29500    1.00000    8.15000
   0.00000   17.07000   25.14500    0.00000    0.09400    1.33400    1.32800    0.00000    5.99300
   0.00000   96.31000   77.72700    1.00000    1.12600    3.53600    1.15700    3.00000    3.59400
   0.00000  121.26000    6.24900    0.00000    0.45400    2.22700    0.67700    2.00000    6.05900
   0.00000   38.80000    0.00000    1.00000    0.84500    1.15500    1.17700    0.00000    5.56200
   0.00000   21.26000   29.01100    1.00000    2.82600    2.70900    1.18400    1.00000    5.03600
   0.00000   20.23000   42.68300    1.00000    2.12700    1.90800    0.63300    0.00000    4.23800
   0.00000    0.00000    0.00000    0.00000    2.22600    1.50900    0.82600    0.00000    2.60800
   0.00000   45.82000   50.74700    0.00000    2.50900    2.10800    0.61700    1.00000    3.84000
   0.00000  140.02000  119.20900    4.00000   -0.81200    2.47800    0.92600    3.00000    7.37800
   0.00000   15.79000    0.00000    1.00000    2.85900    2.61400    0.75200    1.00000    4.70000
   0.00000    0.00000    0.00000    0.00000    6.16600    2.95900    0.57000    0.00000    8.27100
   0.00000   20.23000   42.68300    1.00000    1.85900    1.91800    0.94900    0.00000    3.76000
   1.00000   49.57000   64.63000    0.00000   -0.25900    1.98900    1.10300    3.00000    3.34000
   1.00000   37.30000   67.82800    1.00000    4.54800    3.10100    1.13700    0.00000    4.56000
   0.00000   73.58000   63.84200    2.00000    0.89400    3.13600    1.38800    3.00000    3.00800
   0.00000   26.02000   32.89700    2.00000    2.12700    1.92400    0.59700    1.00000    6.40900
   0.00000   21.26000   73.89100    1.00000    4.15300    3.38300    1.12100    1.00000    5.78300
   0.00000   20.23000   42.68300    1.00000    3.31400    2.02700    0.40900    0.00000    4.49500
   1.00000  182.91000  301.14700    4.00000    0.03600    4.75800    1.58400    1.00000    4.60200
   0.00000   41.13000   61.16600    2.00000   -1.09500    1.72600    1.46300    2.00000    1.18800
   0.00000   20.23000   42.68300    1.00000    2.27400    2.00500    1.59600    0.00000    3.11500
   0.00000   20.23000   42.68300    1.00000    3.04600    2.02700    0.60200    0.00000    5.63200
   1.00000   37.30000   67.82800    1.00000    3.23000    2.63000    1.16600    0.00000    4.35500
   0.00000   88.03000   86.37800    2.00000    3.18500    2.93000    1.13000    5.00000    4.48500
   0.00000   45.82000   50.74700    0.00000    3.11000    2.16000    0.47800    1.00000    4.66000
   0.00000    0.00000    0.00000    0.00000    3.56200    2.03100    1.15000    0.00000    5.45000
   0.00000   40.46000   85.36700    2.00000   -1.05300    1.33400    1.82700    0.00000    0.12200
   0.00000    0.00000    0.00000    0.00000    1.67200    1.22500    0.56200    0.00000    3.28000
   0.00000    0.00000   14.96000    0.00000    2.02600    1.26500    0.72200    0.00000    3.57700
   0.00000   52.04000   65.79400    4.00000    0.89300    1.91800    0.73200    2.00000    4.26300
   0.00000   12.03000   18.01100    1.00000   -0.17200    1.15500    2.17700    1.00000    2.95800
   0.00000   12.03000   18.01100    1.00000    0.81700    1.80000    1.48800    1.00000    3.93000
   0.00000    0.00000    0.00000    0.00000    6.47000    2.80500    0.46900    0.00000    8.78000
   0.00000   28.24000    0.00000    0.00000    4.76000    2.99500    0.65000    0.00000    6.02700
   0.00000   32.67000   47.53600    0.00000    3.22300    2.77300    0.88100    2.00000    4.40300
   1.00000   26.30000   36.14500    0.00000    0.58600    1.57700    1.88100    0.00000    2.09000
   0.00000   20.23000   42.68300    1.00000    1.20900    1.43000    0.47600    0.00000    3.00200
   2.00000   49.41000   71.18000    1.00000    4.76100    3.53700    1.14700    2.00000    4.30700
   0.00000   56.79000   76.15500    1.00000    1.06400    2.72000    1.34600    1.00000    6.88300
   0.00000    0.00000    0.00000    0.00000    2.60400    1.47500    0.50500    0.00000    3.46000
   0.00000    0.00000    0.00000    0.00000    3.12400    1.80000    1.41700    0.00000    4.34000
   1.00000   76.21000  117.51100    3.00000    1.11900    2.25000    0.37500    2.00000    3.64400
   0.00000   20.23000   42.68300    1.00000    0.80000    1.40100    1.69800    0.00000    1.82000
   0.00000   35.25000   43.89700    2.00000    1.24600    2.05600    1.08100    1.00000    5.57100
   0.00000   28.24000    0.00000    0.00000    2.85100    2.17600    0.65600    0.00000    3.35700
   1.00000   29.54000   39.26900    0.00000    3.02600    2.82800    1.24300    1.00000    4.33900
   0.00000   38.69000   64.68300    1.00000   -0.12900    2.15000    1.97100    0.00000    1.53000
   0.00000   26.02000   32.89700    2.00000    2.19300    2.03100    0.99200    1.00000    4.17900
   1.00000   37.30000   67.82800    1.00000    0.99600    1.74600    1.54700    0.00000    3.35800
   2.00000  110.45000  141.04700    1.00000    2.76700    3.48800    1.21600    2.00000    4.07100
   0.00000    0.00000    0.00000    0.00000    5.46900    2.57300    0.46500    0.00000    6.62300
   0.00000   12.03000   18.01100    1.00000    6.72800    4.39200    1.55400    1.00000    6.53700
   0.00000   18.46000   22.00000    0.00000    1.26200    2.14700    1.57600    0.00000    2.27200
   0.00000  107.02000   52.33000    0.00000    0.64000    2.61400    1.23300    1.00000    5.76200
   0.00000    0.00000    0.00000    0.00000    3.38600    2.28400    0.80500    0.00000    4.14700
   0.00000  111.87000  144.17700    1.00000    1.74800    2.37700    0.83900    2.00000    4.79000
   0.00000    0.00000    0.00000    0.00000    1.11500    1.00000    0.58800    0.00000    4.63200
   0.00000  164.90000  144.33300    4.00000    0.16000    3.32300    0.83300    4.00000    4.33000
   4.00000  155.68000  277.56200    4.00000   -1.35800    3.03300    1.55200    2.00000    3.10300
   0.00000  129.95000   30.53000    0.00000    1.14500    2.63700    1.44400    0.00000    9.15000
   1.00000   37.30000   67.82800    1.00000    0.58600    1.57700    1.56000    0.00000    3.16000
   0.00000   17.07000   25.14500    0.00000   -0.31700    1.15500    1.74000    0.00000    0.55000
   0.00000   20.23000   42.68300    1.00000    4.83300    2.91300    1.22900    0.00000    6.36000
   0.00000   29.46000   53.68300    1.00000   -0.08100    1.67800    1.95200    0.00000    1.07000
   0.00000   34.14000   50.29000    0.00000    0.07600    1.65400    1.49300    0.00000    3.32300
   0.00000   43.24000   59.40900    0.00000    4.39600    3.54200    0.91000    3.00000    4.57900
   1.00000   46.53000   78.82800    1.00000    2.35400    2.45500    0.74300    0.00000    3.78300
   0.00000   86.34000  105.33100    1.00000    1.61600    2.97000    0.98300    5.00000    4.16800
   0.00000   29.46000   53.68300    1.00000    2.73600    2.18700    0.62000    0.00000    5.37200
   0.00000    0.00000    0.00000    0.00000    2.60400    1.43000    0.50500    0.00000    3.84200
   0.00000   26.02000   32.89700    2.00000    3.31400    2.03100    0.36600    1.00000    4.76100
   0.00000   37.30000   67.82800    1.00000    3.69600    3.11700    1.14900    0.00000    5.17000
   0.00000    0.00000    0.00000    0.00000    5.98900    2.73300    0.52900    0.00000    6.98900
   0.00000   54.57000   41.02800    0.00000    5.65000    4.02600    1.57500    0.00000    7.10000
   4.00000  215.34000  327.62900    3.00000    0.18900    4.67700    1.33300    0.00000    6.06400
   0.00000    0.00000   44.88000    0.00000    2.41900    1.50900    0.73100    0.00000    3.95400
   0.00000    0.00000    0.00000    0.00000    3.94500    2.34400    0.67800    0.00000    5.50000
   0.00000   36.28000   22.15600    0.00000   -0.31700    1.22500    1.33300    0.00000    0.49500
   0.00000   12.53000   11.00000    0.00000   -0.56400    1.50000    1.73300    0.00000    2.33200
   0.00000   87.43000   55.41100    2.00000   -1.22200    1.57500    1.36200    1.00000    6.61800
   0.00000   91.64000  101.49400    0.00000    2.23900    2.33400    0.88400    2.00000    3.71800
   0.00000    0.00000    0.00000    0.00000    4.82300    2.29900    1.60000    0.00000    5.29900
   0.00000   94.83000  178.34000    3.00000    1.66100    3.39100    0.94200    0.00000    3.96100
   0.00000   54.57000   41.02800    0.00000    4.78900    3.58000    1.50500    0.00000    5.51200
   0.00000   84.13000   65.79400    4.00000   -1.43400    1.22500    0.33500    2.00000    3.88400
   0.00000   34.14000   50.29000    0.00000    0.07600    1.84000    1.49300    0.00000    3.78800
   0.00000    0.00000    0.00000    0.00000    2.94200    1.92400    1.06300    0.00000    3.52400
   0.00000  129.62000  165.83400    6.00000    2.70300    3.07800    0.77500    7.00000    4.40400
   1.00000  193.91000  332.83000    5.00000   -0.13900    4.73000    1.55100    1.00000    3.27700
   1.00000   92.35000  174.45500    1.00000    3.84000    3.37300    0.80200    1.00000    4.25700
   0.00000   40.46000   85.36700    2.00000    0.70600    1.76800    1.59400    0.00000    1.22000
   0.00000   57.53000  110.51200    2.00000    3.31000    3.26700    1.16900    0.00000    4.53500
   1.00000   46.53000   78.82800    1.00000    2.75800    2.85600    1.02200    0.00000    3.79400
   0.00000    0.00000    0.00000    0.00000    2.63800    1.40100    0.63200    0.00000    4.33000
   0.00000    9.23000   11.00000    0.00000    5.79900    2.93000    0.48600    0.00000    7.01900
   0.00000  115.41000   71.51200    0.00000    1.60200    2.68700    1.28800    1.00000    7.34100
   1.00000   35.53000   47.14500    0.00000    4.57900    3.87500    0.92700    0.00000    8.06700
   2.00000   88.90000   33.57100    0.00000    4.40500    2.45600    0.56800    2.00000    6.39900
   0.00000    0.00000    0.00000    0.00000    4.41600    2.60500    0.72300    0.00000    5.62600
   0.00000   20.23000   42.68300    1.00000    3.61700    2.07400    0.34000    0.00000    5.76000
   0.00000   82.67000   47.44700    1.00000    3.74700    2.93500    1.51300    1.00000    8.11300
   1.00000   46.53000   78.82800    1.00000    2.08600    2.45500    0.94100    0.00000    3.04700
   1.00000   35.53000   47.14500    0.00000    4.57900    3.87500    1.12400    0.00000    7.69300
   0.00000   26.02000   32.89700    2.00000    0.20200    1.33400    1.34700    1.00000    3.13300
   1.00000   69.48000  142.26200    0.00000    4.09600    3.88400    1.16900    2.00000    5.74200
   0.00000   91.64000  101.49400    0.00000    2.50700    2.33400    0.54300    2.00000    5.40200
   0.00000   12.03000   18.01100    1.00000    0.80000    1.50900    1.84600    1.00000    3.11800
   0.00000    0.00000    0.00000    0.00000    3.47800    1.90800    0.57500    0.00000    4.78700
   0.00000   75.99000   73.77400    1.00000    0.78700    2.26600    1.18500    2.00000    5.55100
   0.00000  347.32000  571.95200   18.00000   -6.44600    4.62400    1.39000    5.00000    3.08800
   0.00000   20.23000   42.68300    1.00000    1.85900    1.92400    0.94900    0.00000    3.71000
   1.00000   86.52000  117.43700    2.00000    2.03100    2.67900    1.19800    6.00000    6.44700
   0.00000   45.82000   50.74700    0.00000    2.57400    2.16800    1.01400    1.00000    3.97800
   0.00000    0.00000    0.00000    0.00000    3.37400    2.07500    1.20400    0.00000    3.79200
   0.00000   20.23000   42.68300    1.00000   -0.81400    1.00000    2.35300    0.00000    0.98900
   0.00000   20.23000   42.68300    1.00000    3.31400    2.02700    0.40900    0.00000    5.46100
   0.00000    9.23000   11.00000    0.00000    3.39500    2.69200    0.94100    0.00000    5.43300
   1.00000  182.83000  315.56100    5.00000    1.66200    5.83100    1.35100    0.00000    3.88400
   2.00000   61.52000   41.93000    0.00000    3.44700    2.30700    0.66200    1.00000    4.93200
   1.00000   44.45000   16.78600    0.00000    3.64800    2.42700    0.75700    1.00000    6.09900
   1.00000   43.09000   58.04200    2.00000   -0.38000    1.40100    1.15100    1.00000    2.64900
   0.00000   60.98000   61.40400    0.00000    3.42900    2.74900    1.08000    0.00000    5.30000
   0.00000    0.00000    0.00000    0.00000    5.16500    3.11100    0.73200    0.00000    6.21900
   1.00000   20.31000   28.26900    0.00000   -0.27300    1.40100    2.07300    1.00000    0.70400
   2.00000  124.73000   67.25700    0.00000    1.02000    2.96900    0.94600    1.00000    5.60000
   2.00000   52.60000   72.29000    0.00000    2.57700    2.70700    1.31300    0.00000    3.60300
   0.00000   82.48000   37.55000    0.00000    3.21300    2.80600    1.17200    1.00000    8.84900
   0.00000    0.00000    0.00000    0.00000    3.25900    2.04800    1.11100    0.00000    3.77200
   1.00000   75.01000  128.30600    1.00000    1.14600    3.50500    1.23200    3.00000    3.67400
   0.00000    0.00000    0.00000    0.00000    2.41900    1.22500    0.66700    0.00000    3.74000
   0.00000    0.00000    0.00000    0.00000    3.51600    1.67800    1.66700    0.00000    4.34000
   0.00000   56.15000   36.02200    2.00000    0.59000    1.87900    1.00100    2.00000    2.83800
   0.00000   62.73000   86.37800    2.00000    2.27300    2.47800    1.25400    5.00000    3.33100
   0.00000    9.23000   11.00000    0.00000    2.72300    2.32100    1.16500    0.00000    7.33700
   0.00000   39.94000  104.28900    0.00000    4.28100    3.35700    1.00200    3.00000    4.71300
   1.00000   26.30000   36.14500    0.00000    2.75400    2.45400    1.42100    0.00000    4.88600
   1.00000   74.92000  138.78300    1.00000    3.16000    2.82700    1.14000    2.00000    5.30100
   1.00000   37.30000   67.82800    1.00000    0.13300    1.40100    1.58200    0.00000    3.17000
   1.00000   36.26000   60.14400    0.00000    3.30000    3.46900    1.10200    2.00000    4.92000
   1.00000   35.53000   47.14500    0.00000    3.96700    3.36800    1.53300    0.00000    5.47500
   0.00000   17.07000   25.14500    0.00000    1.76900    1.98900    0.92700    0.00000    3.97600
   0.00000   77.76000  153.19500    3.00000    0.55900    2.13700    0.76700    0.00000    3.66900
   0.00000    7.76000    0.00000    0.00000    1.58600    2.67400    1.16600    2.00000    4.82300
   0.00000    9.23000   11.00000    0.00000    4.19000    2.22500    0.58000    0.00000    7.01200
   1.00000  114.76000   56.99900    1.00000   -0.75500    2.21400    1.03300    1.00000    5.13000
   0.00000   71.84000   83.64400    2.00000    1.96900    2.16800    0.53100    2.00000    4.48900
   0.00000    0.00000    0.00000    0.00000    2.74600    1.66700    1.40000    0.00000    3.80900
   2.00000   52.60000   72.29000    0.00000    4.73700    3.90700    1.59500    0.00000    5.74900
   0.00000    0.00000    0.00000    0.00000    4.63400    2.02700    0.46100    0.00000    4.87400
   1.00000   74.57000  132.19300    2.00000    1.67100    3.50100    1.09500    3.00000    3.74200
   1.00000   87.66000  139.99500    3.00000    1.58900    3.51400    1.33900    2.00000    3.81900
   0.00000  111.87000  144.17700    1.00000    1.39500    2.33400    0.71600    2.00000    4.60600
   0.00000   20.23000   42.68300    1.00000    3.12700    2.57000    0.79700    0.00000    5.38000
   0.00000   20.23000   42.68300    1.00000    2.29600    1.92400    0.52100    0.00000    4.46400
   0.00000   93.06000  157.65600    2.00000    2.01400    3.76700    1.18900    0.00000    4.33300
   0.00000   50.93000    0.00000    0.00000    0.55200    2.48500    1.14700    3.00000    2.54000
   0.00000   38.57000    6.24900    0.00000    0.59000    1.70000    1.19000    2.00000    2.23200
   2.00000  122.22000  155.54300    2.00000    1.40600    3.51100    1.45600    5.00000    2.59300
   0.00000   13.14000    9.50700    0.00000    3.74300    2.99500    0.78300    0.00000    4.73700
   0.00000    0.00000    0.00000    0.00000    3.47800    1.91800    0.57500    0.00000    4.30400
