  -0.92936   -0.99876   -0.60000   -0.78959    1.00000   -0.76173    0.56505   -0.03605   -0.25755   -0.65217   -0.88931   -0.51064    0.90000   46.00000
  -0.48179   -0.98688   -1.00000    0.57111   -1.00000   -0.01646    0.07722    0.95675   -0.78216   -0.73913   -0.04580    0.82979    0.94382   23.00000
  -0.72296   -0.99930   -1.00000   -0.65323   -1.00000   -0.46502    0.05346   -0.26673   -0.03085   -0.65217   -0.85878    0.61702    0.96218   20.70000
   0.25993   -0.82047   -1.00000    0.29326   -1.00000    0.29630   -0.24928    1.00000   -0.92662    1.00000    0.82824    0.61702    1.00000   12.30000
  -0.70144   -0.99927    0.05000   -0.64370   -1.00000   -0.91770    0.01475   -0.41504    0.12534   -0.56522   -0.59542   -0.14894    1.00000   23.20000
  -0.79194   -0.97152   -1.00000    0.40176    1.00000   -0.09465    0.03047    0.84758   -0.87837   -0.65217   -0.17557   -0.55319    0.70760   27.00000
   0.06457   -0.97200   -1.00000   -0.43695   -1.00000   -0.37037   -0.23012    0.96086   -0.51472   -0.73913   -0.54199    0.78723    0.89747   13.60000
  -0.82837   -0.99728   -1.00000   -0.52713   -1.00000   -0.74074    0.22974   -1.00000   -0.16498   -0.82609   -0.82443    0.12766    0.94205   26.60000
  -0.45254   -0.98807   -1.00000   -0.57918   -1.00000   -0.51029   -0.07262    0.34294   -0.53771   -0.39130   -0.54199    0.02128    0.90645   24.30000
  -0.29029   -0.99222   -1.00000    0.57111   -1.00000   -0.01646    0.10864    0.96704   -0.86902   -0.73913   -0.04580    0.82979    0.98578   17.10000
   0.80132   -0.57728   -1.00000    0.29326   -1.00000   -0.12757   -0.59111    1.00000   -0.92283    1.00000    0.82824    0.61702   -0.85642   17.90000
  -0.59382   -0.99912   -1.00000   -0.79619   -1.00000   -0.69136   -0.01016   -0.39650   -0.13721   -0.73913   -0.07252   -0.08511    0.85713   19.80000
  -0.92108   -0.98799   -0.60000   -0.74267   -1.00000   -0.21811    0.49799    0.02369   -0.68311   -0.65217   -0.70611   -0.91489    0.96671   43.50000
  -0.68764   -0.96811   -1.00000    0.40176   -1.00000    1.00000    0.13010    1.00000   -0.88428   -0.65217   -0.17557   -0.55319    0.83565   23.30000
  -0.58996   -0.99250   -0.56000   -0.60411   -1.00000   -0.81070   -0.02395   -0.34089    0.25961   -0.47826   -0.45420    0.38298    0.96611   24.30000
  -0.12528   -0.99793   -1.00000    0.84677   -1.00000   -0.19342   -0.11171    0.91349   -0.84055   -0.91304   -0.99618    0.38298    0.91165   18.80000
  -0.25828   -0.68738   -1.00000    0.29326   -1.00000    0.34979    0.01437    0.89701   -0.80129    1.00000    0.82824    0.61702   -0.49412   11.70000
  -0.35982   -0.69617   -1.00000    0.29326   -1.00000    0.01235   -0.88427    1.00000   -0.93071    1.00000    0.82824    0.61702   -0.33885   23.10000
  -0.09492   -0.89331   -1.00000    0.29326   -1.00000    0.34979    0.13585    0.72194   -0.76244    1.00000    0.82824    0.61702   -0.74482   14.10000
  -0.46578   -0.99795   -1.00000   -0.59677   -1.00000   -0.53086   -0.12627    0.20494   -0.59110   -0.65217   -0.64886    0.40426    0.90247   20.00000
  -0.12197   -0.80924   -1.00000    0.29326   -1.00000   -0.18107    0.06802    0.71370   -0.83212    1.00000    0.82824    0.61702   -0.58077   14.50000
  -0.82947   -0.99810   -1.00000   -0.85337   -1.00000   -0.57613    0.37728    0.83934   -0.71428   -0.82609   -0.97710    0.10638    0.98598   37.90000
  -0.54525   -0.99229   -1.00000   -0.30792   -1.00000   -0.34568   -0.07607    0.52008   -0.64119   -0.73913   -0.55344    0.23404    0.99667   20.30000
  -0.52759   -0.86929   -1.00000    0.29326   -1.00000    0.34979    0.13125    0.79197   -0.69591    1.00000    0.82824    0.61702    0.98447   20.20000
  -0.45309   -0.94973   -1.00000    0.40176   -1.00000   -0.09465   -0.12129    0.83110   -0.76495   -0.65217   -0.17557   -0.55319    0.99097   22.70000
  -0.72406   -0.99766   -0.50000   -0.65763   -1.00000   -0.72016    0.10941    0.33677    0.10866   -0.39130   -0.62977    0.51064    1.00000   22.20000
  -0.90011   -0.99185   -0.56000   -0.60411   -1.00000   -0.81070    0.80034   -0.88671    0.41442   -0.47826   -0.45420    0.38298    1.00000   42.80000
   0.21192   -0.46854   -1.00000    0.29326   -1.00000    0.17696    0.08028    0.92173   -0.95335    1.00000    0.82824    0.61702    1.00000   13.10000
  -0.46744   -0.99760   -0.40000   -0.67229   -1.00000   -0.82305    0.27841    0.05870   -0.05310   -0.56522   -0.56870   -0.14894    0.97151   22.00000
  -0.67936   -0.99575   -1.00000   -0.24120   -1.00000   -0.88477    0.02855   -0.93203   -0.24384   -0.73913   -0.54962    0.40426    0.90050   23.40000
   0.20695   -0.79362   -1.00000    0.29326   -1.00000    0.29630   -0.24315    1.00000   -0.91801    1.00000    0.82824    0.61702    1.00000   11.30000
  -0.83444   -0.98864   -1.00000   -0.57918   -1.00000   -0.49794    0.45507    0.41504   -0.45104   -0.39130   -0.54199    0.02128    0.96555   31.50000
   0.94536    0.02821   -1.00000    0.29326   -1.00000    0.26749   -0.63288    1.00000   -0.90386    1.00000    0.82824    0.61702   -0.55646    7.00000
  -0.22130   -0.99697   -1.00000   -0.01320   -1.00000   -0.78601   -0.14581    0.13491   -0.05602   -0.73913   -0.61069   -0.27660    1.00000   20.30000
   0.07671   -0.77931   -1.00000    0.29326   -1.00000    0.17696    0.23893    0.97528   -0.95846    1.00000    0.82824    0.61702    1.00000   13.30000
  -0.17163   -0.81473   -1.00000    0.29326   -1.00000    0.34979    0.46848    0.98558   -0.75937    1.00000    0.82824    0.61702    0.89394   17.80000
  -0.87748   -0.99269   -1.00000   -0.57918   -1.00000   -0.49794    0.79575    0.39032   -0.54127   -0.39130   -0.54199    0.02128    0.90948   48.30000
  -0.76490   -0.99980    0.60000   -0.88636   -1.00000   -0.79424    0.17800   -0.44799    0.31208   -0.73913   -0.64504   -0.06383    0.96994   24.50000
  -0.47461   -0.98159   -0.60000   -0.74267   -1.00000    0.07819    0.44319    0.88671   -0.82737   -0.65217   -0.70611   -0.91489    0.98245   31.00000
  -0.80132   -0.99864   -1.00000   -0.73680   -1.00000   -0.48560    0.14390   -0.37796   -0.63577   -0.65217   -0.58397   -0.14894    0.97004   29.40000
  -0.62804   -0.98604   -1.00000   -0.43695   -1.00000   -0.37037   -0.12895    0.10402   -0.38728   -0.73913   -0.54199    0.78723    0.99355   19.90000
  -0.19592   -0.98328   -1.00000   -0.43695   -1.00000   -0.37037   -0.09446    0.87848   -0.40529   -0.73913   -0.54199    0.78723    0.98704   15.60000
  -0.07671   -0.98790   -1.00000    0.57111   -1.00000   -0.01646   -0.00747    0.95675   -0.90195   -0.73913   -0.04580    0.82979    1.00000   17.80000
  -0.78422   -0.99878   -1.00000   -0.15909   -1.00000   -0.22634    0.30868    0.81462   -0.81124   -1.00000   -0.67176    0.78723    1.00000   23.90000
  -0.28477   -0.99701   -1.00000   -0.73680   -1.00000   -0.48560   -0.22935    0.76313   -0.73329   -0.65217   -0.58397   -0.14894    1.00000   23.10000
   0.00166   -0.97792   -1.00000   -0.43695   -1.00000   -0.37037   -0.13700    1.00000   -0.46065   -0.73913   -0.54199    0.78723    0.98810   14.50000
  -0.61700   -0.99806   -0.32000   -0.58724   -1.00000   -0.80247    0.12435   -0.68074   -0.20667   -0.47826   -0.45801   -0.25532    0.93298   26.40000
  -0.83002   -0.99985    0.80000   -0.94428   -1.00000   -0.92593    0.41330   -0.60865    0.37621   -0.65217   -0.85115    0.12766    0.99511   35.40000
  -0.43157   -0.85528   -1.00000    0.29326   -1.00000   -0.18107    0.09753    0.48095   -0.80525    1.00000    0.82824    0.61702   -0.50764   16.10000
  -0.14238   -0.88572   -1.00000    0.29326   -1.00000    0.34979    0.04848    0.83110   -0.77474    1.00000    0.82824    0.61702    0.94044   16.10000
  -0.13300   -0.84913   -1.00000    0.29326   -1.00000    0.34979    0.22169    0.84758   -0.78285    1.00000    0.82824    0.61702   -1.00000   13.40000
  -0.02980   -0.83096   -1.00000    0.29326   -1.00000    0.34979    0.09446    0.96498   -0.80805    1.00000    0.82824    0.61702    0.53255   13.00000
  -0.20088   -0.99737   -1.00000   -0.29985   -1.00000   -0.33333   -0.09868    0.85376   -0.77743   -0.56522   -0.06489    0.10638    0.99017   18.80000
  -0.83996   -0.98830   -1.00000   -0.57918   -1.00000   -0.51029    0.97892    0.64985   -0.67904   -0.39130   -0.54199    0.02128    0.92486   50.00000
  -0.51876   -0.98302   -0.60000   -0.74267   -1.00000    0.07819   -0.23395    0.23378   -0.84416   -0.65217   -0.70611   -0.91489    0.97731   22.80000
  -0.30243   -0.99859   -1.00000    0.84677   -1.00000   -0.19342   -0.11516    0.37590   -0.79483   -0.91304   -0.99618    0.38298    0.96092   22.00000
  -0.02649   -0.86814   -1.00000    0.29326   -1.00000    0.26749    0.08986    0.91761   -0.90048    1.00000    0.82824    0.61702    1.00000   12.50000
  -0.76545   -0.98237   -1.00000   -0.30792   -1.00000   -0.34568   -0.01859    0.02781   -0.72525   -0.73913   -0.55344    0.23404    1.00000   22.10000
  -0.37196   -0.67793   -1.00000    0.29326   -1.00000   -0.05761    0.02242    0.75283   -0.85058    1.00000    0.82824    0.61702    0.93151   21.40000
   0.43378   -0.96894   -1.00000   -0.43695   -1.00000   -0.37037   -0.08450    0.62925   -0.47978   -0.73913   -0.54199    0.78723    0.17142   13.20000
   0.53422   -0.94690   -1.00000    0.40176   -1.00000    1.00000   -0.47691    0.91143   -0.93976   -0.65217   -0.17557   -0.55319    0.97383   14.60000
  -0.71358   -0.99865   -1.00000   -0.73680   -1.00000   -0.48560    0.26423    0.47271   -0.67524   -0.65217   -0.58397   -0.14894    0.97161   29.90000
  -0.40949   -0.99816   -0.75000   -0.45674   -1.00000   -0.42798   -0.06074    0.31205   -0.19415   -0.65217   -0.52672   -0.44681    0.99344   22.90000
  -0.43433   -0.97761   -1.00000   -0.43695   -1.00000   -0.37037    0.19295    0.73841   -0.43449   -0.73913   -0.54199    0.78723    0.91593   21.00000
  -0.62031   -0.99909    0.60000   -0.92229   -1.00000   -0.92181    0.35888   -0.30587    0.12384   -0.91304   -0.45801   -1.00000    0.78521   30.30000
   0.16722   -0.78904   -1.00000    0.29326   -1.00000    0.46091   -0.20828    0.87436   -0.87495    1.00000    0.82824    0.61702    1.00000   12.80000
  -0.65342   -0.99925   -1.00000   -0.65323   -1.00000   -0.46502   -0.05116   -0.34913   -0.11690   -0.65217   -0.85878    0.61702    1.00000   21.10000
  -0.75773   -0.99247   -1.00000   -0.49267   -1.00000   -0.55556    0.09370   -0.23378   -0.34682   -0.65217   -0.61832    0.48936    1.00000   25.00000
  -0.24724   -0.99721   -1.00000   -0.29985   -1.00000   -0.33333   -0.11439    0.44593   -0.75486   -0.56522   -0.06489    0.10638    0.70614   20.40000
  -0.57119   -0.99935   -0.32000   -0.58724   -1.00000   -0.80247    0.16076   -0.22760   -0.20667   -0.47826   -0.45801   -0.25532    0.99420   22.00000
   0.22792   -0.99170   -1.00000   -0.25733    1.00000   -0.57202   -0.29373    0.76519   -0.53889   -0.73913   -0.65649    0.27660    0.99163   19.30000
  -0.80905   -0.99727   -0.40000   -0.67229   -1.00000   -0.82305    0.08527   -0.89907    0.07410   -0.56522   -0.56870   -0.14894    0.88809   23.70000
  -1.00000   -0.96725   -1.00000    0.40176   -1.00000   -0.09465    0.50527    0.81051   -0.84699   -0.65217   -0.17557   -0.55319    0.88668   50.00000
  -0.76545   -0.99875   -0.20000   -0.94208   -1.00000   -0.81893    0.12244   -0.14521    0.39358   -1.00000   -0.43511    0.51064    1.00000   22.90000
  -0.36976   -0.99679   -0.50000   -0.65763   -1.00000   -0.72016   -0.16459    0.30381    0.10864   -0.39130   -0.62977    0.51064    0.99097   18.70000
  -0.29912   -0.97300   -1.00000    0.40176   -1.00000   -0.09465   -0.11324    0.88877   -0.76424   -0.65217   -0.17557   -0.55319    0.47244   17.40000
   0.36258   -0.90803   -1.00000    0.40176   -1.00000    1.00000   -0.26921    1.00000   -0.94868   -0.65217   -0.17557   -0.55319    1.00000   15.60000
  -0.92384   -0.99965    0.65000   -0.88490   -1.00000   -0.87654    0.55164   -0.73635   -0.06512   -0.91304   -0.38550   -0.55319    0.99233   42.30000
  -0.61810   -0.99958   -1.00000   -0.89516   -1.00000   -0.45267    0.14160    0.16993   -0.06568   -1.00000   -0.10305   -0.29787    0.96500   16.50000
  -0.14569    1.00000   -1.00000    0.29326   -1.00000    0.17696    0.30561    0.83316   -0.94782    1.00000    0.82824    0.61702    1.00000   10.40000
  -0.73510   -0.99885   -1.00000   -0.70454   -1.00000   -0.73663    0.17609    0.09578   -0.39836   -0.82609   -0.77099    0.25532    0.97680   26.60000
  -0.22903   -0.84228   -1.00000    0.29326   -1.00000    0.37037   -0.06304    0.90319   -0.86451    1.00000    0.82824    0.61702    0.61208   14.20000
  -0.24614   -0.99283   -1.00000    0.57111   -1.00000   -0.01646    0.09983    0.97528   -0.87580   -0.73913   -0.04580    0.82979    1.00000   18.00000
  -0.43157   -0.94813   -1.00000    0.40176   -1.00000   -0.09465   -0.11132    0.94439   -0.77101   -0.65217   -0.17557   -0.55319    0.75405   19.10000
  -0.38190   -0.99970    0.60000   -0.90469   -1.00000   -1.00000    0.02280   -0.41092    0.44761   -1.00000   -0.79389    0.19149    0.72112   20.10000
  -0.42550   -0.95967   -1.00000    0.40176   -1.00000   -0.09465   -0.11247    0.57158   -0.76424   -0.65217   -0.17557   -0.55319    0.14625   23.80000
  -0.56181   -0.99873   -1.00000   -0.15909   -1.00000   -0.22634    0.16191    0.36354   -0.75466   -1.00000   -0.67176    0.78723    0.97524   22.40000
  -0.67605   -0.99911    0.05000   -0.64370   -1.00000   -0.91770    0.05537   -0.12049    0.12534   -0.56522   -0.59542   -0.14894    1.00000   22.30000
  -0.68101   -0.99934   -0.50000   -0.67742   -1.00000   -0.83128   -0.00134   -0.09784   -0.22322   -0.73913   -0.64122    0.36170    0.96843   22.90000
  -0.49503   -0.99271   -1.00000   -0.57918   -1.00000   -0.49794   -0.03238    0.20700   -0.54127   -0.39130   -0.54199    0.02128    0.89838   24.00000
   0.59271   -0.13801   -1.00000    0.29326   -1.00000    0.26749   -0.27496    1.00000   -0.93453    1.00000    0.82824    0.61702    1.00000    5.00000
   0.08113   -0.90073   -1.00000    0.29326   -1.00000   -0.18107   -0.06419    0.88671   -0.74344    1.00000    0.82824    0.61702    0.66912   19.10000
  -0.35927   -0.94667   -1.00000    0.29326   -1.00000   -0.18518   -0.11477   -0.19670   -0.52816    1.00000    0.82824    0.61702    0.86802   20.60000
  -0.43101   -0.99718   -1.00000   -0.29985   -1.00000   -0.33333    0.00211    0.43357   -0.70892   -0.56522   -0.06489    0.10638    0.98185   21.20000
  -0.32395   -0.99827   -1.00000   -0.85337   -1.00000   -0.57613   -0.21709    0.78991   -0.66203   -0.82609   -0.97710    0.10638    0.97025   26.40000
  -0.20144   -0.99520   -1.00000   -0.52713   -1.00000   -0.74074   -0.21786    0.21730   -0.09827   -0.82609   -0.82443    0.12766    1.00000   19.40000
  -0.38521   -0.90936   -1.00000    0.29326   -1.00000   -0.39506    0.02242    0.80844   -0.64177    1.00000    0.82824    0.61702    0.99208   19.60000
  -0.76159   -0.99779   -0.20000   -0.56378    1.00000   -0.74486    0.42019   -0.05046   -0.33479   -0.73913   -0.74428    0.06383    0.96142   33.20000
  -0.91556   -0.89003   -1.00000    0.29326   -1.00000    0.01235   -0.46005    1.00000   -0.96310    1.00000    0.82824    0.61702    0.89218   50.00000
  -0.98951   -0.95892   -1.00000    0.40176    1.00000   -0.09465    0.62522    0.96293   -0.83430   -0.65217   -0.17557   -0.55319    0.96324   50.00000
  -0.47075   -0.94508   -1.00000    0.40176   -1.00000   -0.09465    0.08871    0.90113   -0.79396   -0.65217   -0.17557   -0.55319    0.66282   22.30000
  -0.56457   -0.99900   -1.00000   -0.70454   -1.00000   -0.73663    0.08373   -0.07106   -0.33621   -0.82609   -0.77099    0.25532    1.00000   23.90000
  -0.95916   -0.98721   -1.00000   -0.57918   -1.00000   -0.49794    0.83024    0.45005   -0.50735   -0.39130   -0.54199    0.02128    0.94458   41.70000
  -0.15232   -0.99515   -1.00000   -0.29985   -1.00000   -0.33333   -0.03008    0.90525   -0.74204   -0.56522   -0.06489    0.10638    1.00000   18.70000
  -0.06015   -0.88116   -1.00000    0.29326   -1.00000    0.29630   -0.04579    0.63955   -0.81118    1.00000    0.82824    0.61702    0.90660   23.20000
  -0.67826   -0.99866   -1.00000   -0.85337   -1.00000   -0.57613    0.61104    0.65602   -0.70694   -0.82609   -0.97710    0.10638    0.99324   39.80000
  -0.57009   -0.99645   -0.56000   -0.60411   -1.00000   -0.81070    0.10059   -0.04840    0.21796   -0.47826   -0.45420    0.38298    0.88809   24.50000
  -0.15177   -0.99632   -0.75000   -0.45674   -1.00000   -0.42798   -0.06381    0.70958   -0.00654   -0.65217   -0.52672   -0.44681    0.94861   18.90000
  -0.46965   -0.99756   -1.00000   -0.82185   -1.00000   -0.75309   -0.00287    0.37384   -0.56977   -0.91304   -0.66031    0.14894    0.97443   21.40000
  -0.26656   -0.75090   -1.00000    0.29326   -1.00000    0.37037    0.09216    1.00000   -0.86736    1.00000    0.82824    0.61702    0.60588   16.70000
  -0.56899   -0.98844   -1.00000   -0.57918    1.00000   -0.49794    0.17647    0.51596   -0.45104   -0.39130   -0.54199    0.02128    0.95739   25.10000
  -0.84216   -0.99931   -0.60000   -0.78959   -1.00000   -0.76173    0.30561   -0.29351   -0.25159   -0.65217   -0.88931   -0.51064    0.97645   35.40000
  -0.72130   -0.99837   -1.00000   -0.09311   -1.00000   -0.78601    0.03928   -0.93615   -0.43222   -0.65217   -0.19466    0.29787    0.99001   24.10000
  -0.53035   -0.99916    0.60000   -0.78666   -1.00000   -0.94650   -0.14696   -0.41916   -0.00301   -0.73913   -0.42748   -0.25532    1.00000   19.40000
   0.02539   -0.78443   -1.00000    0.29326   -1.00000    0.26749    0.08948    1.00000   -0.90736    1.00000    0.82824    0.61702    0.89515   12.10000
  -0.53753    0.14937   -1.00000    0.29326   -1.00000   -0.12757   -0.15846    1.00000   -0.94846    1.00000    0.82824    0.61702   -0.98850   15.00000
  -0.53201   -0.99629   -1.00000   -0.52713   -1.00000   -0.74074   -0.18720   -0.36354   -0.27783   -0.82609   -0.82443    0.12766    1.00000   19.30000
  -0.80353   -0.99922   -0.50000   -0.67742   -1.00000   -0.83128    0.21326   -0.36972   -0.22322   -0.73913   -0.64122    0.36170    1.00000   28.00000
  -0.88797   -0.99934   -0.60000   -0.78959   -1.00000   -0.76173    0.63211    0.26880   -0.35162   -0.65217   -0.88931   -0.51064    0.95164   45.40000
  -0.66887   -0.99757   -0.60000   -0.52346   -1.00000   -0.67490    0.14083    0.14933   -0.49297   -0.82609   -0.86260    0.27660    0.99022   24.40000
  -0.51600   -0.99757   -1.00000   -0.01540    1.00000   -0.32099    0.07760    0.84346   -0.59376   -0.65217   -0.66031   -0.19149    0.98406   23.00000
  -0.05795   -0.99499   -1.00000   -0.52713   -1.00000   -0.74074   -0.05384    0.70134   -0.17071   -0.82609   -0.82443    0.12766    0.97902   16.60000
  -0.84989   -0.99888   -1.00000   -0.85337   -1.00000   -0.57613    0.63633    0.04428   -0.62360   -0.82609   -0.97710    0.10638    0.97847   50.00000
  -0.58278   -0.99876   -1.00000   -0.65323   -1.00000   -0.46502   -0.07760    0.14521   -0.33025   -0.65217   -0.85878    0.61702    1.00000   18.70000
  -0.79194   -0.99887   -1.00000   -0.78372   -1.00000   -0.57202    0.32056    0.71782   -0.58314   -0.91304   -0.68321    0.10638    1.00000   23.60000
  -0.85706   -0.99952    0.50000   -0.81745   -1.00000   -0.82305    0.16267   -0.61071   -0.22314   -0.82609   -0.75191    0.21277    0.99360   30.80000
   0.18709   -0.65648   -1.00000    0.29326   -1.00000    0.17696    0.18337    0.86200   -0.96084    1.00000    0.82824    0.61702    0.82914   13.90000
  -0.26600   -0.99273   -1.00000    0.57111   -1.00000   -0.01646   -0.13355    0.90525   -0.75624   -0.73913   -0.04580    0.82979    0.95860   18.40000
  -0.55960   -0.99209   -1.00000   -0.57918    1.00000   -0.49794    0.29910    0.76313   -0.68498   -0.39130   -0.54199    0.02128    0.97378   26.70000
  -0.63024   -0.99902   -0.58000   -0.62024   -1.00000   -0.77778   -0.06610   -0.61895    0.03395   -0.73913   -0.78626   -0.10638    1.00000   23.40000
  -0.72682   -0.99837   -0.10000   -0.78153   -1.00000   -0.78601    0.23434   -0.21318   -0.51641   -0.65217   -0.19466   -0.44681    0.98472   32.00000
  -0.64846   -0.98778   -0.60000   -0.74267   -1.00000    0.07819    0.39682    0.82698   -0.85441   -0.65217   -0.70611   -0.91489    0.95456   36.50000
  -0.69868   -0.99835   -0.20000   -0.56378   -1.00000   -0.74486    0.11937   -0.39856   -0.45245   -0.73913   -0.74428    0.06383    1.00000   29.10000
  -0.66225   -0.99994    0.80000   -0.81598   -1.00000   -0.93827    0.35160   -0.63131    0.12353   -1.00000   -0.62595   -0.42553    0.98901   32.20000
  -0.52373   -0.99110   -1.00000   -0.30792   -1.00000   -0.34568    0.08105    0.32441   -0.56299   -0.73913   -0.55344    0.23404    0.99148   23.10000
   0.50773   -0.59361   -1.00000    0.29326   -1.00000    0.20988    0.10098    1.00000   -0.87176    1.00000    0.82824    0.61702   -0.86419    7.20000
  -0.65121   -0.99918    0.60000   -0.89370   -1.00000   -0.88477   -0.19448   -0.60865    0.71978   -0.73913   -0.43893    1.00000    0.92889   18.20000
  -0.86589   -0.99877   -0.20000   -0.56378    1.00000   -0.74486    0.25120   -0.49125   -0.32104   -0.73913   -0.74428    0.06383    0.98260   33.10000
  -0.18653   -0.99716   -1.00000   -0.40616   -1.00000   -0.44444   -0.12244    0.93203   -0.82226   -0.65217   -0.24809    0.76596    0.98563   19.50000
  -0.48289   -0.94843   -1.00000    0.40176   -1.00000   -0.09465    0.05691    0.91967   -0.82351   -0.65217   -0.17557   -0.55319    0.49665   23.80000
   0.27925   -0.66242   -1.00000    0.29326   -1.00000   -0.05761   -0.33206    0.94439   -0.82339    1.00000    0.82824    0.61702    0.76086   12.00000
  -0.44757   -0.99376   -1.00000   -0.49267   -1.00000   -0.55556   -0.17724    0.47065   -0.34682   -0.65217   -0.61832    0.48936    0.97090   18.50000
  -0.22958   -0.72483   -1.00000    0.29326   -1.00000   -0.18107   -0.12780    0.16993   -0.84214    1.00000    0.82824    0.61702   -0.87730   10.20000
  -0.34216   -0.99810   -0.60000   -0.52346    1.00000   -0.67490   -0.09600    0.20700   -0.49297   -0.82609   -0.86260    0.27660    0.97196   20.70000
  -0.22848   -0.99803   -0.75000   -0.45674   -1.00000   -0.42798   -0.10787   -0.25644   -0.21409   -0.65217   -0.52672   -0.44681    0.96772   21.70000
  -0.69481   -0.98813   -0.60000   -0.74267   -1.00000    0.07819    0.51715    0.78167   -0.81627   -0.65217   -0.70611   -0.91489    0.95698   43.10000
  -0.39790   -0.94090   -1.00000   -0.30792   -1.00000   -0.34568   -0.45890   -0.28115   -0.74724   -0.73913   -0.55344    0.23404    0.76575   16.10000
  -0.85375   -0.99982    0.20000   -0.81891   -1.00000   -0.93416    0.16612   -0.67250   -0.07428   -1.00000   -0.70229   -0.36170    0.89813   29.10000
  -0.32340   -0.85054   -1.00000    0.29326   -1.00000    0.34979    0.05614    0.64985   -0.70814    1.00000    0.82824    0.61702    1.00000   19.50000
  -0.38576   -0.99898   -1.00000   -0.70454   -1.00000   -0.73663   -0.05959   -0.13079   -0.40027   -0.82609   -0.77099    0.25532    0.99541   22.50000
   0.19260   -0.53445   -1.00000    0.29326   -1.00000    0.12757   -0.77889    1.00000   -0.99118    1.00000    0.82824    0.61702    0.86545   11.90000
  -0.12417   -0.79821   -1.00000    0.29326    1.00000    0.58436    0.01590    0.94645   -0.81948    1.00000    0.82824    0.61702    0.90332   17.80000
   0.54249   -0.99548   -1.00000    1.00000   -1.00000   -0.07819   -0.41291    0.95880   -0.87396   -0.73913    1.00000    0.59574    0.60427    8.10000
   0.53532   -0.99363   -1.00000   -0.25733   -1.00000   -0.57202   -0.29067   -0.85788   -0.55298   -0.73913   -0.65649    0.27660    0.75808   23.70000
  -0.83609   -0.99933    0.60000   -0.67082   -1.00000   -0.89300    0.17609   -0.57776   -0.27487   -0.73913   -0.77863    0.40426    1.00000   27.90000
  -0.81291   -0.98640   -0.60000   -0.74267   -1.00000    0.07819    0.97088    0.73018   -0.87789   -0.65217   -0.70611   -0.91489    0.96369   50.00000
  -0.72848   -0.99740   -1.00000   -0.82185   -1.00000   -0.75309    0.17417    0.13079   -0.56977   -0.91304   -0.66031    0.14894    0.80372   28.40000
  -0.74062   -0.96996   -1.00000    0.40176   -1.00000   -0.09465   -0.04005    1.00000   -0.88584   -0.65217   -0.17557   -0.55319    0.78309   24.30000
  -0.53477   -0.99787   -1.00000   -0.29985   -1.00000   -0.33333    0.20866    0.62101   -0.71848   -0.56522   -0.06489    0.10638    0.99339   22.80000
  -0.31567   -0.92903   -1.00000    0.29326   -1.00000    0.11111   -0.15769   -0.06694   -0.64774    1.00000    0.82824    0.61702    0.68480   19.90000
  -0.89735   -0.99533   -0.56000   -0.60411   -1.00000   -0.81070    0.10251   -0.87642    0.13979   -0.47826   -0.45420    0.38298    0.90000   24.80000
   0.06788   -0.64329   -1.00000    0.29326   -1.00000    0.17696    0.14351    0.98146   -0.92914    1.00000    0.82824    0.61702    1.00000   10.90000
  -0.73786   -0.99768   -1.00000   -0.15909   -1.00000   -0.22634    0.23893    0.77961   -0.77097   -1.00000   -0.67176    0.78723    0.98260   22.00000
  -0.69923   -0.99957    0.10000   -0.75660   -1.00000   -0.59259    0.20138    0.10196   -0.16295   -0.65217   -0.30153    0.06383    1.00000   23.90000
  -0.33223   -0.98099   -1.00000   -0.43695   -1.00000   -0.37037   -0.07875    0.77755   -0.47573   -0.73913   -0.54199    0.78723    0.97796   19.60000
  -0.52152   -0.99830   -1.00000   -0.01320   -1.00000   -0.78601   -0.06189   -0.18847   -0.20467   -0.73913   -0.61069   -0.27660    1.00000   21.70000
   0.60486   -0.99444   -1.00000   -0.52713   -1.00000   -0.74074   -0.29565    0.90319   -0.13787   -0.82609   -0.82443    0.12766    1.00000   14.40000
  -0.51104   -0.99918   -0.44000    0.06892   -1.00000   -0.67490    0.03008    0.53244   -0.54798   -0.73913   -0.68321    0.19149    1.00000   20.60000
   0.07561   -0.68429   -1.00000    0.29326   -1.00000   -0.12757    0.18643    1.00000   -0.92763    1.00000    0.82824    0.61702   -0.82485   17.20000
  -0.67605   -0.98632   -1.00000   -0.57918   -1.00000   -0.49794    0.17149    0.60453   -0.61035   -0.39130   -0.54199    0.02128    1.00000   30.10000
  -0.67053   -0.99225   -1.00000   -0.49267   -1.00000   -0.55556   -0.04963   -0.03193   -0.34682   -0.65217   -0.61832    0.48936    1.00000   20.40000
  -0.90066   -0.99829   -0.56000   -0.60411   -1.00000   -0.81070    0.30140   -0.91967    0.41442   -0.47826   -0.45420    0.38298    0.94548   29.60000
  -0.89128   -0.95495   -1.00000    0.40176   -1.00000   -0.09465    0.67388    0.92173   -0.83335   -0.65217   -0.17557   -0.55319    0.86081   50.00000
  -0.68488   -0.98714   -0.60000   -0.74267   -1.00000   -0.21811    0.81491    0.32029   -0.76502   -0.65217   -0.70611   -0.91489    0.93767   50.00000
  -0.73289   -0.99906    0.60000   -0.76686   -1.00000   -0.97119   -0.02395   -0.40062    0.47145   -1.00000   -0.51145   -0.19149    0.97978   21.90000
  -0.57561   -0.99680   -1.00000   -0.40616   -1.00000   -0.44444    0.21326    0.58599   -0.70024   -0.65217   -0.24809    0.76596    0.98921   27.50000
  -0.30298   -0.91992   -1.00000    0.29326   -1.00000   -0.19753    0.10213    0.48507   -0.67866    1.00000    0.82824    0.61702    0.98220   23.20000
   0.22737   -0.99602   -1.00000    1.00000   -1.00000   -0.07819   -0.28990    0.96498   -0.88619   -0.73913    1.00000    0.59574    0.73347    7.00000
  -0.74448   -0.99087   -1.00000   -0.57918   -1.00000   -0.51029    0.38034    0.58599   -0.62060   -0.39130   -0.54199    0.02128    0.87483   31.60000
   0.36148   -0.83371   -1.00000    0.29326   -1.00000   -0.12757   -0.21211    0.95675   -0.94087    1.00000    0.82824    0.61702    0.58515   17.20000
  -0.21082   -0.99526   -1.00000   -0.25733    1.00000   -0.57202   -0.13930    0.04840   -0.54114   -0.73913   -0.65649    0.27660    0.96994   22.40000
  -0.47296   -0.98383   -1.00000   -0.43695   -1.00000   -0.37037   -0.16996    0.37178   -0.51497   -0.73913   -0.54199    0.78723    0.96999   18.20000
  -0.18433   -0.98125   -1.00000   -0.43695   -1.00000   -0.37037   -0.21901    0.70546   -0.39528   -0.73913   -0.54199    0.78723    0.52857   13.90000
  -0.17660   -0.95170   -1.00000    0.40176   -1.00000    1.00000   -0.20789    1.00000   -0.92962   -0.65217   -0.17557   -0.55319   -0.14797   15.60000
  -0.10044   -0.77011   -1.00000    0.29326   -1.00000   -0.05761    0.00556    0.93203   -0.81069    1.00000    0.82824    0.61702    0.91326   14.60000
  -0.50276   -0.86922   -1.00000    0.29326   -1.00000   -0.39506    0.02740    0.27292   -0.58268    1.00000    0.82824    0.61702    1.00000   23.00000
  -0.61148   -0.99834   -1.00000   -0.59677   -1.00000   -0.53086   -0.12282   -0.20494   -0.48993   -0.65217   -0.64886    0.40426    1.00000   21.00000
  -0.55464   -0.99937   -1.00000   -0.65323   -1.00000   -0.46502   -0.11554   -0.10608   -0.25406   -0.65217   -0.85878    0.61702    1.00000   19.50000
  -0.40563   -0.99551   -0.56000   -0.60411   -1.00000   -0.81070   -0.22131    0.51596    0.24131   -0.47826   -0.45420    0.38298    0.87690   17.60000
   0.08113   -0.99453   -1.00000    0.57111   -1.00000   -0.01646   -0.12014    0.96293   -0.90197   -0.73913   -0.04580    0.82979    0.97549   13.30000
  -0.46082   -0.99444   -1.00000   -0.30792   -1.00000   -0.34568   -0.17839    0.54068   -0.48796   -0.73913   -0.55344    0.23404    0.99758   16.20000
  -0.86700   -0.99305   -1.00000   -0.57918   -1.00000   -0.51029    0.80303    0.55304   -0.67904   -0.39130   -0.54199    0.02128    0.94024   44.80000
  -0.70254   -0.89773   -1.00000    0.29326   -1.00000    0.37037   -1.00000    0.75077   -0.91205    1.00000    0.82824    0.61702    0.78718   27.50000
   0.32174   -0.73988   -1.00000    0.29326   -1.00000    0.29630   -0.43476    0.93821   -0.88353    1.00000    0.82824    0.61702    1.00000    9.70000
  -0.42660   -0.97482   -1.00000    0.40176    1.00000    1.00000   -0.44396    0.75283   -0.91259   -0.65217   -0.17557   -0.55319    0.72959   15.30000
   0.36424   -0.65897   -1.00000    0.29326   -1.00000    0.46091   -0.00709    1.00000   -0.85730    1.00000    0.82824    0.61702   -0.95461    8.70000
  -0.15949   -0.98760   -1.00000    0.57111   -1.00000   -0.01646    0.06304    0.96293   -0.82157   -0.73913   -0.04580    0.82979    0.98875   18.10000
  -0.52704   -0.99675   -1.00000   -0.29985   -1.00000   -0.33333   -0.05729    0.64161   -0.70577   -0.56522   -0.06489    0.10638    0.98795   19.20000
   0.38466   -0.92549   -1.00000    0.40176    1.00000    1.00000   -0.29412    1.00000   -0.96508   -0.65217   -0.17557   -0.55319    1.00000   13.40000
  -0.69702   -0.99914   -0.50000   -0.67742   -1.00000   -0.83128    0.17187    0.39032   -0.22322   -0.73913   -0.64122    0.36170    0.99360   23.90000
   0.00386   -0.82768   -1.00000    0.29326   -1.00000    0.26749   -0.16229    0.97734   -0.90837    1.00000    0.82824    0.61702    0.98084    8.50000
  -0.22572   -0.99629   -1.00000   -0.29985   -1.00000   -0.33333   -0.09293    0.75695   -0.75748   -0.56522   -0.06489    0.10638    0.73781   18.30000
  -0.31457   -0.99591   -1.00000   -0.52713   -1.00000   -0.74074   -0.14735   -0.37384   -0.27783   -0.82609   -0.82443    0.12766    1.00000   20.00000
   0.60486   -0.62222   -1.00000    0.29326   -1.00000    0.29630   -0.34240    0.96086   -0.94608    1.00000    0.82824    0.61702    1.00000    7.20000
  -0.84382   -0.99731   -0.10000   -0.78153   -1.00000   -0.78601    0.14773   -0.46035   -0.37490   -0.65217   -0.19466   -0.44681    0.92909   29.80000
  -0.26104   -0.96836   -1.00000    0.40176    1.00000    1.00000   -0.01590    0.91761   -0.88728   -0.65217   -0.17557   -0.55319    0.61733   17.00000
  -0.66336   -0.99936   -0.30000   -0.58944   -1.00000   -0.78231   -0.05346   -0.57981    0.00230   -1.00000   -0.55344   -0.08511    0.82526   19.40000
  -0.98620   -0.99939    0.50000   -0.81745   -1.00000   -0.82305    0.32707   -0.73430   -0.22314   -0.82609   -0.75191    0.21277    0.99355   34.90000
  -0.93322   -0.99941   -1.00000   -0.87390   -1.00000   -0.69959    0.31711   -0.11638   -0.10291   -0.82609   -0.86641    0.29787    0.98855   33.40000
  -0.38245   -0.99477   -1.00000   -0.32331   -1.00000   -0.17696   -0.05806    0.28527   -0.76730   -0.56522   -0.22137    0.40426    1.00000   21.20000
   0.30684   -0.99676   -1.00000    0.84677   -1.00000   -0.19342   -0.12052    0.93821   -0.85181   -0.91304   -0.99618    0.38298    0.86590   17.30000
  -0.37583   -0.96969   -1.00000   -0.43695   -1.00000   -0.37037   -0.03775    1.00000   -0.44614   -0.73913   -0.54199    0.78723    0.89828   14.50000
  -0.10651   -0.99765   -1.00000   -0.01540    1.00000   -0.32099   -0.08412    0.87230   -0.67996   -0.65217   -0.66031   -0.19149    1.00000   21.50000
  -0.35375   -0.99539   -1.00000   -0.40616   -1.00000   -0.44444   -0.01284    0.74047   -0.71172   -0.65217   -0.24809    0.76596    0.98775   19.30000
  -0.66556   -0.99851    0.20000   -0.90982   -1.00000   -0.89300   -0.10979   -0.67868    0.74244   -0.73913   -0.14504    0.21277    0.97695   18.60000
  -0.40011   -0.99250   -1.00000    0.57111   -1.00000   -0.01646    0.11017    0.97734   -0.82015   -0.73913   -0.04580    0.82979    0.99062   19.20000
  -0.31733   -0.99411   -1.00000   -0.32331   -1.00000   -0.17696   -0.14428    0.39444   -0.67935   -0.56522   -0.22137    0.40426    1.00000   18.30000
  -0.91170   -0.99935    0.60000   -0.67082   -1.00000   -0.89300    0.26461   -0.48507   -0.27487   -0.73913   -0.77863    0.40426    1.00000   28.50000
  -0.06457   -0.89064   -1.00000    0.29326   -1.00000   -0.05761    0.12014    0.86818   -0.78618    1.00000    0.82824    0.61702    0.99652   16.70000
  -0.60927   -0.99909   -1.00000   -0.78372   -1.00000   -0.57202    0.09446    0.30175   -0.64304   -0.91304   -0.68321    0.10638    0.97620   22.60000
  -0.58664   -0.99782   -0.50000   -0.65763   -1.00000   -0.72016   -0.09331   -0.08754    0.05528   -0.39130   -0.62977    0.51064    1.00000   19.60000
  -0.59658   -0.99808   -1.00000   -0.73680   -1.00000   -0.48560    0.09408    0.67250   -0.72416   -0.65217   -0.58397   -0.14894    0.99294   23.60000
  -0.57285   -0.99569   -1.00000   -0.25733   -1.00000   -0.57202    0.00441   -0.18641   -0.48789   -0.73913   -0.65649    0.27660    0.98351   25.00000
   0.15177   -0.97472   -1.00000   -0.43695   -1.00000   -0.37037   -0.17532    0.87848   -0.43559   -0.73913   -0.54199    0.78723    0.81477   12.70000
  -0.37307   -0.99710   -0.75000   -0.58871   -1.00000   -0.90124   -0.22092   -0.30175   -0.02365   -0.73913   -0.39695    0.34043    1.00000   17.40000
  -0.40949   -0.99901   -0.30000   -0.58944   -1.00000   -0.78231   -0.17800   -0.47477    0.00230   -1.00000   -0.55344   -0.08511    0.98548   17.10000
   0.22792   -0.76024   -1.00000    0.29326   -1.00000    0.46091    0.11056    0.89289   -0.84390    1.00000    0.82824    0.61702   -0.78446   11.80000
  -0.93157   -0.99983    0.60000   -1.00000   -1.00000   -0.84774    0.65319   -0.40062   -0.17817   -0.73913   -0.74046   -0.61702    0.98654   50.00000
  -0.71689   -0.99667   -0.50000   -0.65763   -1.00000   -0.72016   -0.00977   -0.45829    0.21583   -0.39130   -0.62977    0.51064    0.96863   23.30000
  -0.60541   -0.81430   -1.00000    0.29326    1.00000    0.16461   -0.11324    0.78579   -1.00000    1.00000    0.82824    0.61702    0.75279   50.00000
  -0.54746   -0.98613   -1.00000   -0.57918    1.00000   -0.49794    0.27151    0.54068   -0.61035   -0.39130   -0.54199    0.02128    0.96717   27.50000
  -0.51269   -0.99946   -1.00000   -0.65323   -1.00000   -0.46502   -0.10558    0.16787   -0.18424   -0.65217   -0.85878    0.61702    0.98946   18.50000
  -0.57395   -0.99859   -1.00000   -0.85337   -1.00000   -0.57613   -0.01016    0.22142   -0.73296   -0.82609   -0.97710    0.10638    1.00000   36.20000
  -0.80574   -0.98974   -1.00000   -0.57918   -1.00000   -0.51029    0.47576    0.52420   -0.53771   -0.39130   -0.54199    0.02128    0.89530   31.70000
  -0.75276   -0.99950   -0.44000    0.06892   -1.00000   -0.67490    0.01552   -0.46447   -0.53873   -0.73913   -0.68321    0.19149    0.99713   25.00000
  -0.81402   -0.99810   -0.10000   -0.78153   -1.00000   -0.78601    0.29910   -0.61689   -0.02696   -0.65217   -0.19466   -0.44681    0.90307   37.00000
  -0.09934   -0.67597   -1.00000    0.29326   -1.00000    0.46091    0.11132    0.86200   -0.84123    1.00000    0.82824    0.61702   -0.86298    9.60000
  -0.08333   -0.98033   -1.00000    0.57111   -1.00000   -0.01646   -0.20445    0.89083   -0.84536   -0.73913   -0.04580    0.82979    1.00000   14.30000
  -0.08389   -0.99299   -1.00000   -0.30792   -1.00000   -0.34568   -0.09829    0.65397   -0.47822   -0.73913   -0.55344    0.23404    0.96873   17.80000
  -0.38962   -0.99472   -1.00000   -0.49267   -1.00000   -0.55556   -0.03353   -0.15963   -0.22045   -0.65217   -0.61832    0.48936    1.00000   22.20000
  -0.45033   -0.98210   -1.00000   -0.43695   -1.00000   -0.37037   -0.27381   -0.30587   -0.51497   -0.73913   -0.54199    0.78723    0.45580   20.20000
  -0.93653   -0.99969    0.90000   -0.83724   -1.00000   -0.87202    0.71412   -0.40268   -0.27463   -0.73913   -0.85878   -0.55319    0.96798   50.00000
  -0.53532   -0.99572   -0.56000   -0.60411   -1.00000   -0.81070    0.02127    0.57158    0.25961   -0.47826   -0.45420    0.38298    0.89530   20.50000
  -0.72461   -0.99932   -0.50000   -0.67742   -1.00000   -0.83128    0.05039   -0.39650   -0.22322   -0.73913   -0.64122    0.36170    1.00000   24.80000
  -0.43267   -0.99625   -1.00000   -0.32331   -1.00000   -0.17696   -0.17762    0.05252   -0.77228   -0.56522   -0.22137    0.40426    1.00000   21.80000
  -0.23731   -0.99422   -1.00000   -0.40616   -1.00000   -0.44444    0.02242    0.81874   -0.74256   -0.65217   -0.24809    0.76596    0.97141   19.40000
  -0.56126   -0.99870   -1.00000   -0.59677   -1.00000   -0.53086   -0.09101    0.34501   -0.59430   -0.65217   -0.64886    0.40426    1.00000   18.90000
