  -0.10714   -0.09474    1.00000   -0.65052    0.68912   -0.33333   -0.39895   -0.33926   -0.54386   -0.68579   -0.44099   -0.67568   -0.34653   -0.16547    1.04980
   0.14286   -0.32211    0.18644   -0.47885    0.75129   -0.17413   -0.15290   -0.30623   -0.49920   -0.39651   -0.30435   -0.50000   -0.30693    0.16547    1.06200
  -0.32143   -0.84421   -0.83051   -0.66687    0.74093   -0.54229   -0.63796   -0.73825   -0.63317   -0.61097   -0.54037   -0.54054   -0.49505    0.03597    1.09110
  -0.10714   -0.22105    0.32203   -0.75679    0.57513   -0.51244   -0.56766   -0.68488   -0.68740   -0.63591   -0.50311   -0.68919   -0.55446   -0.13669    1.06660
  -0.14286   -0.56210   -0.86441   -0.45841    0.77202   -0.37313   -0.20914   -0.56798   -0.48325   -0.35661   -0.46584   -0.50000   -0.24752    0.20863    1.07510
  -0.42857   -0.57474   -0.83051   -0.77519    0.77202   -0.70149   -0.67663   -0.91360   -0.80542   -0.68080   -0.52795   -0.36486   -0.70297   -0.23741    1.07580
  -0.03571   -0.32632   -0.79661   -0.46659    0.58549   -0.31343   -0.03339   -0.48666   -0.44498   -0.15212   -0.29192   -0.48649    0.22772    0.36691    1.06220
  -0.03571    0.14947    0.38983   -0.17719    0.65803   -0.09453    0.34622    0.12834   -0.14514   -0.19202    0.00621   -0.56757    0.01980    0.23741    1.03720
  -0.60714   -0.58316   -0.49152   -0.78132    0.64767   -0.51244   -0.38489   -0.74587   -0.86603   -0.84539   -0.77640   -0.58108   -0.38614   -0.15108    1.07630
   0.28571    0.47368    0.45763   -0.13346    0.60622   -0.23383    0.41652    0.23507   -0.06539   -0.29676    0.13043   -0.41892   -0.00000    0.30935    1.02070
  -0.42857    0.17895   -0.28814   -0.47067    0.67876   -0.40298    0.00879   -0.09530   -0.42584   -0.17706   -0.13043   -0.39189   -0.13861   -0.02158    1.03550
   0.17857    0.04842   -0.18644   -0.39505    0.75129   -0.31343   -0.04042   -0.28590   -0.50239   -0.41646   -0.06832   -0.27027   -0.15842    0.23741    1.04240
   0.17857   -0.22947    0.01695   -0.30717    0.85492    0.08458    0.07909   -0.18170   -0.49920   -0.57107   -0.29192   -0.41892    0.01980    0.23741    1.05690
   0.14286   -0.28421    0.15254   -0.59738    0.61658   -0.37313   -0.32162   -0.40025   -0.61723   -0.59102   -0.27950   -0.44595   -0.24752    0.25180    1.06010
  -0.42857   -0.10316   -0.32203   -0.63621    0.68912   -0.58209   -0.50088   -0.48666   -0.52791   -0.28678   -0.40373   -0.62162   -0.41584   -0.05036    1.05030
   0.21429    0.03158    0.01695   -0.33987    0.75129   -0.17413   -0.03339   -0.22236   -0.36204   -0.16708   -0.22981   -0.48649    0.07921    0.35252    1.04330
  -0.50000    0.14526   -0.32203   -0.51768    0.62694   -0.22388   -0.31810   -0.42313   -0.56938   -0.32668   -0.52795   -0.58108   -0.10891    0.33813    1.03730
  -0.35714   -0.32632   -0.15254   -0.73023    0.54404   -0.42289   -0.48330   -0.57560   -0.67464   -0.45636   -0.56522   -0.59459   -0.42574   -0.06475    1.06230
  -0.07143    0.25895   -0.49152    0.00347    0.74093    0.09453    0.40246    0.03939   -0.07815    0.12718    0.19255   -0.22973   -0.04951    0.22302    1.03160
  -0.60714   -0.55368    0.18644   -0.76088    0.50259   -0.59204   -0.28647   -0.56798   -0.83732   -0.71072   -0.75155   -0.70270   -0.31683   -0.09353    1.07450
  -0.57143   -0.03579   -0.69491   -0.75884    0.57513   -0.23383   -0.36380   -0.50953   -0.69059   -0.48628   -0.62733   -0.74324   -0.56436   -0.19425    1.04680
  -0.07143   -0.49895   -0.66102   -0.48089    0.83420   -0.24378   -0.25483   -0.50953   -0.52791   -0.48628   -0.29192    1.00000   -0.23762   -0.03597    1.07160
  -0.03571    0.22105    0.52542   -0.33783    0.61658   -0.04478    0.37083   -0.06734   -0.47049   -0.45137   -0.27950   -0.32432   -0.27723    0.19425    1.03340
  -0.03571   -0.14105    0.22034   -0.48498    0.59586   -0.20398   -0.27241   -0.22745   -0.44179   -0.25686   -0.18012   -0.54054   -0.17822    0.05036    1.05240
  -0.60714   -0.66316   -0.01695   -0.84672    0.58549   -0.46269   -0.63445   -0.67980   -0.86922   -0.89526   -0.91304   -0.68919   -0.52475   -0.28058    1.08070
  -0.17857   -0.73474    0.08475   -0.69957    0.64767   -0.36318   -0.64851   -0.77128   -0.64593   -0.56110   -0.45342   -0.55405   -0.22772    0.02158    1.08470
   0.07143   -0.00632   -0.28814   -0.57286    0.57513   -0.37313   -0.14236   -0.48412   -0.70654   -0.43641   -0.25466   -0.32432   -0.10891    0.12230    1.04620
   0.17857   -0.14105   -0.35593   -0.24791    0.76166   -0.26368   -0.01230   -0.25032   -0.39075   -0.18703   -0.15528   -0.40541    0.14852    0.35252    1.05240
  -0.75000   -0.60421   -0.69491   -0.73227    0.77202   -0.61194   -0.48330   -0.70013   -0.79266   -0.73566   -0.55280   -0.74324   -0.78218   -0.23741    1.07750
  -0.10714   -0.56632   -0.96610   -0.43061    0.98964   -0.31343   -0.39192   -0.59593   -0.44179   -0.40648   -0.42857   -0.44595   -0.30693    0.25180    1.07540
   0.07143   -0.65053   -0.18644   -0.52381    0.78238   -0.31343   -0.36731   -0.57815   -0.54386   -0.31172   -0.32919   -0.36486   -0.46535    0.19425    1.08000
  -0.14286    0.12000    0.52542   -0.60351    0.57513   -0.46269   -0.31107   -0.48412   -0.64274   -0.62594   -0.40373    0.97297   -0.24752   -0.03597    1.03860
   0.03571   -0.41895    0.11864   -0.70366    0.74093   -0.42289   -0.43410   -0.56290   -0.78309   -0.64589   -0.70186   -0.67568   -0.20792   -0.07914    1.06730
   0.53571    0.41474    0.69491   -0.32557    0.66839   -0.02488    0.02636   -0.09530   -0.37799   -0.38155   -0.03106   -0.44595    0.02970    0.09353    1.02360
  -0.53571   -0.25474   -0.66102   -0.75271    0.67876   -0.56219   -0.73989   -0.73062   -0.73206   -0.61596   -0.60248   -0.59459   -0.50495   -0.17986    1.05840
  -0.46429   -0.40211   -0.93220   -0.69344    0.70984   -0.54229   -0.52900   -0.68234   -0.67145   -0.54115   -0.56522   -0.60811   -0.13861    0.05036    1.06640
  -0.32143   -0.13684   -0.55932   -0.51972    0.72021   -0.27363   -0.25483   -0.46887   -0.56300   -0.47132   -0.46584   -0.55405   -0.38614    0.10791    1.05210
  -0.14286   -0.30526   -0.62712   -0.23769    0.82383   -0.11443   -0.05448   -0.20966   -0.23445   -0.07232   -0.05590   -0.33784    0.21782    0.30935    1.06100
  -0.71429    0.04842   -0.38983   -0.52381    0.72021   -0.37313   -0.32162   -0.39771   -0.47049   -0.40648   -0.18012   -0.66216   -0.40594   -0.00719    1.04220
  -0.10714   -0.47789    0.42373   -0.69957    0.65803   -0.32338   -0.42004   -0.65947   -0.69697   -0.30175   -0.24224   -0.56757   -0.50495    0.13669    1.07050
  -0.75000   -0.36421   -0.59322   -0.82424    0.69948   -0.51244   -0.65202   -0.64422   -0.85327   -0.74065   -0.67702   -0.82432   -0.65346   -0.25180    1.06440
   0.07143   -0.37263    0.69491   -0.67913    0.56477   -0.34328   -0.36028   -0.52478   -0.62041   -0.50125   -0.41615   -0.63514   -0.22772    0.00719    1.06480
   0.03571    0.26316    0.11864   -0.46863    0.57513   -0.02488   -0.16696   -0.21474   -0.38756   -0.12219   -0.10559   -0.51351   -0.00990    0.30935    1.03130
   0.14286   -0.22526    0.42373   -0.41345    0.79275   -0.18408   -0.16345   -0.27827   -0.53429   -0.41646   -0.25466   -0.47297   -0.05941    0.23741    1.05680
   0.07143   -0.24211   -0.28814   -0.61578    0.61658   -1.00000   -0.51494   -0.54511   -0.62998   -0.62594   -0.25466   -0.22973   -0.38614    0.20863    1.05780
   0.00000   -0.68421   -0.01695   -0.70570    0.67876   -0.42289   -0.50791   -0.69250   -0.70016   -0.62594   -0.25466   -0.52703   -0.73267   -0.29496    1.08190
  -0.35714   -0.62947   -0.76271   -0.65461    0.63731   -0.44279   -0.36380   -0.64168   -0.56300   -0.41646   -0.71429   -0.52703   -0.47525   -0.17986    1.07900
  -0.28571   -0.28842   -0.52542   -0.52790    0.74093   -0.24378   -0.33568   -0.46887   -0.52472   -0.40150   -0.41615   -0.67568   -0.24752    0.06475    1.06030
  -0.17857   -0.12421   -0.38983   -0.39710    0.81347   -0.13433   -0.13533   -0.38755   -0.53748   -0.27681   -0.25466   -0.63514   -0.15842    0.23741    1.05150
  -0.46429   -0.29684   -0.38983   -0.67709    0.64767   -0.48259   -0.37786   -0.56290   -0.75758   -0.56609   -0.59006   -0.59459   -0.50495   -0.23741    1.06070
   1.00000    0.45263   -0.22034    0.17924    0.62694    0.20398    0.72232    0.44346    0.29506    0.26184   -0.18012    0.01351    0.14852    0.68345    1.02170
  -0.14286   -0.05263   -0.69491   -0.51972    0.74093   -0.49254   -0.23374   -0.41550   -0.54386   -0.39152   -0.25466   -0.25676   -0.47525    0.03597    1.04770
  -0.42857   -0.06947   -0.28814   -0.74249    0.64767   -0.59204   -0.58524   -0.58577   -0.62041   -0.58604   -0.66460   -0.60811   -0.54455   -0.19425    1.04840
   0.07143   -0.37263    0.15254   -0.54220    0.65803   -0.30348   -0.13181   -0.49174   -0.57257   -0.44140   -0.45342   -0.54054   -0.02970    0.30935    1.06470
  -0.14286   -0.52421   -0.05085   -0.64030    0.53368   -0.24378   -0.29350   -0.56036   -0.64274   -0.25686   -0.21739   -0.43243   -0.42574   -0.02158    1.07300
  -0.21429    0.13684    0.69491   -0.59534    0.64767   -0.26368   -0.22320   -0.22745   -0.64274   -0.54614   -0.55280   -0.60811   -0.51485   -0.23741    1.03780
  -0.60714   -0.47368   -0.72881   -0.85285    0.62694   -0.52239   -0.66960   -0.81703   -0.84689   -0.85536   -0.77640   -0.63514   -0.78218    1.00000    1.07040
  -0.60714   -0.25474   -0.32203   -0.59534    0.74093   -0.46269   -0.55360   -0.48412   -0.48963   -0.24688   -0.37888   -0.56757   -0.40594   -0.02158    1.05830
   0.07143   -0.50316   -0.83051   -0.59534    0.73057   -0.30348   -0.51845   -0.75349   -0.69697   -0.49626   -0.60248   -0.27027   -0.58416    0.29496    1.07190
  -0.07143    0.38105   -0.15254   -0.37462    0.78238   -0.09453   -0.17750   -0.18933   -0.46731   -0.32668   -0.20497   -0.43243    0.17822    0.52518    1.02540
  -0.10714   -0.62947    0.11864   -0.76906    0.62694   -0.24378   -0.67663   -0.65947   -0.66507   -0.41646   -0.42857   -0.66216   -0.45545   -0.09353    1.07880
  -0.64286   -0.50316    0.32203   -0.79971    0.50259   -0.46269   -0.50439   -0.64676   -0.74482   -0.58604   -0.72671   -0.75676   -0.54455   -0.13669    1.07200
   0.03571   -0.19158   -0.93220   -0.26426    0.79275   -0.19403   -0.20211   -0.24523   -0.19936    0.19701    0.30435   -0.17568    0.11881    0.33813    1.05500
  -0.42857   -0.26737   -0.28814   -0.72410    0.58549   -0.36318   -0.41652   -0.78145   -0.73844   -0.68579   -0.65217   -0.77027   -0.09901    0.03597    1.05900
  -0.17857   -0.17053   -0.28814   -0.57286    0.61658   -0.39303   -0.40246   -0.46124   -0.54386   -0.26683   -0.37888   -0.56757   -0.15842    0.03597    1.05380
   0.14286    0.12000   -0.42373   -0.17637    0.85492   -0.11443    0.02636   -0.10546   -0.20893    0.04239    0.21739   -0.32432    0.06931    0.15108    1.03870
   0.07143   -0.47789   -0.89830   -0.52994    0.78238   -0.33333   -0.28647   -0.51461   -0.61403   -0.36160   -0.20497   -0.44595   -0.43564    0.15108    1.07040
  -0.35714   -0.41053   -0.79661   -0.73227    0.58549   -0.66169   -0.61687   -0.82465   -0.65550   -0.44140   -0.68944   -0.48649   -0.37624    0.00719    1.06680
   0.28571   -0.30105   -0.25424   -0.26221    0.80311    0.07463   -0.07557   -0.31639   -0.45774   -0.19701   -0.15528   -0.32432    0.23762   -0.69784    1.06100
  -0.53571   -0.08211   -0.42373   -0.60556    0.70984   -0.41294   -0.52197   -0.57560   -0.66188   -0.42145   -0.61491   -0.55405   -0.21782    0.05036    1.04910
  -0.53571   -0.04421   -0.38983   -0.56877    0.69948   -0.48259   -0.46221   -0.46887   -0.55024   -0.34663   -0.31677   -0.47297   -0.36634    0.06475    1.04720
   0.10714    0.14526   -0.08475   -0.20090    0.86529   -0.09453    0.27592   -0.12071   -0.23445   -0.17706   -0.09317   -0.44595    0.18812    0.43885    1.03730
  -0.10714    0.25474    0.15254   -0.50746    0.61658   -0.55224   -0.17047   -0.35705   -0.49601   -0.31671   -0.37888   -0.59459   -0.23762    0.26619    1.03170
  -1.00000   -0.47368    0.11864   -0.93460    0.54404   -0.77114   -0.66608   -0.77637   -0.92025   -0.82045   -1.00000   -0.91892   -0.95050   -0.85611    1.07030
  -0.60714   -0.12000   -0.55932   -0.63826    0.51295   -0.47264   -0.30404   -0.40534   -0.54705   -0.20698   -0.29192   -0.64865   -0.37624   -0.22302    1.05120
   0.21429   -0.27158   -0.28814   -0.38279    0.90674   -0.26368    0.08260   -0.50953   -0.45454   -0.48628   -0.13043   -0.22973    0.01980    0.39568    1.05930
  -0.60714   -0.97053   -0.55932   -0.94073    0.49223   -0.71144   -0.59578   -0.85769   -0.86603   -0.86035   -0.77640   -0.60811   -1.00000   -0.29496    1.09830
  -0.32143    0.23789   -0.28814   -0.43389    0.84456   -0.34328   -0.34974   -0.25794   -0.50239   -0.18205   -0.22981   -0.36486   -0.05941    0.06475    1.03250
  -0.14286   -0.06947   -0.55932   -0.43389    0.65803   -0.06468   -0.22671   -0.31385   -0.51834    0.08728   -0.25466   -0.45946    0.11881    0.36691    1.04840
  -0.07143   -0.74737   -0.25424   -0.46454    0.84456   -0.32338   -0.24429   -0.49936   -0.43860   -0.33167   -0.25466   -0.33784   -0.19802    0.17986    1.08540
  -0.35714   -0.05684   -0.38983   -0.59330    0.73057   -0.68159   -0.33216   -0.51461   -0.57576   -0.45636   -0.32919   -0.54054   -0.31683   -0.07914    1.04810
  -0.57143    0.68842   -0.08475   -0.40119    0.47150   -0.27363    0.37786    0.11055   -0.08134   -0.26683   -0.34162   -0.62162   -0.28713    0.26619    1.01010
  -0.32143   -0.37263   -0.32203   -0.61782    0.66839   -0.28358   -0.40597   -0.55273   -0.59171   -0.49127   -0.51553   -0.58108   -0.32673   -0.02158    1.06480
   0.17857   -0.38526   -0.62712   -0.36644    0.80311   -0.26368   -0.13884   -0.33418   -0.35885   -0.29177   -0.05590   -0.20270   -0.35644    0.17986    1.06530
   0.10714   -0.04842    0.08475   -0.35009    0.76166   -0.12438   -0.00527   -0.22236   -0.53429   -0.50125   -0.37888   -0.60811    0.09901    0.32374    1.04730
   1.00000    0.48211   -0.18644    1.00000    0.77202    1.00000    1.00000    1.00000    1.00000    1.00000    1.00000    0.41892    1.00000    0.15108    1.02020
   0.17857    0.31368   -0.79661   -0.28674    0.63731   -0.26368   -0.07557   -0.09530   -0.31738    0.06733   -0.13043   -0.17568    0.02970    0.39568    1.02870
  -0.67857   -0.34316   -0.69491   -0.82220    0.60622   -0.72139   -0.76450   -0.82211   -0.69378   -0.49127   -0.71429   -0.58108   -0.69307   -0.29496    1.06310
  -0.10714    0.08632    0.28814   -0.67913    0.57513   -0.07463   -0.37083   -0.39263   -0.71292   -0.64589   -0.66460   -0.74324   -0.35644    0.10791    1.04030
  -0.35714   -0.54526   -0.15254   -0.66278    0.70984   -0.66169   -0.52197   -0.61881   -0.71292   -0.56110   -0.35404   -0.52703   -0.58416   -0.25180    1.07420
  -0.28571   -0.22947   -0.38983   -0.55242    0.65803   -0.46269   -0.28998   -0.40025   -0.54386   -0.34165   -0.35404   -0.60811   -0.28713    0.07914    1.05710
  -0.03571   -0.36000    0.55932   -0.69753    0.64767   -0.48259   -0.36380   -0.62135   -0.70016   -0.64589   -0.44099   -0.52703   -0.56436   -0.09353    1.06410
  -0.42857   -0.30526   -0.55932   -0.55651    0.65803   -0.35323   -0.30404   -0.45616   -0.58214   -0.35661   -0.24224   -0.41892   -0.23762    0.26619    1.06100
  -0.35714    0.14105   -0.25424   -0.44819    0.66839   -0.33333   -0.11072   -0.19441   -0.45454   -0.41646   -0.39130   -0.51351   -0.39604    0.12230    1.03740
   0.42857    0.09474    0.69491   -0.40936    0.69948   -0.22388    0.01933   -0.18933   -0.59171   -0.56110    0.06832   -0.51351   -0.43564    0.20863    1.03990
  -0.75000   -0.66737   -0.59322   -0.89373    0.57513   -0.49254   -0.67311   -0.86785   -0.99043   -0.77556   -0.78882   -0.68919   -0.61386   -0.13669    1.08110
  -0.10714    0.37263   -0.05085   -0.30922    0.55440   -0.09453    0.24780   -0.01652   -0.44179   -0.29676    0.00621   -0.24324   -0.07921    0.43885    1.02580
  -0.10714   -0.41474   -0.28814   -0.62600    0.81347   -0.54229   -0.39192   -0.69250   -0.61084   -0.44140   -0.35404   -0.41892   -0.51485   -0.07914    1.06700
  -0.28571   -0.62105   -0.15254   -0.46250    0.86529   -0.38309   -0.28647   -0.50699   -0.47687   -0.49127   -0.18012   -0.25676   -0.45545   -0.00719    1.07850
   0.14286    0.01895   -0.38983   -0.31535    0.67876   -0.26368   -0.04394   -0.19949   -0.32376   -0.18703   -0.14286   -0.52703    0.01980    0.38129    1.04380
   0.07143   -0.37684    0.11864   -0.58308    0.60622   -0.39303   -0.21265   -0.44854   -0.61403   -0.53117   -0.31677   -0.52703   -0.14852    0.19425    1.06500
   0.32143    0.37263    0.52542   -0.10689    0.79275    0.01493    0.28295    0.11817   -0.20893   -0.08229    0.61491   -0.14865    0.03960    0.26619    1.02560
   0.32143   -0.41474   -0.01695   -0.50542    0.76166   -0.01493   -0.30053   -0.47649   -0.63636   -0.52120   -0.27950   -0.43243   -0.14852    0.26619    1.06710
   0.03571    0.20842   -0.28814   -0.32966    0.74093   -0.32338   -0.01933   -0.14358   -0.34609    0.07731   -0.34162   -0.37838   -0.27723    0.13669    1.03400
   0.39286   -0.45263   -0.62712   -0.46250    0.62694   -0.04478   -0.31107   -0.42313   -0.40989   -0.16210   -0.46584   -0.40541   -0.13861    0.38129    1.06900
  -0.17857   -0.05263   -0.45763   -0.43797    0.64767   -0.31343   -0.17750   -0.40788   -0.46092   -0.12718   -0.19255   -0.24324   -0.00990    0.33813    1.04770
   0.14286   -0.67158   -0.83051   -0.20294    0.92746   -0.17413   -0.14587   -0.45362   -0.27592   -0.05237   -0.22981   -0.08108    0.22772    0.32374    1.08120
  -0.03571   -0.72210   -0.32203   -0.60147    0.79275   -0.35323   -0.48330   -0.78145   -0.55343   -0.48628   -0.13043   -0.54054   -0.42574    0.29496    1.08410
   0.32143    0.28000    0.49152   -0.05375    0.76166    0.02488    0.42004    0.00635   -0.23126   -0.17706    0.16770   -0.25676    0.06931    0.39568    1.03040
   0.50000   -0.00632   -0.35593   -0.06601    0.85492    0.07463    0.34271    0.01398   -0.24083    0.02244    0.03106   -0.24324    0.22772    0.55396    1.04530
  -0.14286   -0.60421   -0.96610   -0.66278    0.77202   -0.56219   -0.55009   -0.80432   -0.71611   -0.55611   -0.61491   -0.51351   -0.43564   -0.10791    1.07750
  -0.03571    0.04000   -0.32203   -0.13141    0.87565   -0.26368   -0.03691   -0.07751   -0.14514   -0.09726    0.27950   -0.06757   -0.11881    0.28058    1.04290
  -0.07143    0.06105    0.11864   -0.34600    0.85492   -0.28358   -0.08612   -0.30623   -0.31101   -0.16210    0.19255   -0.41892   -0.16832    0.29496    1.04180
  -0.32143   -0.59579   -0.15254   -0.65665    0.68912   -0.51244   -0.27944   -0.63151   -0.78309   -0.71072   -0.60248   -0.54054   -0.34653   -0.06475    1.07710
  -0.03571    0.08632   -0.38983   -0.40732    0.84456   -0.28358   -0.43410   -0.41550   -0.38437   -0.13217    0.00621   -0.22973   -0.12871    0.22302    1.04040
  -0.25000   -0.30526   -0.83051   -0.68731    0.56477   -0.32338   -0.48330   -0.52224   -0.67464   -0.52120   -0.45342   -0.50000   -0.42574    0.05036    1.06100
   0.28571   -0.19158   -0.55932   -0.19477    0.83420   -0.06468   -0.00879   -0.34689   -0.37799   -0.12219    0.03106   -0.12162    0.14852    0.82734    1.05490
   0.35714   -0.17474   -0.86441    0.00756    0.86529    0.06468    0.01933   -0.14867   -0.06220    0.28180    0.30435   -0.18919    0.35644    0.84173    1.05420
  -0.32143   -0.19158   -0.86441   -0.48907    0.66839   -0.47264   -0.09315   -0.45870   -0.51196   -0.44140   -0.34162   -0.48649   -0.29703   -0.02158    1.05490
   0.21429    0.13684    0.62712   -0.57286    0.67876   -0.24378   -0.20914   -0.35197   -0.68102   -0.56110   -0.56522   -0.32432   -0.36634   -0.09353    1.03770
  -0.46429    0.22105   -0.59322   -0.36849    0.72021   -0.22388   -0.20562   -0.31385   -0.35566   -0.12219   -0.03106   -0.45946    0.12871    0.41007    1.03330
  -0.25000   -0.76000   -0.76271   -0.65870    0.73057   -0.38309   -0.50088   -0.61626   -0.50239   -0.43641   -0.27950   -0.67568   -0.47525   -0.22302    1.08620
  -0.53571   -0.04000   -0.32203   -0.63826    0.79275   -0.57214   -0.54657   -0.58831   -0.63317   -0.35162   -0.26708   -0.55405   -0.31683   -0.12230    1.04700
