   0.00000    0.33300    0.33300    0.00000    0.33300    0.00000    0.74012
   0.00000    0.00000    0.00000    0.50000    0.00000    0.50000    0.56143
   0.00000    0.25000    0.25000    0.25000    0.00000    0.25000    0.67939
   0.00000    0.33300    0.00000    0.00000    0.33300    0.33300    0.47397
   0.50000    0.00000    0.00000    0.00000    0.00000    0.50000    0.31225
   0.00000    0.00000    0.33300    0.33300    0.33300    0.00000    0.74693
   0.00000    0.50000    0.00000    0.50000    0.00000    0.00000    0.65219
   0.25000    0.25000    0.00000    0.25000    0.00000    0.25000    0.59923
   0.20000    0.20000    0.20000    0.20000    0.20000    0.00000    0.73045
   0.50000    0.00000    0.00000    0.00000    0.50000    0.00000    0.34946
   0.00000    0.00000    0.50000    0.50000    0.00000    0.00000    0.75062
   0.00000    0.00000    0.50000    0.00000    0.50000    0.00000    0.62673
   0.20000    0.20000    0.00000    0.20000    0.20000    0.20000    0.61255
   0.33300    0.33300    0.33300    0.00000    0.00000    0.00000    0.67848
   0.20000    0.20000    0.20000    0.20000    0.00000    0.20000    0.68540
   0.33300    0.00000    0.33300    0.00000    0.33300    0.00000    0.61316
   0.00000    0.25000    0.25000    0.00000    0.25000    0.25000    0.58236
   0.25000    0.25000    0.25000    0.00000    0.25000    0.00000    0.68087
   0.25000    0.25000    0.00000    0.00000    0.25000    0.25000    0.48216
   0.25000    0.00000    0.25000    0.25000    0.00000    0.25000    0.64931
   0.00000    0.33300    0.00000    0.33300    0.33300    0.00000    0.65173
   0.00000    0.33300    0.00000    0.33300    0.00000    0.33300    0.66758
   0.00000    0.00000    0.25000    0.25000    0.25000    0.25000    0.59511
   0.00000    0.25000    0.00000    0.25000    0.25000    0.25000    0.59852
   0.33300    0.00000    0.33300    0.00000    0.00000    0.33300    0.52502
   0.00000    0.00000    0.00000    0.00000    1.00000    0.00000    0.32435
   0.50000    0.00000    0.50000    0.00000    0.00000    0.00000    0.60504
   0.33300    0.00000    0.00000    0.00000    0.33300    0.33300    0.29512
   0.25000    0.25000    0.25000    0.25000    0.00000    0.00000    0.71361
   0.00000    0.00000    0.00000    1.00000    0.00000    0.00000    0.69263
