  -0.75773   -0.99247   -1.00000   -0.49267   -1.00000   -0.55556    0.09370   -0.23378   -0.34682   -0.65217   -0.61832    0.48936    1.00000   25.00000
   0.19260   -0.53445   -1.00000    0.29326   -1.00000    0.12757   -0.77889    1.00000   -0.99118    1.00000    0.82824    0.61702    0.86545   11.90000
  -0.14238   -0.88572   -1.00000    0.29326   -1.00000    0.34979    0.04848    0.83110   -0.77474    1.00000    0.82824    0.61702    0.94044   16.10000
  -0.76159   -0.99779   -0.20000   -0.56378    1.00000   -0.74486    0.42019   -0.05046   -0.33479   -0.73913   -0.74428    0.06383    0.96142   33.20000
  -0.00442   -0.44261   -1.00000    0.29326   -1.00000    0.26749   -0.31481    0.91761   -0.89575    1.00000    0.82824    0.61702    1.00000    8.30000
  -0.22848   -0.99803   -0.75000   -0.45674   -1.00000   -0.42798   -0.10787   -0.25644   -0.21409   -0.65217   -0.52672   -0.44681    0.96772   21.70000
  -0.02649   -0.86814   -1.00000    0.29326   -1.00000    0.26749    0.08986    0.91761   -0.90048    1.00000    0.82824    0.61702    1.00000   12.50000
  -0.56347   -0.99824   -1.00000   -0.73680   -1.00000   -0.48560   -0.11937    0.35530   -0.71405   -0.65217   -0.58397   -0.14894    0.98149   22.60000
  -0.67219   -0.99757   -1.00000   -0.40616   -1.00000   -0.44444    0.23395    0.40886   -0.68600   -0.65217   -0.24809    0.76596    0.99334   26.50000
  -0.68543   -0.99937    0.65000   -0.88490   -1.00000   -0.87654   -0.00326   -0.26880   -0.06512   -0.91304   -0.38550   -0.55319    0.98421   24.10000
   0.06788   -0.64329   -1.00000    0.29326   -1.00000    0.17696    0.14351    0.98146   -0.92914    1.00000    0.82824    0.61702    1.00000   10.90000
  -0.84106   -0.99946    0.10000   -0.75660   -1.00000   -0.59259    0.26959   -0.48095   -0.02958   -0.65217   -0.30153    0.06383    0.95496   31.20000
  -0.10596   -0.99805   -1.00000    0.84677   -1.00000   -0.19342   -0.08028    0.85376   -0.82590   -0.91304   -0.99618    0.38298    0.90514   20.50000
  -0.92384   -0.99965    0.65000   -0.88490   -1.00000   -0.87654    0.55164   -0.73635   -0.06512   -0.91304   -0.38550   -0.55319    0.99233   42.30000
  -0.56622   -0.98800   -0.60000   -0.74267   -1.00000    0.07819    0.39567    0.62513   -0.82131   -0.65217   -0.70611   -0.91489    0.97932   33.80000
  -0.58333   -0.99184   -1.00000   -0.30792   -1.00000   -0.34568    0.15194    0.73841   -0.55029   -0.73913   -0.55344    0.23404    0.99390   23.80000
  -0.28477   -0.99701   -1.00000   -0.73680   -1.00000   -0.48560   -0.22935    0.76313   -0.73329   -0.65217   -0.58397   -0.14894    1.00000   23.10000
  -0.20088   -0.99737   -1.00000   -0.29985   -1.00000   -0.33333   -0.09868    0.85376   -0.77743   -0.56522   -0.06489    0.10638    0.99017   18.80000
  -0.43157   -0.94813   -1.00000    0.40176   -1.00000   -0.09465   -0.11132    0.94439   -0.77101   -0.65217   -0.17557   -0.55319    0.75405   19.10000
  -0.65121   -0.99918    0.60000   -0.89370   -1.00000   -0.88477   -0.19448   -0.60865    0.71978   -0.73913   -0.43893    1.00000    0.92889   18.20000
   0.16722   -0.78904   -1.00000    0.29326   -1.00000    0.46091   -0.20828    0.87436   -0.87495    1.00000    0.82824    0.61702    1.00000   12.80000
  -0.09492   -0.79043   -1.00000    0.29326   -1.00000    0.34979    0.00556    0.97322   -0.79412    1.00000    0.82824    0.61702    1.00000   14.10000
  -0.36976   -0.99878   -1.00000   -0.85337   -1.00000   -0.57613   -0.00671    0.35736   -0.60896   -0.82609   -0.97710    0.10638    0.95063   29.60000
  -0.55464   -0.99937   -1.00000   -0.65323   -1.00000   -0.46502   -0.11554   -0.10608   -0.25406   -0.65217   -0.85878    0.61702    1.00000   19.50000
   0.25055   -0.64361   -1.00000    0.29326   -1.00000    0.20988   -0.10519    0.90525   -0.85814    1.00000    0.82824    0.61702   -0.96288    8.30000
  -0.79194   -0.99887   -1.00000   -0.78372   -1.00000   -0.57202    0.32056    0.71782   -0.58314   -0.91304   -0.68321    0.10638    1.00000   23.60000
  -0.89845   -0.99830   -1.00000   -0.82185   -1.00000   -0.75309    0.63211   -0.29969   -0.56977   -0.91304   -0.66031    0.14894    0.98300   43.80000
  -0.48179   -0.98688   -1.00000    0.57111   -1.00000   -0.01646    0.07722    0.95675   -0.78216   -0.73913   -0.04580    0.82979    0.94382   23.00000
  -0.82837   -0.99728   -1.00000   -0.52713   -1.00000   -0.74074    0.22974   -1.00000   -0.16498   -0.82609   -0.82443    0.12766    0.94205   26.60000
  -0.62583   -0.99940   -1.00000   -0.65323   -1.00000   -0.46502   -0.04273   -0.29145   -0.33025   -0.65217   -0.85878    0.61702    0.99617   20.60000
  -0.56457   -0.99900   -1.00000   -0.70454   -1.00000   -0.73663    0.08373   -0.07106   -0.33621   -0.82609   -0.77099    0.25532    1.00000   23.90000
  -0.65949   -0.99409   -1.00000   -0.30792   -1.00000   -0.34568    0.03660    0.64573   -0.61204   -0.73913   -0.55344    0.23404    0.98230   21.60000
  -0.51876   -0.98302   -0.60000   -0.74267   -1.00000    0.07819   -0.23395    0.23378   -0.84416   -0.65217   -0.70611   -0.91489    0.97731   22.80000
  -0.11700   -0.87783   -1.00000    0.29326   -1.00000    0.34979    0.18567    0.96293   -0.77710    1.00000    0.82824    0.61702    0.79016   15.20000
  -0.80132   -0.99859   -1.00000   -0.87390   -1.00000   -0.69959    0.37421    0.05664   -0.10291   -0.82609   -0.86641    0.29787    1.00000   36.20000
  -0.59327   -0.99826   -1.00000   -0.09311   -1.00000   -0.78601   -0.11362   -0.30587   -0.38655   -0.65217   -0.19466    0.29787    0.99576   20.30000
   0.38466   -0.92549   -1.00000    0.40176    1.00000    1.00000   -0.29412    1.00000   -0.96508   -0.65217   -0.17557   -0.55319    1.00000   13.40000
  -0.81402   -0.99810   -0.10000   -0.78153   -1.00000   -0.78601    0.29910   -0.61689   -0.02696   -0.65217   -0.19466   -0.44681    0.90307   37.00000
  -0.37804   -0.99342   -0.60000   -0.52346   -1.00000   -0.67490   -0.12052   -0.19258   -0.39994   -0.82609   -0.86260    0.27660    0.95839   21.10000
  -0.31457   -0.99591   -1.00000   -0.52713   -1.00000   -0.74074   -0.14735   -0.37384   -0.27783   -0.82609   -0.82443    0.12766    1.00000   20.00000
  -0.79249   -0.99835    0.20000   -0.90982   -1.00000   -0.89300    0.15654   -0.32029    0.74244   -0.73913   -0.14504    0.21277    0.86827   24.10000
  -0.72406   -0.99766   -0.50000   -0.65763   -1.00000   -0.72016    0.10941    0.33677    0.10866   -0.39130   -0.62977    0.51064    1.00000   22.20000
  -0.82726   -0.99789   -0.32000   -0.58724   -1.00000   -0.80247    0.31098   -0.69516   -0.20667   -0.47826   -0.45801   -0.25532    0.96737   33.10000
  -0.73841   -0.99845   -0.34000   -0.87390   -1.00000   -0.64197    0.47883    0.42121   -0.64179   -0.47826   -0.86641    0.23404    1.00000   33.40000
  -0.22958   -0.72483   -1.00000    0.29326   -1.00000   -0.18107   -0.12780    0.16993   -0.84214    1.00000    0.82824    0.61702   -0.87730   10.20000
  -0.09823   -0.99777   -1.00000    1.00000   -1.00000   -0.07819   -0.07185    0.97528   -0.86569   -0.73913    1.00000    0.59574    0.96576   13.60000
  -0.65121   -0.99970   -0.65000   -0.93255   -1.00000   -0.87202    0.35773    0.16581    0.47192   -0.82609   -0.88931    0.27660    0.98154   33.00000
  -0.23731   -0.99422   -1.00000   -0.40616   -1.00000   -0.44444    0.02242    0.81874   -0.74256   -0.65217   -0.24809    0.76596    0.97141   19.40000
  -0.45199   -0.89568   -1.00000    0.29326   -1.00000   -0.05761    0.31021    0.33265   -0.74478    1.00000    0.82824    0.61702    0.88794   29.80000
  -0.43433   -0.97761   -1.00000   -0.43695   -1.00000   -0.37037    0.19295    0.73841   -0.43449   -0.73913   -0.54199    0.78723    0.91593   21.00000
   0.40894   -0.99144   -1.00000    0.84677   -1.00000   -0.19342   -0.21364    0.90937   -0.88586   -0.91304   -0.99618    0.38298    0.81033   15.70000
  -0.18433   -0.98125   -1.00000   -0.43695   -1.00000   -0.37037   -0.21901    0.70546   -0.39528   -0.73913   -0.54199    0.78723    0.52857   13.90000
  -0.75607   -0.99332   -1.00000   -0.49267   -1.00000   -0.55556    0.05422   -0.46447   -0.22045   -0.65217   -0.61832    0.48936    1.00000   23.00000
  -0.29415   -0.15352   -1.00000    0.29326   -1.00000    0.20988    0.01207    0.56128   -0.86664    1.00000    0.82824    0.61702   -0.90670   10.90000
  -0.90011   -0.99185   -0.56000   -0.60411   -1.00000   -0.81070    0.80034   -0.88671    0.41442   -0.47826   -0.45420    0.38298    1.00000   42.80000
  -0.84216   -0.99931   -0.60000   -0.78959   -1.00000   -0.76173    0.30561   -0.29351   -0.25159   -0.65217   -0.88931   -0.51064    0.97645   35.40000
  -0.67826   -0.99866   -1.00000   -0.85337   -1.00000   -0.57613    0.61104    0.65602   -0.70694   -0.82609   -0.97710    0.10638    0.99324   39.80000
   0.02539   -0.78443   -1.00000    0.29326   -1.00000    0.26749    0.08948    1.00000   -0.90736    1.00000    0.82824    0.61702    0.89515   12.10000
  -0.70144   -0.99927    0.05000   -0.64370   -1.00000   -0.91770    0.01475   -0.41504    0.12534   -0.56522   -0.59542   -0.14894    1.00000   23.20000
  -0.39625   -0.99876   -1.00000   -0.71188   -1.00000   -0.76543   -0.10443    0.01751    0.25199   -0.82609   -0.37023    0.31915    0.83716   17.20000
  -0.30464   -0.99510   -1.00000   -0.32331   -1.00000   -0.17696   -0.05499    0.58187   -0.75109   -0.56522   -0.22137    0.40426    1.00000   16.80000
  -0.22903   -0.84228   -1.00000    0.29326   -1.00000    0.37037   -0.06304    0.90319   -0.86451    1.00000    0.82824    0.61702    0.61208   14.20000
   0.08885   -0.99098   -1.00000   -0.57918    1.00000   -0.49794   -0.00249    0.82080   -0.65110   -0.39130   -0.54199    0.02128    0.99163   21.70000
   0.23786   -0.99360   -1.00000    0.57111   -1.00000   -0.01646    0.00134    0.86818   -0.91228   -0.73913   -0.04580    0.82979    0.95552   14.00000
  -0.05795   -0.99499   -1.00000   -0.52713   -1.00000   -0.74074   -0.05384    0.70134   -0.17071   -0.82609   -0.82443    0.12766    0.97902   16.60000
  -0.80905   -0.99727   -0.40000   -0.67229   -1.00000   -0.82305    0.08527   -0.89907    0.07410   -0.56522   -0.56870   -0.14894    0.88809   23.70000
  -0.29857   -0.99628   -0.50000   -0.65763   -1.00000   -0.72016   -0.07837    0.86406    0.03464   -0.39130   -0.62977    0.51064    0.90509   16.00000
  -0.22130   -0.99697   -1.00000   -0.01320   -1.00000   -0.78601   -0.14581    0.13491   -0.05602   -0.73913   -0.61069   -0.27660    1.00000   20.30000
  -0.00386   -0.67558   -1.00000    0.29326   -1.00000   -0.12757    0.26116    1.00000   -0.93891    1.00000    0.82824    0.61702   -0.09708   27.50000
  -0.57064   -0.99918    0.05000   -0.64370   -1.00000   -0.91770    0.15118   -0.58805    0.12534   -0.56522   -0.59542   -0.14894    0.87301   24.80000
   0.00166   -0.97792   -1.00000   -0.43695   -1.00000   -0.37037   -0.13700    1.00000   -0.46065   -0.73913   -0.54199    0.78723    0.98810   14.50000
  -0.26214   -0.99615   -1.00000   -0.32331   -1.00000   -0.17696   -0.23050    0.45417   -0.76897   -0.56522   -0.22137    0.40426    0.99430   17.50000
  -0.74448   -0.99087   -1.00000   -0.57918   -1.00000   -0.51029    0.38034    0.58599   -0.62060   -0.39130   -0.54199    0.02128    0.87483   31.60000
  -0.13300   -0.84913   -1.00000    0.29326   -1.00000    0.34979    0.22169    0.84758   -0.78285    1.00000    0.82824    0.61702   -1.00000   13.40000
  -0.29029   -0.99222   -1.00000    0.57111   -1.00000   -0.01646    0.10864    0.96704   -0.86902   -0.73913   -0.04580    0.82979    0.98578   17.10000
   0.23344   -0.79021   -1.00000    0.29326   -1.00000    0.20988    0.08028    0.90937   -0.84748    1.00000    0.82824    0.61702   -0.69540    9.50000
  -0.41446   -0.99887   -1.00000   -0.09311   -1.00000   -0.78601    0.02357    0.04634   -0.29353   -0.65217   -0.19466    0.29787    0.94705   21.20000
  -0.71358   -0.99865   -1.00000   -0.73680   -1.00000   -0.48560    0.26423    0.47271   -0.67524   -0.65217   -0.58397   -0.14894    0.97161   29.90000
  -0.47627   -0.99783   -0.40000   -0.67229   -1.00000   -0.82305    0.07185    0.02987    0.07410   -0.56522   -0.56870   -0.14894    0.87821   22.20000
   0.07119   -0.99363   -1.00000   -0.32331   -1.00000   -0.17696   -0.29910    0.44181   -0.69646   -0.56522   -0.22137    0.40426    1.00000   19.70000
  -0.27870   -0.99984    0.50000   -0.74047   -1.00000   -0.89712   -0.10826   -0.07930    0.12579   -0.82609    0.07634    0.80851    1.00000   18.90000
   0.09216   -0.83453   -1.00000    0.29326   -1.00000    0.20988    0.00862    0.54892   -0.85341    1.00000    0.82824    0.61702   -0.51379   11.00000
  -0.67605   -0.99911    0.05000   -0.64370   -1.00000   -0.91770    0.05537   -0.12049    0.12534   -0.56522   -0.59542   -0.14894    1.00000   22.30000
  -0.36589   -0.82392   -1.00000    0.29326   -1.00000    0.11111    0.01475    0.28733   -0.66649    1.00000    0.82824    0.61702    1.00000   21.40000
  -0.82947   -0.99810   -1.00000   -0.85337   -1.00000   -0.57613    0.37728    0.83934   -0.71428   -0.82609   -0.97710    0.10638    0.98598   37.90000
  -0.60927   -0.99909   -1.00000   -0.78372   -1.00000   -0.57202    0.09446    0.30175   -0.64304   -0.91304   -0.68321    0.10638    0.97620   22.60000
  -0.29912   -0.97300   -1.00000    0.40176   -1.00000   -0.09465   -0.11324    0.88877   -0.76424   -0.65217   -0.17557   -0.55319    0.47244   17.40000
  -0.92108   -0.98799   -0.60000   -0.74267   -1.00000   -0.21811    0.49799    0.02369   -0.68311   -0.65217   -0.70611   -0.91489    0.96671   43.50000
  -0.84216   -0.97264   -1.00000    0.40176   -1.00000   -0.09465    0.29603    0.94645   -0.86402   -0.65217   -0.17557   -0.55319    0.83121   41.30000
  -0.35927   -0.94667   -1.00000    0.29326   -1.00000   -0.18518   -0.11477   -0.19670   -0.52816    1.00000    0.82824    0.61702    0.86802   20.60000
  -0.53201   -0.99629   -1.00000   -0.52713   -1.00000   -0.74074   -0.18720   -0.36354   -0.27783   -0.82609   -0.82443    0.12766    1.00000   19.30000
  -0.60210   -0.99800   -1.00000   -0.09311   -1.00000   -0.78601    0.04426   -0.13285   -0.38655   -0.65217   -0.19466    0.29787    0.93106   21.40000
   0.15949   -0.73461   -1.00000    0.29326   -1.00000    0.37037    0.25043    0.51596   -0.87917    1.00000    0.82824    0.61702   -0.75728    8.40000
  -0.55795   -0.99891   -1.00000   -0.65323   -1.00000   -0.46502   -0.07109   -0.12461   -0.33025   -0.65217   -0.85878    0.61702    1.00000   19.00000
   0.36148   -0.83371   -1.00000    0.29326   -1.00000   -0.12757   -0.21211    0.95675   -0.94087    1.00000    0.82824    0.61702    0.58515   17.20000
  -0.08389   -0.99299   -1.00000   -0.30792   -1.00000   -0.34568   -0.09829    0.65397   -0.47822   -0.73913   -0.55344    0.23404    0.96873   17.80000
  -0.73510   -0.99885   -1.00000   -0.70454   -1.00000   -0.73663    0.17609    0.09578   -0.39836   -0.82609   -0.77099    0.25532    0.97680   26.60000
  -0.35375   -0.55934   -1.00000    0.29326   -1.00000    0.17696    0.43782    0.95675   -0.96605    1.00000    0.82824    0.61702    1.00000   15.00000
  -0.31236   -0.91389   -1.00000    0.29326   -1.00000    0.58436    0.03085    0.81668   -0.78796    1.00000    0.82824    0.61702    0.76676   19.90000
  -0.18819   -0.77704   -1.00000    0.29326   -1.00000    0.46091    0.03085    0.92997   -0.80569    1.00000    0.82824    0.61702    0.95774   12.60000
  -0.84989   -0.99974    0.90000   -0.92595   -1.00000   -0.92593    0.36961   -0.77343    0.18648   -0.82609   -0.17939   -0.06383    0.93646   32.90000
  -0.31733   -0.99411   -1.00000   -0.32331   -1.00000   -0.17696   -0.14428    0.39444   -0.67935   -0.56522   -0.22137    0.40426    1.00000   18.30000
  -0.92274   -0.99155   -1.00000   -0.57918   -1.00000   -0.51029    0.71642    0.72194   -0.62060   -0.39130   -0.54199    0.02128    0.95199   37.60000
  -0.80574   -0.98974   -1.00000   -0.57918   -1.00000   -0.51029    0.47576    0.52420   -0.53771   -0.39130   -0.54199    0.02128    0.89530   31.70000
  -0.15232   -0.99515   -1.00000   -0.29985   -1.00000   -0.33333   -0.03008    0.90525   -0.74204   -0.56522   -0.06489    0.10638    1.00000   18.70000
  -0.14018   -0.97820   -1.00000    0.57111   -1.00000   -0.01646   -0.15846    0.96704   -0.77877   -0.73913   -0.04580    0.82979    0.32352   15.60000
   0.59492   -0.54864   -1.00000    0.29326   -1.00000    0.29630   -0.69074    0.81874   -0.94364    1.00000    0.82824    0.61702    0.43986    8.80000
  -0.69812   -0.99638   -1.00000   -0.49267   -1.00000   -0.55556    0.09791    0.01751   -0.37968   -0.65217   -0.61832    0.48936    1.00000   23.80000
   0.38190   -0.43712   -1.00000    0.29326   -1.00000    0.26749   -0.07032    1.00000   -0.91649    1.00000    0.82824    0.61702    1.00000    5.60000
  -0.72130   -0.99837   -1.00000   -0.09311   -1.00000   -0.78601    0.03928   -0.93615   -0.43222   -0.65217   -0.19466    0.29787    0.99001   24.10000
  -0.06015   -0.88116   -1.00000    0.29326   -1.00000    0.29630   -0.04579    0.63955   -0.81118    1.00000    0.82824    0.61702    0.90660   23.20000
  -0.76932   -0.98845   -0.60000   -0.74267   -1.00000    0.07819    0.85361    0.82492   -0.78923   -0.65217   -0.70611   -0.91489    0.94937   48.80000
  -0.54525   -0.99865   -1.00000   -0.79619   -1.00000   -0.69136   -0.11592   -0.52832   -0.25706   -0.73913   -0.07252   -0.08511    0.92708   19.30000
   1.00000   -0.58431   -1.00000    0.29326   -1.00000    0.16461   -0.77889    1.00000   -0.99865    1.00000    0.82824    0.61702    1.00000   13.80000
  -0.38245   -0.99477   -1.00000   -0.32331   -1.00000   -0.17696   -0.05806    0.28527   -0.76730   -0.56522   -0.22137    0.40426    1.00000   21.20000
  -1.00000   -0.96725   -1.00000    0.40176   -1.00000   -0.09465    0.50527    0.81051   -0.84699   -0.65217   -0.17557   -0.55319    0.88668   50.00000
  -0.68764   -0.99893   -1.00000   -0.01320   -1.00000   -0.78601    0.14505   -0.00927   -0.12143   -0.73913   -0.61069   -0.27660    0.97957   27.10000
  -0.51600   -0.99757   -1.00000   -0.01540    1.00000   -0.32099    0.07760    0.84346   -0.59376   -0.65217   -0.66031   -0.19149    0.98406   23.00000
  -0.56126   -0.99870   -1.00000   -0.59677   -1.00000   -0.53086   -0.09101    0.34501   -0.59430   -0.65217   -0.64886    0.40426    1.00000   18.90000
  -0.74448   -0.99972    0.70000   -0.72947   -1.00000   -0.81893    0.13240   -0.48919    0.34687   -0.73913   -0.37405    0.12766    0.97746   23.10000
  -0.53532   -0.99572   -0.56000   -0.60411   -1.00000   -0.81070    0.02127    0.57158    0.25961   -0.47826   -0.45420    0.38298    0.89530   20.50000
  -0.37804   -0.99772   -1.00000   -0.40616   -1.00000   -0.44444    0.00939    0.06076   -0.70024   -0.65217   -0.24809    0.76596    0.98280   21.70000
  -0.83996   -0.98830   -1.00000   -0.57918   -1.00000   -0.51029    0.97892    0.64985   -0.67904   -0.39130   -0.54199    0.02128    0.92486   50.00000
  -0.56181   -0.99873   -1.00000   -0.15909   -1.00000   -0.22634    0.16191    0.36354   -0.75466   -1.00000   -0.67176    0.78723    0.97524   22.40000
   0.07561   -0.68429   -1.00000    0.29326   -1.00000   -0.12757    0.18643    1.00000   -0.92763    1.00000    0.82824    0.61702   -0.82485   17.20000
  -0.18929   -0.89197   -1.00000    0.29326   -1.00000    0.34979    0.20330    0.79403   -0.73303    1.00000    0.82824    0.61702    0.28554   16.40000
  -0.09934   -0.67597   -1.00000    0.29326   -1.00000    0.46091    0.11132    0.86200   -0.84123    1.00000    0.82824    0.61702   -0.86298    9.60000
  -0.61148   -0.99834   -1.00000   -0.59677   -1.00000   -0.53086   -0.12282   -0.20494   -0.48993   -0.65217   -0.64886    0.40426    1.00000   21.00000
  -0.51435   -0.99944   -1.00000   -0.71188   -1.00000   -0.76543   -0.05997   -0.06076    0.25199   -0.82609   -0.37023    0.31915    0.94321   17.50000
  -0.61810   -0.99958   -1.00000   -0.89516   -1.00000   -0.45267    0.14160    0.16993   -0.06568   -1.00000   -0.10305   -0.29787    0.96500   16.50000
  -0.52704   -0.99675   -1.00000   -0.29985   -1.00000   -0.33333   -0.05729    0.64161   -0.70577   -0.56522   -0.06489    0.10638    0.98795   19.20000
   0.06457   -0.97200   -1.00000   -0.43695   -1.00000   -0.37037   -0.23012    0.96086   -0.51472   -0.73913   -0.54199    0.78723    0.89747   13.60000
  -0.36258   -0.96651   -1.00000    0.40176   -1.00000    1.00000   -0.29373    1.00000   -0.91598   -0.65217   -0.17557   -0.55319    0.72112   19.60000
   0.27925   -0.66242   -1.00000    0.29326   -1.00000   -0.05761   -0.33206    0.94439   -0.82339    1.00000    0.82824    0.61702    0.76086   12.00000
   0.80353   -0.96353   -1.00000    0.57111   -1.00000   -0.01646   -0.44127    1.00000   -0.94366   -0.73913   -0.04580    0.82979    1.00000   14.40000
  -0.52373   -0.99110   -1.00000   -0.30792   -1.00000   -0.34568    0.08105    0.32441   -0.56299   -0.73913   -0.55344    0.23404    0.99148   23.10000
  -0.82781   -0.99541   -0.60000   -0.78959   -1.00000   -0.76173    0.24583   -0.39650   -0.45965   -0.65217   -0.88931   -0.51064    1.00000   35.10000
  -0.30298   -0.91992   -1.00000    0.29326   -1.00000   -0.19753    0.10213    0.48507   -0.67866    1.00000    0.82824    0.61702    0.98220   23.20000
  -0.91225   -0.96600   -1.00000    0.40176    1.00000   -0.09465    0.84480    0.87436   -0.81224   -0.65217   -0.17557   -0.55319    0.95739   50.00000
  -0.57395   -0.99859   -1.00000   -0.85337   -1.00000   -0.57613   -0.01016    0.22142   -0.73296   -0.82609   -0.97710    0.10638    1.00000   36.20000
  -0.38907   -0.98277   -1.00000   -0.43695   -1.00000   -0.37037    0.12435    0.88465   -0.39527   -0.73913   -0.54199    0.78723    0.95481   18.40000
  -0.59106   -0.99953   -1.00000   -0.51540   -1.00000   -0.65432    0.09600    0.56540   -0.30208   -0.91304   -0.79008    0.10638    1.00000   21.60000
  -0.90066   -0.99829   -0.56000   -0.60411   -1.00000   -0.81070    0.30140   -0.91967    0.41442   -0.47826   -0.45420    0.38298    0.94548   29.60000
  -0.93212   -0.85315   -1.00000    0.29326    1.00000    0.01235    0.32401    0.94851   -0.98676    1.00000    0.82824    0.61702    0.97554   50.00000
  -0.15177   -0.99632   -0.75000   -0.45674   -1.00000   -0.42798   -0.06381    0.70958   -0.00654   -0.65217   -0.52672   -0.44681    0.94861   18.90000
  -0.19978   -0.82588   -1.00000    0.29326   -1.00000    0.34979    0.05001    0.66426   -0.69928    1.00000    0.82824    0.61702    0.37117   14.90000
  -0.17163   -0.81473   -1.00000    0.29326   -1.00000    0.34979    0.46848    0.98558   -0.75937    1.00000    0.82824    0.61702    0.89394   17.80000
   0.36258   -0.90803   -1.00000    0.40176   -1.00000    1.00000   -0.26921    1.00000   -0.94868   -0.65217   -0.17557   -0.55319    1.00000   15.60000
  -0.50883   -0.99500   -1.00000   -0.40616   -1.00000   -0.44444    0.08986    0.69928   -0.71172   -0.65217   -0.24809    0.76596   -0.64456   18.60000
  -0.91170   -0.99935    0.60000   -0.67082   -1.00000   -0.89300    0.26461   -0.48507   -0.27487   -0.73913   -0.77863    0.40426    1.00000   28.50000
  -0.72848   -0.99740   -1.00000   -0.82185   -1.00000   -0.75309    0.17417    0.13079   -0.56977   -0.91304   -0.66031    0.14894    0.80372   28.40000
  -0.78091   -0.99895   -1.00000   -0.78372   -1.00000   -0.57202    0.34815    0.23996   -0.58445   -0.91304   -0.68321    0.10638    0.99576   28.70000
  -0.07671   -0.99584   -0.56000   -0.60411   -1.00000   -0.81070   -0.21671    0.38620    0.24131   -0.47826   -0.45420    0.38298    0.96081   18.50000
  -0.95916   -0.98721   -1.00000   -0.57918   -1.00000   -0.49794    0.83024    0.45005   -0.50735   -0.39130   -0.54199    0.02128    0.94458   41.70000
  -0.82119   -0.99869    0.40000   -0.86950   -1.00000   -0.93827    0.06687   -0.64573    0.21820   -0.65217   -0.34733   -0.53191    0.85546   22.50000
  -0.90066   -0.99887   -0.20000   -0.56378    1.00000   -0.74486    0.22514   -0.38208   -0.46385   -0.73913   -0.74428    0.06383    1.00000   32.40000
  -0.78201   -0.99789   -1.00000   -0.85337   -1.00000   -0.57613    0.15041    0.90937   -0.68766   -0.82609   -0.97710    0.10638    1.00000   32.50000
   0.22792   -0.76024   -1.00000    0.29326   -1.00000    0.46091    0.11056    0.89289   -0.84390    1.00000    0.82824    0.61702   -0.78446   11.80000
  -0.51269   -0.99946   -1.00000   -0.65323   -1.00000   -0.46502   -0.10558    0.16787   -0.18424   -0.65217   -0.85878    0.61702    0.98946   18.50000
  -0.09879   -0.99675   -1.00000    1.00000   -1.00000   -0.07819   -0.27457    0.84964   -0.87427   -0.73913    1.00000    0.59574    0.99087   15.20000
  -0.06291   -0.78628   -1.00000    0.29326   -1.00000    0.34979    0.21364    0.87848   -0.75148    1.00000    0.82824    0.61702   -0.96793   14.90000
  -0.30243   -0.99859   -1.00000    0.84677   -1.00000   -0.19342   -0.11516    0.37590   -0.79483   -0.91304   -0.99618    0.38298    0.96092   22.00000
  -0.46965   -0.99756   -1.00000   -0.82185   -1.00000   -0.75309   -0.00287    0.37384   -0.56977   -0.91304   -0.66031    0.14894    0.97443   21.40000
  -0.83775   -0.99934    0.60000   -0.78666   -1.00000   -0.94650    0.04579   -0.69310   -0.00301   -0.73913   -0.42748   -0.25532    1.00000   23.50000
  -0.67053   -0.99225   -1.00000   -0.49267   -1.00000   -0.55556   -0.04963   -0.03193   -0.34682   -0.65217   -0.61832    0.48936    1.00000   20.40000
  -0.88962   -0.87268   -1.00000    0.29326    1.00000    0.01235    0.19640    0.93409   -0.95870    1.00000    0.82824    0.61702    0.89122   50.00000
   0.25993   -0.82047   -1.00000    0.29326   -1.00000    0.29630   -0.24928    1.00000   -0.92662    1.00000    0.82824    0.61702    1.00000   12.30000
  -0.20475   -0.94514   -1.00000    0.40176   -1.00000    1.00000   -0.34432    0.87642   -0.88964   -0.65217   -0.17557   -0.55319   -0.55464   13.10000
  -0.45309   -0.94973   -1.00000    0.40176   -1.00000   -0.09465   -0.12129    0.83110   -0.76495   -0.65217   -0.17557   -0.55319    0.99097   22.70000
  -0.64128   -0.99990    0.10000   -0.86877   -1.00000   -0.98354    0.10826   -0.40268    0.12353   -1.00000   -0.56870   -0.42553    0.98901   22.00000
  -0.12528   -0.99793   -1.00000    0.84677   -1.00000   -0.19342   -0.11171    0.91349   -0.84055   -0.91304   -0.99618    0.38298    0.91165   18.80000
  -0.74945   -0.99723   -1.00000   -0.01320   -1.00000   -0.78601    0.19448   -0.41916   -0.12143   -0.73913   -0.61069   -0.27660    1.00000   28.60000
  -0.47296   -0.98383   -1.00000   -0.43695   -1.00000   -0.37037   -0.16996    0.37178   -0.51497   -0.73913   -0.54199    0.78723    0.96999   18.20000
   0.22792   -0.99170   -1.00000   -0.25733    1.00000   -0.57202   -0.29373    0.76519   -0.53889   -0.73913   -0.65649    0.27660    0.99163   19.30000
   0.05519   -0.81689   -1.00000    0.29326   -1.00000    0.29630   -0.29910    0.97734   -0.89115    1.00000    0.82824    0.61702    1.00000   11.50000
  -0.71302   -0.99890   -0.34000   -0.87390   -1.00000   -0.64197    0.40832   -0.21318   -0.47396   -0.47826   -0.86641    0.23404    0.98376   36.10000
  -0.68488   -0.99656   -1.00000   -0.52713   -1.00000   -0.74074    0.01552   -0.92585   -0.16498   -0.82609   -0.82443    0.12766    0.98770   24.70000
  -0.52870   -0.99818   -1.00000   -0.09311   -1.00000   -0.78601   -0.01169   -0.11638   -0.46150   -0.65217   -0.19466    0.29787    0.94987   20.80000
  -0.01821   -0.78155   -1.00000    0.29326   -1.00000    0.46091    0.09025    0.94233   -0.82986    1.00000    0.82824    0.61702    0.94483   17.10000
  -0.35872   -0.99764   -1.00000    1.00000   -1.00000   -0.07819   -0.07185    0.66014   -0.82171   -0.73913    1.00000    0.59574    1.00000   20.10000
  -0.43488   -0.99786   -1.00000   -0.09311   -1.00000   -0.78601    0.04158    0.47477   -0.46847   -0.65217   -0.19466    0.29787    0.88280   20.00000
  -0.16060   -0.81580   -1.00000    0.29326   -1.00000    0.34979   -0.08986    0.59423   -0.69999    1.00000    0.82824    0.61702   -0.98396   13.50000
   0.02704   -0.96389   -1.00000   -0.43695   -1.00000   -0.37037   -0.02855    0.93615   -0.52165   -0.73913   -0.54199    0.78723    0.25064   13.50000
  -0.16280   -0.99289   -1.00000    0.57111   -1.00000   -0.01646   -0.08756    0.86612   -0.84772   -0.73913   -0.04580    0.82979    0.90595   17.40000
   0.21744   -0.71235   -1.00000    0.29326   -1.00000    0.46091   -0.12129    0.92997   -0.86069    1.00000    0.82824    0.61702    0.21136   10.80000
  -0.02980   -0.83096   -1.00000    0.29326   -1.00000    0.34979    0.09446    0.96498   -0.80805    1.00000    0.82824    0.61702    0.53255   13.00000
  -0.39294   -0.98945   -1.00000   -0.30792   -1.00000   -0.34568   -0.02203    0.15139   -0.47762   -0.73913   -0.55344    0.23404    0.99662   21.00000
  -0.81788   -0.99965    0.20000   -0.81891   -1.00000   -0.93416    0.24123   -0.85582   -0.07428   -1.00000   -0.70229   -0.36170    0.98220   31.10000
  -0.57561   -0.99680   -1.00000   -0.40616   -1.00000   -0.44444    0.21326    0.58599   -0.70024   -0.65217   -0.24809    0.76596    0.98921   27.50000
   0.43874   -0.94666   -1.00000    0.40176   -1.00000    1.00000   -0.01552    1.00000   -0.94735   -0.65217   -0.17557   -0.55319   -0.12961   13.80000
  -0.22572   -0.99629   -1.00000   -0.29985   -1.00000   -0.33333   -0.09293    0.75695   -0.75748   -0.56522   -0.06489    0.10638    0.73781   18.30000
  -0.42550   -0.95967   -1.00000    0.40176   -1.00000   -0.09465   -0.11247    0.57158   -0.76424   -0.65217   -0.17557   -0.55319    0.14625   23.80000
  -0.63962   -0.98599   -1.00000   -0.43695   -1.00000   -0.37037   -0.08488    0.21318   -0.34929   -0.73913   -0.54199    0.78723    1.00000   20.40000
  -0.20033   -0.87468   -1.00000    0.29326   -1.00000    0.34979    0.10174    0.75077   -0.78427    1.00000    0.82824    0.61702   -0.49634   14.30000
   0.54249   -0.99548   -1.00000    1.00000   -1.00000   -0.07819   -0.41291    0.95880   -0.87396   -0.73913    1.00000    0.59574    0.60427    8.10000
  -0.53311   -0.91746   -1.00000    0.29326   -1.00000    0.58436   -0.30983    0.92173   -0.82286    1.00000    0.82824    0.61702    0.91875   20.80000
  -0.15121   -0.84364   -1.00000    0.29326   -1.00000    0.29630   -0.17532    0.93821   -0.85507    1.00000    0.82824    0.61702    0.98754   15.10000
  -0.25828   -0.68738   -1.00000    0.29326   -1.00000    0.34979    0.01437    0.89701   -0.80129    1.00000    0.82824    0.61702   -0.49412   11.70000
   0.60486   -0.62222   -1.00000    0.29326   -1.00000    0.29630   -0.34240    0.96086   -0.94608    1.00000    0.82824    0.61702    1.00000    7.20000
  -0.00883   -0.77395   -1.00000    0.29326   -1.00000   -0.18107    0.25388    0.88260   -0.82566    1.00000    0.82824    0.61702   -0.59146   14.10000
  -0.77704   -0.99968    0.70000   -0.97947   -1.00000   -0.89712    0.08143   -0.32441    0.46550   -0.91304   -0.51908    0.00000    1.00000   24.70000
  -0.44867   -0.99426   -1.00000   -0.30792   -1.00000   -0.34568   -0.05652    0.80227   -0.69002   -0.73913   -0.55344    0.23404    0.99697   19.40000
  -0.62804   -0.98604   -1.00000   -0.43695   -1.00000   -0.37037   -0.12895    0.10402   -0.38728   -0.73913   -0.54199    0.78723    0.99355   19.90000
  -0.66556   -0.99851    0.20000   -0.90982   -1.00000   -0.89300   -0.10979   -0.67868    0.74244   -0.73913   -0.14504    0.21277    0.97695   18.60000
  -0.09879   -0.99448   -1.00000   -0.25733   -1.00000   -0.57202   -0.14850    0.43769   -0.41342   -0.73913   -0.65649    0.27660    0.96233   22.50000
  -0.14680   -0.99432   -1.00000    0.57111   -1.00000   -0.01646   -0.18298    0.91761   -0.88020   -0.73913   -0.04580    0.82979    0.97584   16.20000
  -0.83665   -0.99859   -0.10000   -0.78153   -1.00000   -0.78601    0.21786   -0.42534   -0.02696   -0.65217   -0.19466   -0.44681    0.96374   30.50000
  -0.75386   -0.99860   -1.00000   -0.82185   -1.00000   -0.75309    0.47729    0.22760   -0.56977   -0.91304   -0.66031    0.14894    1.00000   33.20000
  -0.43157   -0.85528   -1.00000    0.29326   -1.00000   -0.18107    0.09753    0.48095   -0.80525    1.00000    0.82824    0.61702   -0.50764   16.10000
  -0.56071   -0.99857   -1.00000   -0.01540   -1.00000   -0.32099    0.18069    0.69310   -0.58325   -0.65217   -0.66031   -0.19149    0.97922   28.70000
  -0.37583   -0.96969   -1.00000   -0.43695   -1.00000   -0.37037   -0.03775    1.00000   -0.44614   -0.73913   -0.54199    0.78723    0.89828   14.50000
  -0.34547   -0.99386   -1.00000   -0.32331   -1.00000   -0.17696   -0.09370   -0.18229   -0.77228   -0.56522   -0.22137    0.40426    1.00000   24.50000
  -0.41887   -0.97332   -1.00000    0.57111   -1.00000   -0.01646    0.05959    0.95263   -0.79241   -0.73913   -0.04580    0.82979    1.00000   19.60000
  -0.80408   -0.99894   -0.58000   -0.62024   -1.00000   -0.77778    0.13048   -0.62513    0.03395   -0.73913   -0.78626   -0.10638    1.00000   25.00000
  -0.70861   -0.87131   -1.00000    0.29326   -1.00000   -0.39506    0.34125    0.52626   -0.58516    1.00000    0.82824    0.61702    0.99183   25.00000
  -0.10651   -0.99765   -1.00000   -0.01540    1.00000   -0.32099   -0.08412    0.87230   -0.67996   -0.65217   -0.66031   -0.19149    1.00000   21.50000
  -0.43101   -0.99718   -1.00000   -0.29985   -1.00000   -0.33333    0.00211    0.43357   -0.70892   -0.56522   -0.06489    0.10638    0.98185   21.20000
   0.80132   -0.57728   -1.00000    0.29326   -1.00000   -0.12757   -0.59111    1.00000   -0.92283    1.00000    0.82824    0.61702   -0.85642   17.90000
   0.32782   -0.75659   -1.00000    0.29326   -1.00000    0.20988    0.23434    0.81051   -0.87453    1.00000    0.82824    0.61702   -0.89283    7.50000
  -0.12417   -0.79821   -1.00000    0.29326    1.00000    0.58436    0.01590    0.94645   -0.81948    1.00000    0.82824    0.61702    0.90332   17.80000
   0.94536    0.02821   -1.00000    0.29326   -1.00000    0.26749   -0.63288    1.00000   -0.90386    1.00000    0.82824    0.61702   -0.55646    7.00000
   0.17274    0.52669   -1.00000    0.29326   -1.00000    0.26749   -0.18682    1.00000   -0.94620    1.00000    0.82824    0.61702    0.93984    5.00000
  -0.53753    0.14937   -1.00000    0.29326   -1.00000   -0.12757   -0.15846    1.00000   -0.94846    1.00000    0.82824    0.61702   -0.98850   15.00000
  -0.88797   -0.99021   -1.00000   -0.57918   -1.00000   -0.51029    0.14620   -0.61895   -0.59161   -0.39130   -0.54199    0.02128    0.91649   31.50000
  -0.34989   -0.99912   -1.00000   -0.01540    1.00000   -0.32099   -0.10826    0.09372   -0.63944   -0.65217   -0.66031   -0.19149    0.97932   23.30000
  -0.80353   -0.99922   -0.50000   -0.67742   -1.00000   -0.83128    0.21326   -0.36972   -0.22322   -0.73913   -0.64122    0.36170    1.00000   28.00000
  -0.05519   -0.77610   -1.00000    0.29326   -1.00000    0.46091    0.12052    1.00000   -0.84563    1.00000    0.82824    0.61702    0.94871   15.40000
  -0.31733   -0.96290   -1.00000    0.40176   -1.00000    1.00000   -0.01859    0.94439   -0.91117   -0.65217   -0.17557   -0.55319    0.87846   21.50000
  -0.73289   -0.99906    0.60000   -0.76686   -1.00000   -0.97119   -0.02395   -0.40062    0.47145   -1.00000   -0.51145   -0.19149    0.97978   21.90000
  -0.50276   -0.86922   -1.00000    0.29326   -1.00000   -0.39506    0.02740    0.27292   -0.58268    1.00000    0.82824    0.61702    1.00000   23.00000
   0.12472   -0.50444   -1.00000    0.29326   -1.00000    0.46091   -0.13508    0.84346   -0.86603    1.00000    0.82824    0.61702    0.97252   10.50000
  -0.60265   -0.99891   -0.34000   -0.87390   -1.00000   -0.64197    0.17072    0.13697   -0.59254   -0.47826   -0.86641    0.23404    0.98215   28.40000
  -0.14901   -0.91528   -1.00000    0.29326   -1.00000    0.11111   -0.08373    0.68486   -0.68320    1.00000    0.82824    0.61702   -0.89061   19.00000
  -0.51104   -0.99918   -0.44000    0.06892   -1.00000   -0.67490    0.03008    0.53244   -0.54798   -0.73913   -0.68321    0.19149    1.00000   20.60000
  -0.83609   -0.99933    0.60000   -0.67082   -1.00000   -0.89300    0.17609   -0.57776   -0.27487   -0.73913   -0.77863    0.40426    1.00000   27.90000
   0.17881   -0.99035   -1.00000   -0.25733    1.00000   -0.57202   -0.31673    1.00000   -0.50070   -0.73913   -0.65649    0.27660    1.00000   20.00000
  -0.67936   -0.99575   -1.00000   -0.24120   -1.00000   -0.88477    0.02855   -0.93203   -0.24384   -0.73913   -0.54962    0.40426    0.90050   23.40000
  -0.54525   -0.99229   -1.00000   -0.30792   -1.00000   -0.34568   -0.07607    0.52008   -0.64119   -0.73913   -0.55344    0.23404    0.99667   20.30000
  -0.92384   -0.99980    0.80000   -0.75880   -1.00000   -0.96296    0.49186   -0.35530   -0.05310   -0.82609   -0.78244   -0.29787    0.94675   44.00000
  -0.85375   -0.99982    0.20000   -0.81891   -1.00000   -0.93416    0.16612   -0.67250   -0.07428   -1.00000   -0.70229   -0.36170    0.89813   29.10000
  -0.36976   -0.99679   -0.50000   -0.65763   -1.00000   -0.72016   -0.16459    0.30381    0.10864   -0.39130   -0.62977    0.51064    0.99097   18.70000
  -0.89128   -0.95495   -1.00000    0.40176   -1.00000   -0.09465    0.67388    0.92173   -0.83335   -0.65217   -0.17557   -0.55319    0.86081   50.00000
  -0.31788   -0.99719   -1.00000   -0.40616   -1.00000   -0.44444   -0.01667    0.69516   -0.81944   -0.65217   -0.24809    0.76596    0.95355   20.40000
  -0.73344   -0.99585   -0.56000   -0.60411   -1.00000   -0.81070    0.20981   -0.69928    0.21796   -0.47826   -0.45420    0.38298    0.98406   26.20000
  -0.68488   -0.98714   -0.60000   -0.74267   -1.00000   -0.21811    0.81491    0.32029   -0.76502   -0.65217   -0.70611   -0.91489    0.93767   50.00000
  -0.73234   -0.97645   -1.00000   -0.43695   -1.00000   -0.37037   -0.09025   -0.45623   -0.38728   -0.73913   -0.54199    0.78723    0.94932   23.10000
  -0.67991   -0.99903   -0.34000   -0.87390   -1.00000   -0.64197    0.26001    0.38826   -0.62660   -0.47826   -0.86641    0.23404    1.00000   28.20000
