  -0.15177   -0.99632   -0.75000   -0.45674   -1.00000   -0.42798   -0.06381    0.70958   -0.00654   -0.65217   -0.52672   -0.44681    0.94861   18.90000
  -0.67605   -0.99911    0.05000   -0.64370   -1.00000   -0.91770    0.05537   -0.12049    0.12534   -0.56522   -0.59542   -0.14894    1.00000   22.30000
  -0.21082   -0.99526   -1.00000   -0.25733    1.00000   -0.57202   -0.13930    0.04840   -0.54114   -0.73913   -0.65649    0.27660    0.96994   22.40000
   0.36148   -0.83371   -1.00000    0.29326   -1.00000   -0.12757   -0.21211    0.95675   -0.94087    1.00000    0.82824    0.61702    0.58515   17.20000
  -0.24614   -0.99283   -1.00000    0.57111   -1.00000   -0.01646    0.09983    0.97528   -0.87580   -0.73913   -0.04580    0.82979    1.00000   18.00000
  -0.48289   -0.94843   -1.00000    0.40176   -1.00000   -0.09465    0.05691    0.91967   -0.82351   -0.65217   -0.17557   -0.55319    0.49665   23.80000
  -0.20475   -0.94514   -1.00000    0.40176   -1.00000    1.00000   -0.34432    0.87642   -0.88964   -0.65217   -0.17557   -0.55319   -0.55464   13.10000
   0.94536    0.02821   -1.00000    0.29326   -1.00000    0.26749   -0.63288    1.00000   -0.90386    1.00000    0.82824    0.61702   -0.55646    7.00000
  -0.52042   -0.93679   -1.00000    0.29326   -1.00000   -0.39506   -0.15654   -0.22966   -0.46008    1.00000    0.82824    0.61702    0.97993   21.80000
  -0.59437   -0.99912   -1.00000   -0.15909   -1.00000   -0.22634   -0.01935    0.52008   -0.78941   -1.00000   -0.67176    0.78723    1.00000   20.60000
  -0.46578   -0.99795   -1.00000   -0.59677   -1.00000   -0.53086   -0.12627    0.20494   -0.59110   -0.65217   -0.64886    0.40426    0.90247   20.00000
  -0.08333   -0.98033   -1.00000    0.57111   -1.00000   -0.01646   -0.20445    0.89083   -0.84536   -0.73913   -0.04580    0.82979    1.00000   14.30000
  -0.90011   -0.99185   -0.56000   -0.60411   -1.00000   -0.81070    0.80034   -0.88671    0.41442   -0.47826   -0.45420    0.38298    1.00000   42.80000
  -0.37804   -0.99772   -1.00000   -0.40616   -1.00000   -0.44444    0.00939    0.06076   -0.70024   -0.65217   -0.24809    0.76596    0.98280   21.70000
  -0.32340   -0.85054   -1.00000    0.29326   -1.00000    0.34979    0.05614    0.64985   -0.70814    1.00000    0.82824    0.61702    1.00000   19.50000
  -0.22572   -0.99629   -1.00000   -0.29985   -1.00000   -0.33333   -0.09293    0.75695   -0.75748   -0.56522   -0.06489    0.10638    0.73781   18.30000
  -0.40949   -0.99816   -0.75000   -0.45674   -1.00000   -0.42798   -0.06074    0.31205   -0.19415   -0.65217   -0.52672   -0.44681    0.99344   22.90000
  -0.18433   -0.98125   -1.00000   -0.43695   -1.00000   -0.37037   -0.21901    0.70546   -0.39528   -0.73913   -0.54199    0.78723    0.52857   13.90000
  -0.41115   -0.99776   -0.40000   -0.67229   -1.00000   -0.82305   -0.02893    0.28115   -0.05310   -0.56522   -0.56870   -0.14894    0.98850   20.10000
  -0.19592   -0.98328   -1.00000   -0.43695   -1.00000   -0.37037   -0.09446    0.87848   -0.40529   -0.73913   -0.54199    0.78723    0.98704   15.60000
  -0.42605   -0.73149   -1.00000    0.29326   -1.00000    0.12757   -0.21556    1.00000   -0.97170    1.00000    0.82824    0.61702    0.67316   27.90000
  -0.83996   -0.98830   -1.00000   -0.57918   -1.00000   -0.51029    0.97892    0.64985   -0.67904   -0.39130   -0.54199    0.02128    0.92486   50.00000
  -0.36258   -0.96651   -1.00000    0.40176   -1.00000    1.00000   -0.29373    1.00000   -0.91598   -0.65217   -0.17557   -0.55319    0.72112   19.60000
   0.32782   -0.75659   -1.00000    0.29326   -1.00000    0.20988    0.23434    0.81051   -0.87453    1.00000    0.82824    0.61702   -0.89283    7.50000
  -0.16280   -0.99289   -1.00000    0.57111   -1.00000   -0.01646   -0.08756    0.86612   -0.84772   -0.73913   -0.04580    0.82979    0.90595   17.40000
  -0.65121   -0.99007   -1.00000   -0.57918    1.00000   -0.49794    0.21288    0.30999   -0.54127   -0.39130   -0.54199    0.02128    0.81492   29.00000
  -0.09492   -0.79043   -1.00000    0.29326   -1.00000    0.34979    0.00556    0.97322   -0.79412    1.00000    0.82824    0.61702    1.00000   14.10000
   0.07119   -0.99363   -1.00000   -0.32331   -1.00000   -0.17696   -0.29910    0.44181   -0.69646   -0.56522   -0.22137    0.40426    1.00000   19.70000
  -0.22130   -0.99697   -1.00000   -0.01320   -1.00000   -0.78601   -0.14581    0.13491   -0.05602   -0.73913   -0.61069   -0.27660    1.00000   20.30000
  -0.71302   -0.99890   -0.34000   -0.87390   -1.00000   -0.64197    0.40832   -0.21318   -0.47396   -0.47826   -0.86641    0.23404    0.98376   36.10000
  -0.79249   -0.99835    0.20000   -0.90982   -1.00000   -0.89300    0.15654   -0.32029    0.74244   -0.73913   -0.14504    0.21277    0.86827   24.10000
  -0.59106   -0.99953   -1.00000   -0.51540   -1.00000   -0.65432    0.09600    0.56540   -0.30208   -0.91304   -0.79008    0.10638    1.00000   21.60000
  -0.67605   -0.98632   -1.00000   -0.57918   -1.00000   -0.49794    0.17149    0.60453   -0.61035   -0.39130   -0.54199    0.02128    1.00000   30.10000
  -0.71468   -0.98538   -0.60000   -0.74267   -1.00000    0.07819    0.25733    1.00000   -0.83975   -0.65217   -0.70611   -0.91489    0.97494   30.10000
  -0.21578   -0.99463   -1.00000   -0.30792   -1.00000   -0.34568   -0.14888    0.41710   -0.47220   -0.73913   -0.55344    0.23404    1.00000   19.80000
  -0.31788   -0.99719   -1.00000   -0.40616   -1.00000   -0.44444   -0.01667    0.69516   -0.81944   -0.65217   -0.24809    0.76596    0.95355   20.40000
  -0.68874   -0.99806   -0.40000   -0.67229   -1.00000   -0.82305    0.16689   -0.19052   -0.07969   -0.56522   -0.56870   -0.14894    0.93383   23.30000
  -0.35872   -0.99764   -1.00000    1.00000   -1.00000   -0.07819   -0.07185    0.66014   -0.82171   -0.73913    1.00000    0.59574    1.00000   20.10000
   0.02539   -0.78443   -1.00000    0.29326   -1.00000    0.26749    0.08948    1.00000   -0.90736    1.00000    0.82824    0.61702    0.89515   12.10000
  -0.90066   -0.99829   -0.56000   -0.60411   -1.00000   -0.81070    0.30140   -0.91967    0.41442   -0.47826   -0.45420    0.38298    0.94548   29.60000
   0.38466   -0.92549   -1.00000    0.40176    1.00000    1.00000   -0.29412    1.00000   -0.96508   -0.65217   -0.17557   -0.55319    1.00000   13.40000
  -0.73289   -0.99906    0.60000   -0.76686   -1.00000   -0.97119   -0.02395   -0.40062    0.47145   -1.00000   -0.51145   -0.19149    0.97978   21.90000
  -0.22406   -0.95183   -1.00000    0.40176   -1.00000    1.00000   -0.17685    0.96910   -0.91023   -0.65217   -0.17557   -0.55319    0.31943   19.40000
  -0.20144   -0.99520   -1.00000   -0.52713   -1.00000   -0.74074   -0.21786    0.21730   -0.09827   -0.82609   -0.82443    0.12766    1.00000   19.40000
  -0.09879   -0.99448   -1.00000   -0.25733   -1.00000   -0.57202   -0.14850    0.43769   -0.41342   -0.73913   -0.65649    0.27660    0.96233   22.50000
  -0.93709   -0.99819   -0.10000   -0.78153   -1.00000   -0.78601    0.38609   -0.51802   -0.02696   -0.65217   -0.19466   -0.44681    0.96767   36.40000
  -0.05519   -0.77610   -1.00000    0.29326   -1.00000    0.46091    0.12052    1.00000   -0.84563    1.00000    0.82824    0.61702    0.94871   15.40000
  -0.47627   -0.99783   -0.40000   -0.67229   -1.00000   -0.82305    0.07185    0.02987    0.07410   -0.56522   -0.56870   -0.14894    0.87821   22.20000
  -0.72130   -0.99837   -1.00000   -0.09311   -1.00000   -0.78601    0.03928   -0.93615   -0.43222   -0.65217   -0.19466    0.29787    0.99001   24.10000
  -0.53532   -0.99572   -0.56000   -0.60411   -1.00000   -0.81070    0.02127    0.57158    0.25961   -0.47826   -0.45420    0.38298    0.89530   20.50000
  -0.92384   -0.99980    0.80000   -0.75880   -1.00000   -0.96296    0.49186   -0.35530   -0.05310   -0.82609   -0.78244   -0.29787    0.94675   44.00000
  -0.81512   -0.99583   -1.00000   -0.49267   -1.00000   -0.55556    0.09983   -0.75695   -0.22045   -0.65217   -0.61832    0.48936    0.98376   24.60000
  -0.10044   -0.77011   -1.00000    0.29326   -1.00000   -0.05761    0.00556    0.93203   -0.81069    1.00000    0.82824    0.61702    0.91326   14.60000
  -0.41832   -0.99726   -1.00000   -0.40616   -1.00000   -0.44444    0.11631    0.94027   -0.76297   -0.65217   -0.24809    0.76596    0.99163   19.80000
  -0.58664   -0.99782   -0.50000   -0.65763   -1.00000   -0.72016   -0.09331   -0.08754    0.05528   -0.39130   -0.62977    0.51064    1.00000   19.60000
  -0.75276   -0.99950   -0.44000    0.06892   -1.00000   -0.67490    0.01552   -0.46447   -0.53873   -0.73913   -0.68321    0.19149    0.99713   25.00000
  -0.83665   -0.99859   -0.10000   -0.78153   -1.00000   -0.78601    0.21786   -0.42534   -0.02696   -0.65217   -0.19466   -0.44681    0.96374   30.50000
  -0.29912   -0.97300   -1.00000    0.40176   -1.00000   -0.09465   -0.11324    0.88877   -0.76424   -0.65217   -0.17557   -0.55319    0.47244   17.40000
  -0.57064   -0.99918    0.05000   -0.64370   -1.00000   -0.91770    0.15118   -0.58805    0.12534   -0.56522   -0.59542   -0.14894    0.87301   24.80000
  -0.79249   -0.99985   -0.30000   -0.92229   -1.00000   -0.76543    0.41023   -0.04428    0.07454   -1.00000   -0.62977   -0.38298    0.98911   32.70000
  -0.36976   -0.99679   -0.50000   -0.65763   -1.00000   -0.72016   -0.16459    0.30381    0.10864   -0.39130   -0.62977    0.51064    0.99097   18.70000
  -0.82781   -0.99541   -0.60000   -0.78959   -1.00000   -0.76173    0.24583   -0.39650   -0.45965   -0.65217   -0.88931   -0.51064    1.00000   35.10000
  -0.91556   -0.89003   -1.00000    0.29326   -1.00000    0.01235   -0.46005    1.00000   -0.96310    1.00000    0.82824    0.61702    0.89218   50.00000
  -0.86313   -0.99743   -1.00000   -0.82185   -1.00000   -0.75309    0.72753    0.50566   -0.56977   -0.91304   -0.66031    0.14894    1.00000   38.70000
  -0.41501   -0.99700   -1.00000   -0.40616   -1.00000   -0.44444   -0.00134    0.79403   -0.76513   -0.65217   -0.24809    0.76596    0.97877   20.10000
  -0.57561   -0.99680   -1.00000   -0.40616   -1.00000   -0.44444    0.21326    0.58599   -0.70024   -0.65217   -0.24809    0.76596    0.98921   27.50000
  -0.64294   -0.99926   -1.00000   -0.78372   -1.00000   -0.57202    0.08986    0.46241   -0.64308   -0.91304   -0.68321    0.10638    0.98311   22.00000
  -0.04636   -0.89519   -1.00000    0.29326   -1.00000    0.34979   -0.07454    0.75077   -0.73611    1.00000    0.82824    0.61702   -0.94876   12.70000
  -0.26656   -0.92068   -1.00000    0.40176    1.00000    1.00000   -0.00709    0.64161   -0.88799   -0.65217   -0.17557   -0.55319   -0.55777   15.60000
  -0.09823   -0.99777   -1.00000    1.00000   -1.00000   -0.07819   -0.07185    0.97528   -0.86569   -0.73913    1.00000    0.59574    0.96576   13.60000
  -0.20033   -0.87468   -1.00000    0.29326   -1.00000    0.34979    0.10174    0.75077   -0.78427    1.00000    0.82824    0.61702   -0.49634   14.30000
  -0.38245   -0.99477   -1.00000   -0.32331   -1.00000   -0.17696   -0.05806    0.28527   -0.76730   -0.56522   -0.22137    0.40426    1.00000   21.20000
   0.01269   -0.35597   -1.00000    0.29326   -1.00000   -0.12757   -0.38916    1.00000   -0.91638    1.00000    0.82824    0.61702    0.06233   16.30000
  -0.43157   -0.85528   -1.00000    0.29326   -1.00000   -0.18107    0.09753    0.48095   -0.80525    1.00000    0.82824    0.61702   -0.50764   16.10000
  -0.93157   -0.99983    0.60000   -1.00000   -1.00000   -0.84774    0.65319   -0.40062   -0.17817   -0.73913   -0.74046   -0.61702    0.98654   50.00000
  -0.60210   -0.99800   -1.00000   -0.09311   -1.00000   -0.78601    0.04426   -0.13285   -0.38655   -0.65217   -0.19466    0.29787    0.93106   21.40000
   0.20695   -0.79362   -1.00000    0.29326   -1.00000    0.29630   -0.24315    1.00000   -0.91801    1.00000    0.82824    0.61702    1.00000   11.30000
  -0.84492   -0.98906   -1.00000   -0.30792   -1.00000   -0.34568    0.17800    0.63955   -0.60209   -0.73913   -0.55344    0.23404    1.00000   22.80000
   1.00000   -0.58431   -1.00000    0.29326   -1.00000    0.16461   -0.77889    1.00000   -0.99865    1.00000    0.82824    0.61702    1.00000   13.80000
  -0.91170   -0.99935    0.60000   -0.67082   -1.00000   -0.89300    0.26461   -0.48507   -0.27487   -0.73913   -0.77863    0.40426    1.00000   28.50000
  -0.00442   -0.44261   -1.00000    0.29326   -1.00000    0.26749   -0.31481    0.91761   -0.89575    1.00000    0.82824    0.61702    1.00000    8.30000
  -0.52373   -0.99110   -1.00000   -0.30792   -1.00000   -0.34568    0.08105    0.32441   -0.56299   -0.73913   -0.55344    0.23404    0.99148   23.10000
   0.25055   -0.64361   -1.00000    0.29326   -1.00000    0.20988   -0.10519    0.90525   -0.85814    1.00000    0.82824    0.61702   -0.96288    8.30000
  -0.37307   -0.99710   -0.75000   -0.58871   -1.00000   -0.90124   -0.22092   -0.30175   -0.02365   -0.73913   -0.39695    0.34043    1.00000   17.40000
  -0.47075   -0.94508   -1.00000    0.40176   -1.00000   -0.09465    0.08871    0.90113   -0.79396   -0.65217   -0.17557   -0.55319    0.66282   22.30000
   0.09216   -0.83453   -1.00000    0.29326   -1.00000    0.20988    0.00862    0.54892   -0.85341    1.00000    0.82824    0.61702   -0.51379   11.00000
  -0.34216   -0.99810   -0.60000   -0.52346    1.00000   -0.67490   -0.09600    0.20700   -0.49297   -0.82609   -0.86260    0.27660    0.97196   20.70000
  -0.28587   -0.98251   -1.00000   -0.43695   -1.00000   -0.37037   -0.06917    0.62307   -0.43106   -0.73913   -0.54199    0.78723    0.94881   17.50000
  -0.49559   -0.99708   -1.00000   -0.25733   -1.00000   -0.57202   -0.10711   -0.60041   -0.48789   -0.73913   -0.65649    0.27660    1.00000   22.60000
  -0.18819   -0.77704   -1.00000    0.29326   -1.00000    0.46091    0.03085    0.92997   -0.80569    1.00000    0.82824    0.61702    0.95774   12.60000
  -0.33223   -0.98099   -1.00000   -0.43695   -1.00000   -0.37037   -0.07875    0.77755   -0.47573   -0.73913   -0.54199    0.78723    0.97796   19.60000
  -0.70254   -0.89773   -1.00000    0.29326   -1.00000    0.37037   -1.00000    0.75077   -0.91205    1.00000    0.82824    0.61702    0.78718   27.50000
  -0.56954   -0.79260   -1.00000    0.29326   -1.00000    0.01235    0.01744    1.00000   -0.99282    1.00000    0.82824    0.61702    0.84492   50.00000
  -0.37196   -0.67793   -1.00000    0.29326   -1.00000   -0.05761    0.02242    0.75283   -0.85058    1.00000    0.82824    0.61702    0.93151   21.40000
  -0.22903   -0.84228   -1.00000    0.29326   -1.00000    0.37037   -0.06304    0.90319   -0.86451    1.00000    0.82824    0.61702    0.61208   14.20000
  -0.51435   -0.99944   -1.00000   -0.71188   -1.00000   -0.76543   -0.05997   -0.06076    0.25199   -0.82609   -0.37023    0.31915    0.94321   17.50000
  -0.25828   -0.80581   -1.00000    0.29326   -1.00000    0.26749    0.00862    0.84758   -0.87967    1.00000    0.82824    0.61702    1.00000   13.80000
  -0.57505   -0.99917   -0.58000   -0.62024   -1.00000   -0.77778   -0.02127    0.23790    0.03395   -0.73913   -0.78626   -0.10638    0.98522   20.50000
  -0.79194   -0.99887   -1.00000   -0.78372   -1.00000   -0.57202    0.32056    0.71782   -0.58314   -0.91304   -0.68321    0.10638    1.00000   23.60000
  -0.69702   -0.99914   -0.50000   -0.67742   -1.00000   -0.83128    0.17187    0.39032   -0.22322   -0.73913   -0.64122    0.36170    0.99360   23.90000
  -0.62969   -0.99854   -1.00000   -0.70454   -1.00000   -0.73663   -0.01897    0.11020   -0.52387   -0.82609   -0.77099    0.25532    0.99118   22.20000
  -0.83002   -0.99985    0.80000   -0.94428   -1.00000   -0.92593    0.41330   -0.60865    0.37621   -0.65217   -0.85115    0.12766    0.99511   35.40000
  -0.07671   -0.99584   -0.56000   -0.60411   -1.00000   -0.81070   -0.21671    0.38620    0.24131   -0.47826   -0.45420    0.38298    0.96081   18.50000
   0.53422   -0.94690   -1.00000    0.40176   -1.00000    1.00000   -0.47691    0.91143   -0.93976   -0.65217   -0.17557   -0.55319    0.97383   14.60000
  -0.62031   -0.99909    0.60000   -0.92229   -1.00000   -0.92181    0.35888   -0.30587    0.12384   -0.91304   -0.45801   -1.00000    0.78521   30.30000
   0.25993   -0.82047   -1.00000    0.29326   -1.00000    0.29630   -0.24928    1.00000   -0.92662    1.00000    0.82824    0.61702    1.00000   12.30000
  -0.79801   -0.99826   -0.10000   -0.78153   -1.00000   -0.78601    0.38877   -0.25850   -0.37490   -0.65217   -0.19466   -0.44681    1.00000   34.90000
  -0.28091   -0.70622   -1.00000    0.29326   -1.00000   -0.19753   -0.17532    0.10814   -0.69189    1.00000    0.82824    0.61702    1.00000   20.10000
  -0.89901   -0.99837    0.60000   -0.67082   -1.00000   -0.89300    0.37459   -0.48919   -0.27487   -0.73913   -0.77863    0.40426    1.00000   37.30000
  -0.74448   -0.99087   -1.00000   -0.57918   -1.00000   -0.51029    0.38034    0.58599   -0.62060   -0.39130   -0.54199    0.02128    0.87483   31.60000
  -0.65949   -0.99409   -1.00000   -0.30792   -1.00000   -0.34568    0.03660    0.64573   -0.61204   -0.73913   -0.55344    0.23404    0.98230   21.60000
  -0.57119   -0.99935   -0.32000   -0.58724   -1.00000   -0.80247    0.16076   -0.22760   -0.20667   -0.47826   -0.45801   -0.25532    0.99420   22.00000
  -0.27870   -0.99984    0.50000   -0.74047   -1.00000   -0.89712   -0.10826   -0.07930    0.12579   -0.82609    0.07634    0.80851    1.00000   18.90000
   0.22792   -0.99170   -1.00000   -0.25733    1.00000   -0.57202   -0.29373    0.76519   -0.53889   -0.73913   -0.65649    0.27660    0.99163   19.30000
   0.38190   -0.43712   -1.00000    0.29326   -1.00000    0.26749   -0.07032    1.00000   -0.91649    1.00000    0.82824    0.61702    1.00000    5.60000
  -0.35982   -0.69617   -1.00000    0.29326   -1.00000    0.01235   -0.88427    1.00000   -0.93071    1.00000    0.82824    0.61702   -0.33885   23.10000
  -0.81788   -0.99965    0.20000   -0.81891   -1.00000   -0.93416    0.24123   -0.85582   -0.07428   -1.00000   -0.70229   -0.36170    0.98220   31.10000
   0.43874   -0.94666   -1.00000    0.40176   -1.00000    1.00000   -0.01552    1.00000   -0.94735   -0.65217   -0.17557   -0.55319   -0.12961   13.80000
  -0.92108   -0.99980    0.80000   -0.94501    1.00000   -0.93416    0.67158   -0.54892   -0.13514   -1.00000   -0.95801   -0.78723    0.99304   50.00000
  -0.14901   -0.91528   -1.00000    0.29326   -1.00000    0.11111   -0.08373    0.68486   -0.68320    1.00000    0.82824    0.61702   -0.89061   19.00000
  -0.09437   -0.81905   -1.00000    0.29326   -1.00000   -0.18107   -0.28492    0.90525   -0.76353    1.00000    0.82824    0.61702    0.77649   13.80000
  -0.07671   -0.98790   -1.00000    0.57111   -1.00000   -0.01646   -0.00747    0.95675   -0.90195   -0.73913   -0.04580    0.82979    1.00000   17.80000
   0.07561   -0.68429   -1.00000    0.29326   -1.00000   -0.12757    0.18643    1.00000   -0.92763    1.00000    0.82824    0.61702   -0.82485   17.20000
  -0.31733   -0.72930   -1.00000    0.29326   -1.00000   -0.05761   -0.20023    0.74459   -0.85058    1.00000    0.82824    0.61702    0.46871   20.80000
  -0.68488   -0.98714   -0.60000   -0.74267   -1.00000   -0.21811    0.81491    0.32029   -0.76502   -0.65217   -0.70611   -0.91489    0.93767   50.00000
  -0.46744   -0.99760   -0.40000   -0.67229   -1.00000   -0.82305    0.27841    0.05870   -0.05310   -0.56522   -0.56870   -0.14894    0.97151   22.00000
  -0.58996   -0.99250   -0.56000   -0.60411   -1.00000   -0.81070   -0.02395   -0.34089    0.25961   -0.47826   -0.45420    0.38298    0.96611   24.30000
  -0.68488   -0.99656   -1.00000   -0.52713   -1.00000   -0.74074    0.01552   -0.92585   -0.16498   -0.82609   -0.82443    0.12766    0.98770   24.70000
  -0.36313   -0.91360   -1.00000    0.29326    1.00000    0.58436    0.08603    0.81462   -0.74982    1.00000    0.82824    0.61702    0.97196   21.70000
  -0.68101   -0.99934   -0.50000   -0.67742   -1.00000   -0.83128   -0.00134   -0.09784   -0.22322   -0.73913   -0.64122    0.36170    0.96843   22.90000
  -0.66887   -0.99757   -0.60000   -0.52346   -1.00000   -0.67490    0.14083    0.14933   -0.49297   -0.82609   -0.86260    0.27660    0.99022   24.40000
  -0.72461   -0.99816   -1.00000   -0.24120   -1.00000   -0.88477    0.09446   -0.92379   -0.24384   -0.73913   -0.54962    0.40426    0.93358   24.20000
   0.53532   -0.99363   -1.00000   -0.25733   -1.00000   -0.57202   -0.29067   -0.85788   -0.55298   -0.73913   -0.65649    0.27660    0.75808   23.70000
  -0.30795   -0.99853   -1.00000    0.84677   -1.00000   -0.19342   -0.06381    0.67250   -0.80580   -0.91304   -0.99618    0.38298    0.90302   20.30000
  -0.62583   -0.99940   -1.00000   -0.65323   -1.00000   -0.46502   -0.04273   -0.29145   -0.33025   -0.65217   -0.85878    0.61702    0.99617   20.60000
  -0.13300   -0.84913   -1.00000    0.29326   -1.00000    0.34979    0.22169    0.84758   -0.78285    1.00000    0.82824    0.61702   -1.00000   13.40000
  -0.82119   -0.99869    0.40000   -0.86950   -1.00000   -0.93827    0.06687   -0.64573    0.21820   -0.65217   -0.34733   -0.53191    0.85546   22.50000
  -0.81733   -0.99884   -1.00000   -0.85337   -1.00000   -0.57613    0.31021    0.14315   -0.69093   -0.82609   -0.97710    0.10638    1.00000   37.20000
  -0.75773   -0.99247   -1.00000   -0.49267   -1.00000   -0.55556    0.09370   -0.23378   -0.34682   -0.65217   -0.61832    0.48936    1.00000   25.00000
  -0.31733   -0.99411   -1.00000   -0.32331   -1.00000   -0.17696   -0.14428    0.39444   -0.67935   -0.56522   -0.22137    0.40426    1.00000   18.30000
  -0.55464   -0.99937   -1.00000   -0.65323   -1.00000   -0.46502   -0.11554   -0.10608   -0.25406   -0.65217   -0.85878    0.61702    1.00000   19.50000
  -0.84216   -0.99931   -0.60000   -0.78959   -1.00000   -0.76173    0.30561   -0.29351   -0.25159   -0.65217   -0.88931   -0.51064    0.97645   35.40000
  -0.30464   -0.99510   -1.00000   -0.32331   -1.00000   -0.17696   -0.05499    0.58187   -0.75109   -0.56522   -0.22137    0.40426    1.00000   16.80000
  -0.83775   -0.99934    0.60000   -0.78666   -1.00000   -0.94650    0.04579   -0.69310   -0.00301   -0.73913   -0.42748   -0.25532    1.00000   23.50000
  -0.28477   -0.99701   -1.00000   -0.73680   -1.00000   -0.48560   -0.22935    0.76313   -0.73329   -0.65217   -0.58397   -0.14894    1.00000   23.10000
  -0.83388   -0.99889    0.40000   -0.86950   -1.00000   -0.93827    0.33359   -0.85376    0.21820   -0.65217   -0.34733   -0.53191    0.87231   29.00000
   0.23344   -0.79021   -1.00000    0.29326   -1.00000    0.20988    0.08028    0.90937   -0.84748    1.00000    0.82824    0.61702   -0.69540    9.50000
  -0.15949   -0.98760   -1.00000    0.57111   -1.00000   -0.01646    0.06304    0.96293   -0.82157   -0.73913   -0.04580    0.82979    0.98875   18.10000
  -0.51159   -0.91756   -1.00000    0.29326   -1.00000   -0.18518    0.05422    0.00927   -0.47947    1.00000    0.82824    0.61702    0.95824   21.20000
  -0.73013   -0.99930    0.60000   -0.92229   -1.00000   -0.92181    0.42288   -0.27086    0.12384   -0.91304   -0.45801   -1.00000    0.97630   34.60000
  -0.68764   -0.96811   -1.00000    0.40176   -1.00000    1.00000    0.13010    1.00000   -0.88428   -0.65217   -0.17557   -0.55319    0.83565   23.30000
  -0.87031   -0.99924    0.60000   -0.92229   -1.00000   -0.92181    0.42786   -0.35736    0.12384   -0.91304   -0.45801   -1.00000    1.00000   33.30000
  -0.67053   -0.99225   -1.00000   -0.49267   -1.00000   -0.55556   -0.04963   -0.03193   -0.34682   -0.65217   -0.61832    0.48936    1.00000   20.40000
  -0.14183   -0.97866   -1.00000   -0.43695   -1.00000   -0.37037   -0.04733    0.76931   -0.39550   -0.73913   -0.54199    0.78723    0.54350   14.80000
  -0.74448   -0.99829   -0.40000   -0.67229   -1.00000   -0.82305    0.11899   -0.67868   -0.07969   -0.56522   -0.56870   -0.14894    0.91180   23.70000
  -0.43101   -0.99718   -1.00000   -0.29985   -1.00000   -0.33333    0.00211    0.43357   -0.70892   -0.56522   -0.06489    0.10638    0.98185   21.20000
  -0.79084   -0.99808   -1.00000   -0.24120   -1.00000   -0.88477   -0.04043   -0.89907   -0.24384   -0.73913   -0.54962    0.40426    0.96979   22.80000
  -0.18653   -0.99716   -1.00000   -0.40616   -1.00000   -0.44444   -0.12244    0.93203   -0.82226   -0.65217   -0.24809    0.76596    0.98563   19.50000
   0.15177   -0.97472   -1.00000   -0.43695   -1.00000   -0.37037   -0.17532    0.87848   -0.43559   -0.73913   -0.54199    0.78723    0.81477   12.70000
  -0.60541   -0.81430   -1.00000    0.29326    1.00000    0.16461   -0.11324    0.78579   -1.00000    1.00000    0.82824    0.61702    0.75279   50.00000
  -0.53642   -0.99621   -1.00000   -0.59677   -1.00000   -0.53086   -0.07837   -0.43769   -0.50573   -0.65217   -0.64886    0.40426    0.98250   24.70000
  -0.41887   -0.97332   -1.00000    0.57111   -1.00000   -0.01646    0.05959    0.95263   -0.79241   -0.73913   -0.04580    0.82979    1.00000   19.60000
  -0.95916   -0.98721   -1.00000   -0.57918   -1.00000   -0.49794    0.83024    0.45005   -0.50735   -0.39130   -0.54199    0.02128    0.94458   41.70000
  -0.72461   -0.99932   -0.50000   -0.67742   -1.00000   -0.83128    0.05039   -0.39650   -0.22322   -0.73913   -0.64122    0.36170    1.00000   24.80000
  -0.24724   -0.99721   -1.00000   -0.29985   -1.00000   -0.33333   -0.11439    0.44593   -0.75486   -0.56522   -0.06489    0.10638    0.70614   20.40000
  -0.93101   -0.99798   -0.20000   -0.56378   -1.00000   -0.74486    0.26193   -0.17817   -0.42935   -0.73913   -0.74428    0.06383    1.00000   32.00000
  -0.12197   -0.80924   -1.00000    0.29326   -1.00000   -0.18107    0.06802    0.71370   -0.83212    1.00000    0.82824    0.61702   -0.58077   14.50000
  -0.06567   -0.99629   -1.00000   -0.40616   -1.00000   -0.44444   -0.12818    0.83316   -0.80333   -0.65217   -0.24809    0.76596    0.99380   19.50000
  -1.00000   -0.96725   -1.00000    0.40176   -1.00000   -0.09465    0.50527    0.81051   -0.84699   -0.65217   -0.17557   -0.55319    0.88668   50.00000
  -0.23731   -0.99422   -1.00000   -0.40616   -1.00000   -0.44444    0.02242    0.81874   -0.74256   -0.65217   -0.24809    0.76596    0.97141   19.40000
  -0.16060   -0.81580   -1.00000    0.29326   -1.00000    0.34979   -0.08986    0.59423   -0.69999    1.00000    0.82824    0.61702   -0.98396   13.50000
  -0.56071   -0.99857   -1.00000   -0.01540   -1.00000   -0.32099    0.18069    0.69310   -0.58325   -0.65217   -0.66031   -0.19149    0.97922   28.70000
  -0.36313   -0.99750   -0.75000   -0.45674   -1.00000   -0.42798   -0.06189    0.64779   -0.07299   -0.65217   -0.52672   -0.44681    1.00000   18.90000
  -0.35927   -0.94667   -1.00000    0.29326   -1.00000   -0.18518   -0.11477   -0.19670   -0.52816    1.00000    0.82824    0.61702    0.86802   20.60000
   0.32174   -0.73988   -1.00000    0.29326   -1.00000    0.29630   -0.43476    0.93821   -0.88353    1.00000    0.82824    0.61702    1.00000    9.70000
  -0.69868   -0.99835   -0.20000   -0.56378   -1.00000   -0.74486    0.11937   -0.39856   -0.45245   -0.73913   -0.74428    0.06383    1.00000   29.10000
  -0.82064   -1.00000   -0.64000   -0.86437   -1.00000   -0.37037    0.15501    0.28321   -0.46159   -1.00000   -0.58397   -0.42553    1.00000   24.00000
  -0.84382   -0.99731   -0.10000   -0.78153   -1.00000   -0.78601    0.14773   -0.46035   -0.37490   -0.65217   -0.19466   -0.44681    0.92909   29.80000
  -0.05795   -0.99499   -1.00000   -0.52713   -1.00000   -0.74074   -0.05384    0.70134   -0.17071   -0.82609   -0.82443    0.12766    0.97902   16.60000
   0.54249   -0.99548   -1.00000    1.00000   -1.00000   -0.07819   -0.41291    0.95880   -0.87396   -0.73913    1.00000    0.59574    0.60427    8.10000
  -0.78201   -0.99789   -1.00000   -0.85337   -1.00000   -0.57613    0.15041    0.90937   -0.68766   -0.82609   -0.97710    0.10638    1.00000   32.50000
  -0.84989   -0.99974    0.90000   -0.92595   -1.00000   -0.92593    0.36961   -0.77343    0.18648   -0.82609   -0.17939   -0.06383    0.93646   32.90000
  -0.53753    0.14937   -1.00000    0.29326   -1.00000   -0.12757   -0.15846    1.00000   -0.94846    1.00000    0.82824    0.61702   -0.98850   15.00000
  -0.06015   -0.88116   -1.00000    0.29326   -1.00000    0.29630   -0.04579    0.63955   -0.81118    1.00000    0.82824    0.61702    0.90660   23.20000
  -0.66060   -0.99908   -1.00000   -0.15909   -1.00000   -0.22634   -0.05384    0.60453   -0.74986   -1.00000   -0.67176    0.78723    1.00000   11.90000
  -0.56843   -0.99738   -1.00000   -0.52713   -1.00000   -0.74074   -0.03890   -0.23584   -0.16498   -0.82609   -0.82443    0.12766    0.96213   21.20000
   0.18985   -0.84165   -1.00000    0.29326   -1.00000   -0.05761   -0.02587    0.69310   -0.83774    1.00000    0.82824    0.61702   -0.98890   13.40000
  -0.86700   -0.99305   -1.00000   -0.57918   -1.00000   -0.51029    0.80303    0.55304   -0.67904   -0.39130   -0.54199    0.02128    0.94024   44.80000
   0.18709   -0.65648   -1.00000    0.29326   -1.00000    0.17696    0.18337    0.86200   -0.96084    1.00000    0.82824    0.61702    0.82914   13.90000
  -0.61148   -0.99834   -1.00000   -0.59677   -1.00000   -0.53086   -0.12282   -0.20494   -0.48993   -0.65217   -0.64886    0.40426    1.00000   21.00000
  -0.56622   -0.98800   -0.60000   -0.74267   -1.00000    0.07819    0.39567    0.62513   -0.82131   -0.65217   -0.70611   -0.91489    0.97932   33.80000
  -0.62804   -0.98604   -1.00000   -0.43695   -1.00000   -0.37037   -0.12895    0.10402   -0.38728   -0.73913   -0.54199    0.78723    0.99355   19.90000
  -0.74448   -0.99972    0.70000   -0.72947   -1.00000   -0.81893    0.13240   -0.48919    0.34687   -0.73913   -0.37405    0.12766    0.97746   23.10000
  -0.09492   -0.89331   -1.00000    0.29326   -1.00000    0.34979    0.13585    0.72194   -0.76244    1.00000    0.82824    0.61702   -0.74482   14.10000
  -0.81291   -0.98640   -0.60000   -0.74267   -1.00000    0.07819    0.97088    0.73018   -0.87789   -0.65217   -0.70611   -0.91489    0.96369   50.00000
  -0.62196   -0.99828   -1.00000   -0.01320   -1.00000   -0.78601   -0.01667   -0.68074   -0.20467   -0.73913   -0.61069   -0.27660    1.00000   23.90000
  -0.30298   -0.91992   -1.00000    0.29326   -1.00000   -0.19753    0.10213    0.48507   -0.67866    1.00000    0.82824    0.61702    0.98220   23.20000
   0.17274    0.52669   -1.00000    0.29326   -1.00000    0.26749   -0.18682    1.00000   -0.94620    1.00000    0.82824    0.61702    0.93984    5.00000
  -0.46192   -0.88321   -1.00000    0.29326    1.00000    0.58436   -0.01667    0.65808   -0.71026    1.00000    0.82824    0.61702    0.99259   22.70000
  -0.93212   -0.85315   -1.00000    0.29326    1.00000    0.01235    0.32401    0.94851   -0.98676    1.00000    0.82824    0.61702    0.97554   50.00000
  -0.66556   -0.98523   -0.60000   -0.74267   -1.00000    0.07819    0.44549    1.00000   -0.86087   -0.65217   -0.70611   -0.91489    0.93136   36.00000
  -0.53753   -0.99856   -1.00000   -0.73680   -1.00000   -0.48560   -0.05767   -0.08754   -0.55891   -0.65217   -0.58397   -0.14894    0.98149   23.20000
  -0.50276   -0.86922   -1.00000    0.29326   -1.00000   -0.39506    0.02740    0.27292   -0.58268    1.00000    0.82824    0.61702    1.00000   23.00000
  -0.84713   -0.99976    0.80000   -0.88563   -1.00000   -0.89712    0.21364   -0.31617    1.00000   -0.65217   -1.00000   -0.06383    0.93726   30.10000
  -0.78808   -0.99775    0.60000   -0.89370   -1.00000   -0.88477   -0.08986   -0.65808    0.71978   -0.73913   -0.43893    1.00000    0.89480   20.60000
   0.00166   -0.97792   -1.00000   -0.43695   -1.00000   -0.37037   -0.13700    1.00000   -0.46065   -0.73913   -0.54199    0.78723    0.98810   14.50000
  -0.56457   -0.99900   -1.00000   -0.70454   -1.00000   -0.73663    0.08373   -0.07106   -0.33621   -0.82609   -0.77099    0.25532    1.00000   23.90000
  -0.09934   -0.67597   -1.00000    0.29326   -1.00000    0.46091    0.11132    0.86200   -0.84123    1.00000    0.82824    0.61702   -0.86298    9.60000
  -0.82947   -0.99810   -1.00000   -0.85337   -1.00000   -0.57613    0.37728    0.83934   -0.71428   -0.82609   -0.97710    0.10638    0.98598   37.90000
  -0.72406   -0.99766   -0.50000   -0.65763   -1.00000   -0.72016    0.10941    0.33677    0.10866   -0.39130   -0.62977    0.51064    1.00000   22.20000
  -0.39625   -0.90435   -1.00000    0.29326   -1.00000    0.58436   -0.02242    0.61483   -0.74911    1.00000    0.82824    0.61702    0.96893   22.60000
  -0.67991   -0.99903   -0.34000   -0.87390   -1.00000   -0.64197    0.26001    0.38826   -0.62660   -0.47826   -0.86641    0.23404    1.00000   28.20000
  -0.17991   -0.87277   -1.00000    0.29326   -1.00000    0.46091    0.01859    1.00000   -0.84083    1.00000    0.82824    0.61702    0.99390   18.40000
  -0.32285   -0.91704   -1.00000    0.29326   -1.00000    0.37037   -0.46273    0.82286   -0.88675    1.00000    0.82824    0.61702    0.59216   21.90000
  -0.41446   -0.99887   -1.00000   -0.09311   -1.00000   -0.78601    0.02357    0.04634   -0.29353   -0.65217   -0.19466    0.29787    0.94705   21.20000
  -0.81402   -0.99810   -0.10000   -0.78153   -1.00000   -0.78601    0.29910   -0.61689   -0.02696   -0.65217   -0.19466   -0.44681    0.90307   37.00000
  -0.40563   -0.99551   -0.56000   -0.60411   -1.00000   -0.81070   -0.22131    0.51596    0.24131   -0.47826   -0.45420    0.38298    0.87690   17.60000
  -0.20088   -0.99737   -1.00000   -0.29985   -1.00000   -0.33333   -0.09868    0.85376   -0.77743   -0.56522   -0.06489    0.10638    0.99017   18.80000
  -0.35320   -0.99815   -0.58000   -0.62024   -1.00000   -0.77778   -0.07952   -0.11843    0.03395   -0.73913   -0.78626   -0.10638    0.99324   19.70000
  -0.35375   -0.99539   -1.00000   -0.40616   -1.00000   -0.44444   -0.01284    0.74047   -0.71172   -0.65217   -0.24809    0.76596    0.98775   19.30000
  -0.15066   -0.80419   -1.00000    0.29326   -1.00000    0.26749    0.11516    0.97528   -0.89159    1.00000    0.82824    0.61702    0.97519   13.10000
  -0.57009   -0.99645   -0.56000   -0.60411   -1.00000   -0.81070    0.10059   -0.04840    0.21796   -0.47826   -0.45420    0.38298    0.88809   24.50000
  -0.61700   -0.99806   -0.32000   -0.58724   -1.00000   -0.80247    0.12435   -0.68074   -0.20667   -0.47826   -0.45801   -0.25532    0.93298   26.40000
   0.10651   -0.59851   -1.00000    0.29326   -1.00000    0.17696    0.02012    1.00000   -0.95335    1.00000    0.82824    0.61702    0.98406   10.20000
  -0.22848   -0.99803   -0.75000   -0.45674   -1.00000   -0.42798   -0.10787   -0.25644   -0.21409   -0.65217   -0.52672   -0.44681    0.96772   21.70000
  -0.73234   -0.99515   -0.60000   -0.52346    1.00000   -0.67490    0.58268    0.00721   -0.41131   -0.82609   -0.86260    0.27660    0.96909   35.20000
   0.23455   -0.85643   -1.00000    0.29326   -1.00000   -0.18107   -0.00326    0.94645   -0.80424    1.00000    0.82824    0.61702    0.52524   13.30000
  -0.72848   -0.99740   -1.00000   -0.82185   -1.00000   -0.75309    0.17417    0.13079   -0.56977   -0.91304   -0.66031    0.14894    0.80372   28.40000
   0.60486   -0.99444   -1.00000   -0.52713   -1.00000   -0.74074   -0.29565    0.90319   -0.13787   -0.82609   -0.82443    0.12766    1.00000   14.40000
  -0.29857   -0.99628   -0.50000   -0.65763   -1.00000   -0.72016   -0.07837    0.86406    0.03464   -0.39130   -0.62977    0.51064    0.90509   16.00000
  -0.92274   -0.99155   -1.00000   -0.57918   -1.00000   -0.51029    0.71642    0.72194   -0.62060   -0.39130   -0.54199    0.02128    0.95199   37.60000
  -0.83444   -0.98864   -1.00000   -0.57918   -1.00000   -0.49794    0.45507    0.41504   -0.45104   -0.39130   -0.54199    0.02128    0.96555   31.50000
  -0.28753   -0.90522   -1.00000    0.29326    1.00000    0.58436   -0.14083    0.77343   -0.85903    1.00000    0.82824    0.61702    0.77881   16.80000
  -0.76049   -0.99915    0.40000   -0.86950   -1.00000   -0.93827    0.26844   -0.08342    0.21820   -0.65217   -0.34733   -0.53191    0.96954   24.80000
  -0.34989   -0.99912   -1.00000   -0.01540    1.00000   -0.32099   -0.10826    0.09372   -0.63944   -0.65217   -0.66031   -0.19149    0.97932   23.30000
  -0.68543   -0.99937    0.65000   -0.88490   -1.00000   -0.87654   -0.00326   -0.26880   -0.06512   -0.91304   -0.38550   -0.55319    0.98421   24.10000
   0.55850   -0.77722   -1.00000    0.29326   -1.00000    0.26749   -0.12205    0.54274   -0.93256    1.00000    0.82824    0.61702    0.70377    6.30000
  -0.26656   -0.75090   -1.00000    0.29326   -1.00000    0.37037    0.09216    1.00000   -0.86736    1.00000    0.82824    0.61702    0.60588   16.70000
   0.22792   -0.76024   -1.00000    0.29326   -1.00000    0.46091    0.11056    0.89289   -0.84390    1.00000    0.82824    0.61702   -0.78446   11.80000
  -0.57781   -0.99698   -1.00000   -0.25733   -1.00000   -0.57202    0.07837   -0.39444   -0.48789   -0.73913   -0.65649    0.27660    0.94407   28.10000
  -0.59327   -0.99826   -1.00000   -0.09311   -1.00000   -0.78601   -0.11362   -0.30587   -0.38655   -0.65217   -0.19466    0.29787    0.99576   20.30000
  -0.61038   -0.99726   -0.75000   -0.58871   -1.00000   -0.90124   -0.10941   -0.38002   -0.02365   -0.73913   -0.39695    0.34043    1.00000   20.90000
  -0.19647   -0.90238   -1.00000    0.29326   -1.00000   -0.19753   -0.00134    0.67044   -0.65376    1.00000    0.82824    0.61702    1.00000   19.90000
   0.37472   -0.41701   -1.00000    0.29326   -1.00000    0.20988   -0.33206    0.77549   -0.90581    1.00000    0.82824    0.61702   -0.35932   10.40000
  -0.76987   -0.99699   -0.56000   -0.60411   -1.00000   -0.81070    0.12129   -0.79197    0.13979   -0.47826   -0.45420    0.38298    0.99687   24.40000
  -0.00883   -0.77395   -1.00000    0.29326   -1.00000   -0.18107    0.25388    0.88260   -0.82566    1.00000    0.82824    0.61702   -0.59146   14.10000
  -0.51876   -0.98302   -0.60000   -0.74267   -1.00000    0.07819   -0.23395    0.23378   -0.84416   -0.65217   -0.70611   -0.91489    0.97731   22.80000
