 100.00000  167.35000  129.90000  128.62000  175.46000    7.79000 1006.30000  746.60000   53.65502
   7.00000  500.00000    0.00000    0.00000  200.00000    0.00000 1125.00000  613.00000   33.21206
   3.00000  389.90000  189.00000    0.00000  145.90000   22.00000  944.70000  755.80000   40.59635
  56.00000  475.00000  118.80000    0.00000  181.10000    8.90000  852.10000  781.50000   72.29845
   7.00000  288.00000  192.00000    0.00000  192.00000    0.00000  932.00000  717.80000   23.52354
   3.00000  102.00000  153.00000    0.00000  192.00000    0.00000  887.00000  942.00000    4.56502
  28.00000  485.00000    0.00000    0.00000  146.00000    0.00000 1120.00000  800.00000   71.98819
  28.00000  405.00000    0.00000    0.00000  175.00000    0.00000 1120.00000  695.00000   52.30365
  91.00000  362.60000  189.00000    0.00000  164.90000   11.60000  944.70000  755.80000   79.29663
 100.00000  182.04000   45.21000  121.97000  170.21000    8.19000 1059.40000  780.65000   48.67011
  14.00000  213.50000    0.00000  174.24000  154.61000   11.66000 1052.30000  775.48000   33.70159
  28.00000  250.00000    0.00000   95.69000  187.42000    5.53000  956.86000  861.17000   29.21999
  14.00000  182.04000   45.21000  121.97000  170.21000    8.19000 1059.40000  780.65000   21.50476
   3.00000  337.90000  189.00000    0.00000  174.90000    9.50000  944.70000  755.80000   24.09719
 180.00000  302.00000    0.00000    0.00000  203.00000    0.00000  974.00000  817.00000   26.74477
   7.00000  102.00000  153.00000    0.00000  192.00000    0.00000  887.00000  942.00000    7.67594
   3.00000  491.00000   26.00000  123.00000  201.00000    3.93000  822.00000  699.00000   29.54897
  28.00000  250.00000    0.00000   95.69000  191.84000    5.33000  948.90000  857.20000   27.22051
  28.00000  158.80000  238.20000    0.00000  185.70000    0.00000 1040.60000  734.30000   21.06625
  90.00000  339.00000    0.00000    0.00000  197.00000    0.00000  968.00000  781.00000   35.17017
  28.00000  255.00000   99.00000   77.00000  189.00000    6.00000  919.00000  749.00000   33.79811
  28.00000  266.00000  112.00000   87.00000  178.00000   10.00000  910.00000  745.00000   39.41734
 100.00000  172.38000   13.61000  172.37000  156.76000    4.14000 1006.30000  856.40000   37.67986
 365.00000  380.00000    0.00000    0.00000  228.00000    0.00000  932.00000  670.00000   52.51670
  14.00000  277.00000    0.00000    0.00000  191.00000    0.00000  968.00000  856.00000   21.26344
  91.00000  388.60000   97.10000    0.00000  157.90000   12.10000  852.10000  925.70000   57.59883
   3.00000  362.60000  189.00000    0.00000  164.90000   11.60000  944.70000  755.80000   35.30117
  28.00000  153.00000  102.00000    0.00000  192.00000    0.00000  888.00000  943.10000   17.96430
  28.00000  203.50000  305.30000    0.00000  203.50000    0.00000  963.40000  630.00000   41.68434
  28.00000  356.00000  119.00000    0.00000  160.00000    9.03000 1061.00000  657.00000   58.99846
  28.00000  148.00000    0.00000  182.00000  181.00000   15.00000  839.00000  884.00000   15.52010
  28.00000  237.50000  237.50000    0.00000  228.00000    0.00000  932.00000  594.00000   30.07977
   3.00000  290.35000    0.00000   96.18000  168.08000    9.41000  961.18000  865.00000   22.50450
  56.00000  359.00000   19.00000  141.00000  154.00000   10.91000  942.00000  801.00000   66.78068
  28.00000  200.00000  200.00000    0.00000  190.00000    0.00000 1145.00000  660.00000   49.24927
  90.00000  166.80000  250.20000    0.00000  203.50000    0.00000  975.60000  692.60000   43.56523
  28.00000  298.10000    0.00000  107.00000  186.40000    6.10000  879.00000  815.20000   42.64409
  28.00000  277.00000  116.80000   91.00000  190.60000    7.00000  946.50000  665.60000   43.57833
  90.00000  310.00000    0.00000    0.00000  192.00000    0.00000  970.00000  850.00000   34.68064
  28.00000  190.34000    0.00000  125.18000  161.85000    9.88000 1088.10000  802.59000   28.46846
   3.00000  178.03000  129.80000  118.60000  179.94000    3.57000 1007.30000  746.80000   20.72565
   3.00000  167.95000   42.08000  163.83000  121.75000    5.72000 1058.70000  780.11000    7.74971
   7.00000  339.00000    0.00000    0.00000  185.00000    0.00000 1069.00000  754.00000   21.16002
  90.00000  183.90000  122.60000    0.00000  203.50000    0.00000  959.20000  800.00000   32.53293
   7.00000  425.00000  106.30000    0.00000  151.40000   18.60000  936.00000  803.70000   46.80163
  90.00000  212.00000  141.30000    0.00000  203.50000    0.00000  973.40000  750.00000   39.70003
  56.00000  233.81000    0.00000   94.58000  197.89000    4.56700  947.04000  852.16000   27.66178
  28.00000  252.10000   97.10000   75.60000  193.80000    8.30000  835.50000  821.40000   33.39960
  28.00000  359.00000   19.00000  141.00000  154.00000   10.91000  942.00000  801.00000   59.49488
  28.00000  160.00000  250.00000    0.00000  168.00000   12.00000 1049.00000  688.00000   39.45182
   7.00000  310.00000    0.00000    0.00000  192.00000    0.00000  970.00000  850.00000   14.98921
  56.00000  446.00000   24.00000   79.00000  162.00000   10.30000  967.00000  712.00000   54.76508
  28.00000  424.00000   22.00000  132.00000  168.00000    8.92000  822.00000  750.00000   72.09851
 100.00000  168.88000   42.22000  124.25000  158.33000   10.83000 1080.80000  796.15000   48.15300
  28.00000  505.00000    0.00000   60.00000  195.00000    0.00000 1030.00000  630.00000   64.01785
  56.00000  212.52000    0.00000  100.37000  159.32000    8.71000 1007.80000  903.59000   42.54756
  91.00000  318.80000  212.50000    0.00000  155.70000   14.30000  852.10000  880.40000   68.09954
  28.00000  540.00000    0.00000    0.00000  162.00000    2.50000 1055.00000  676.00000   61.88737
  28.00000  397.00000    0.00000    0.00000  185.00000    0.00000 1040.00000  734.00000   39.09329
  28.00000  165.00000    0.02000  143.57000  163.81000    0.00000 1005.60000  900.90000   26.20009
   7.00000  339.00000    0.00000    0.00000  197.00000    0.00000  968.00000  781.00000   20.96697
   7.00000  228.00000  342.10000    0.00000  185.70000    0.00000  955.80000  674.30000   21.91706
  28.00000  150.70000    0.00000  185.30000  166.70000   15.60000 1074.50000  678.00000   13.46133
  28.00000  296.00000    0.00000  106.70000  221.40000   10.50000  819.20000  778.40000   31.42011
   7.00000  387.00000   20.00000   94.00000  157.00000   11.61000  938.00000  845.00000   41.66503
   3.00000  212.52000    0.00000  100.37000  159.32000    8.71000 1007.80000  903.59000   13.54131
  90.00000  393.00000    0.00000    0.00000  192.00000    0.00000  940.60000  785.60000   48.84662
  56.00000  401.80000   94.70000    0.00000  147.40000   11.40000  946.80000  852.10000   73.69809
  28.00000  326.00000    0.00000  138.00000  199.00000   11.00000  801.00000  792.00000   40.67908
   3.00000  108.30000  162.40000    0.00000  203.50000    0.00000  938.20000  849.00000    2.33181
  28.00000  356.00000    0.00000  142.00000  193.00000   11.00000  801.00000  778.00000   40.86524
 100.00000  231.75000    0.00000  121.62000  173.96000    6.72000 1056.40000  778.45000   45.83636
 180.00000  266.00000  114.00000    0.00000  228.00000    0.00000  932.00000  670.00000   48.69562
  28.00000  155.60000  243.50000    0.00000  180.30000   10.70000 1022.00000  697.70000   37.36339
  56.00000  212.57000    0.00000  100.39000  159.35000   10.37000 1003.80000  903.79000   44.39536
  28.00000  166.09000    0.00000  163.27000  176.46000    4.49000 1058.60000  780.09000   21.53923
 100.00000  213.76000   98.06000   24.52000  181.74000    6.65000 1066.00000  785.52000   49.97322
 120.00000  349.00000    0.00000    0.00000  192.00000    0.00000 1056.00000  809.00000   40.85835
   3.00000  275.07000    0.00000  121.35000  159.48000    9.90000 1053.60000  777.50000   23.80071
  28.00000  313.00000  145.00000    0.00000  127.00000    8.00000 1000.00000  822.00000   44.51947
   3.00000  349.00000    0.00000    0.00000  192.00000    0.00000 1047.00000  806.90000   15.04919
  90.00000  380.00000    0.00000    0.00000  228.00000    0.00000  932.00000  670.00000   52.90832
  14.00000  167.95000   42.08000  163.83000  121.75000    5.72000 1058.70000  780.11000   17.82295
  28.00000  157.00000  236.00000    0.00000  192.00000    0.00000  935.40000  781.20000   33.66436
   7.00000  220.80000  147.20000    0.00000  185.70000    0.00000 1055.00000  744.30000   13.08901
  28.00000  310.00000    0.00000    0.00000  192.00000    0.00000  970.00000  850.00000   27.92378
  28.00000  155.00000    0.00000  143.00000  193.00000    9.00000  877.00000  868.00000    9.73540
  14.00000  350.00000    0.00000    0.00000  203.00000    0.00000  974.00000  775.00000   22.53208
  90.00000  307.00000    0.00000    0.00000  193.00000    0.00000  968.00000  812.00000   32.92248
 270.00000  332.50000  142.50000    0.00000  228.00000    0.00000  932.00000  594.00000   40.26954
  91.00000  425.00000  106.30000    0.00000  151.40000   18.60000  936.00000  803.70000   66.69991
  56.00000  295.71000    0.00000   95.64000  171.54000    8.87000  955.14000  859.20000   48.71837
 360.00000  349.00000    0.00000    0.00000  192.00000    0.00000 1047.00000  806.00000   42.12698
  56.00000  218.85000    0.00000  124.13000  158.49000   11.33000 1078.70000  794.91000   37.26618
  28.00000  491.00000   26.00000  123.00000  210.00000    3.93000  882.00000  699.00000   55.55108
  56.00000  318.80000  212.50000    0.00000  155.70000   14.30000  852.10000  880.40000   66.10006
  90.00000  203.50000  305.30000    0.00000  203.50000    0.00000  963.40000  630.00000   51.86376
  56.00000  212.00000    0.00000  124.78000  159.00000    7.84000 1085.40000  799.54000   45.08484
  28.00000  295.71000    0.00000   95.64000  171.54000    8.87000  955.14000  859.20000   39.94134
  90.00000  380.00000   95.00000    0.00000  228.00000    0.00000  932.00000  594.00000   40.56325
  28.00000  139.70000  163.90000  127.70000  236.70000    5.80000  868.60000  655.60000   35.22533
  28.00000  322.00000    0.00000    0.00000  203.00000    0.00000  974.00000  800.00000   25.17966
   3.00000  446.00000   24.00000   79.00000  162.00000   11.61000  967.00000  712.00000   35.36322
 100.00000  297.16000    0.00000  117.54000  174.80000    9.52000 1022.80000  753.45000   56.74387
  28.00000  213.74000    0.00000  174.74000  154.79000   10.16000 1053.50000  776.35000   40.14819
 100.00000  229.97000    0.00000  118.31000  195.47000    4.63000 1029.40000  758.59000   35.34254
  28.00000  272.80000  105.10000   81.80000  209.70000    9.00000  904.00000  679.70000   37.17103
  28.00000  298.00000    0.00000  107.00000  210.00000   11.00000  880.00000  744.00000   31.87448
  28.00000  143.70000  170.20000  132.60000  191.60000    8.50000  814.10000  805.30000   29.87086
  28.00000  164.20000    0.00000  200.10000  181.20000   12.60000  849.30000  846.00000   15.09125
 100.00000  295.71000    0.00000   95.64000  171.54000    8.87000  955.14000  859.20000   52.04165
  28.00000  310.00000  143.00000    0.00000  168.00000   10.00000  914.00000  804.00000   45.29857
  56.00000  165.00000    0.02000  143.57000  163.81000    0.00000 1005.60000  900.90000   36.56291
  28.00000  355.00000   19.00000   97.00000  145.00000   12.25000  967.00000  871.00000   55.45455
  28.00000  156.00000  243.00000    0.00000  180.00000   11.00000 1022.00000  698.00000   37.36270
   3.00000  139.60000  209.40000    0.00000  192.00000    0.00000 1047.00000  806.90000    8.06342
  28.00000  314.00000    0.00000  113.00000  170.00000   10.00000  925.00000  783.00000   38.45897
  28.00000  491.00000   26.00000  123.00000  201.00000    3.93000  822.00000  699.00000   57.91598
 180.00000  198.60000  132.40000    0.00000  192.00000    0.00000  978.40000  825.50000   41.71950
  28.00000  349.00000    0.00000    0.00000  192.00000    0.00000 1056.00000  809.00000   33.60506
 365.00000  475.00000    0.00000    0.00000  228.00000    0.00000  932.00000  594.00000   41.93462
  28.00000  279.80000  128.90000  100.40000  172.40000    9.50000  825.10000  804.90000   52.82696
  56.00000  194.68000    0.00000  100.52000  170.17000    7.48000  998.00000  901.80000   43.38872
   7.00000  198.60000  132.40000    0.00000  192.00000    0.00000  978.40000  825.50000   14.63826
  28.00000  359.00000   19.00000  141.00000  154.00000   10.91000  942.00000  801.00000   62.93537
  28.00000  374.00000    0.00000    0.00000  190.00000    7.00000 1013.00000  730.00000   39.05192
  56.00000  313.30000  262.20000    0.00000  175.50000    8.60000 1046.90000  611.80000   64.90038
  14.00000  229.68000    0.00000  118.16000  195.23000    6.13000 1028.10000  757.63000   22.31834
  28.00000  149.00000  236.00000    0.00000  176.00000   13.00000  847.00000  893.00000   32.95695
  28.00000  143.60000    0.00000  174.90000  158.40000   17.90000  942.70000  844.50000   15.42358
  28.00000  280.00000  129.00000  100.00000  172.00000    9.00000  825.00000  805.00000   52.82076
  28.00000  313.30000    0.00000  113.00000  178.50000    8.00000 1001.90000  688.70000   36.80492
  28.00000  475.00000    0.00000   59.00000  142.00000    1.90000 1098.00000  641.00000   57.22651
  28.00000  146.50000  114.60000   89.30000  201.90000    8.80000  860.00000  829.50000   19.98791
  28.00000  288.00000  192.00000    0.00000  192.00000    0.00000  932.00000  717.80000   38.80440
  28.00000  522.00000    0.00000    0.00000  146.00000    0.00000  896.00000  896.00000   74.98741
  28.00000  141.30000  212.00000    0.00000  203.50000    0.00000  971.80000  748.50000   29.89223
  28.00000  275.07000    0.00000  121.35000  159.48000    9.90000 1053.60000  777.50000   51.33149
   3.00000  183.90000  122.60000    0.00000  203.50000    0.00000  959.20000  800.00000    4.90355
  28.00000  336.00000    0.00000    0.00000  182.00000    3.00000  986.00000  817.00000   44.86420
   7.00000  296.00000    0.00000    0.00000  192.00000    0.00000 1085.00000  765.00000   14.20321
  28.00000  159.00000  187.00000    0.00000  176.00000   11.00000  990.00000  789.00000   32.76390
   7.00000  192.00000  288.00000    0.00000  192.00000    0.00000  929.80000  716.10000   21.48062
  56.00000  250.00000    0.00000   95.69000  191.84000    5.33000  948.90000  857.20000   39.64487
  28.00000  143.00000  169.40000  142.70000  190.70000    8.40000  967.40000  643.50000   29.72607
   3.00000  331.00000    0.00000    0.00000  192.00000    0.00000 1025.00000  821.00000   14.30663
  28.00000  151.00000    0.00000  184.00000  167.00000   12.00000  991.00000  772.00000   15.56837
   3.00000  246.83000    0.00000  125.08000  143.30000   11.99000 1086.80000  800.89000   23.52492
   7.00000  387.00000   20.00000   94.00000  157.00000   13.93000  938.00000  845.00000   45.89842
   7.00000  540.00000    0.00000    0.00000  173.00000    0.00000 1125.00000  613.00000   52.61391
   3.00000  362.60000  189.00000    0.00000  164.90000   11.60000  944.70000  755.80000   35.30117
  56.00000  323.70000  282.80000    0.00000  183.80000   10.30000  942.70000  659.90000   80.19985
   7.00000  362.60000  189.00000    0.00000  164.90000   11.60000  944.70000  755.80000   55.89582
  28.00000  237.00000   92.00000   71.00000  247.00000    6.00000  853.00000  695.00000   28.62704
  28.00000  159.10000  186.70000    0.00000  175.60000   11.30000  989.60000  788.90000   32.76804
  56.00000  424.00000   22.00000  132.00000  168.00000    8.92000  822.00000  750.00000   74.36491
   7.00000  332.50000  142.50000    0.00000  228.00000    0.00000  932.00000  594.00000   30.27558
  90.00000  540.00000    0.00000    0.00000  173.00000    0.00000 1125.00000  613.00000   69.65776
 100.00000  178.03000  129.80000  118.60000  179.94000    3.57000 1007.30000  746.80000   49.99390
  28.00000  220.80000  147.20000    0.00000  185.70000    0.00000 1055.00000  744.30000   25.74503
   3.00000  202.00000   11.00000  141.00000  206.00000    1.72000  942.00000  801.00000    9.84966
  28.00000  147.00000  115.00000   89.00000  202.00000    9.00000  860.00000  829.00000   19.98791
  28.00000  322.00000  149.00000    0.00000  186.00000    8.00000  951.00000  709.00000   52.42086
  90.00000  108.30000  162.40000    0.00000  203.50000    0.00000  938.20000  849.00000   29.23171
 180.00000  380.00000   95.00000    0.00000  228.00000    0.00000  932.00000  594.00000   40.75906
  28.00000  339.00000    0.00000    0.00000  185.00000    0.00000 1069.00000  754.00000   31.84000
  28.00000  500.00000    0.00000    0.00000  151.00000    9.00000 1033.00000  655.00000   69.83702
   3.00000  284.00000   15.00000  141.00000  179.00000    5.46000  842.00000  801.00000   13.39553
  28.00000  164.00000  163.00000  128.00000  197.00000    8.00000  961.00000  641.00000   27.23430
  14.00000  238.05000    0.00000   94.11000  186.66000    7.00000  949.91000  847.01000   25.68988
  56.00000  469.00000  117.20000    0.00000  137.80000   32.20000  852.10000  840.50000   69.29923
  28.00000  425.00000  106.30000    0.00000  153.50000   16.50000  852.10000  887.10000   60.29468
  28.00000  255.00000    0.00000    0.00000  192.00000    0.00000  889.80000  945.00000   18.74616
  28.00000  264.50000  111.00000   86.50000  195.50000    5.90000  832.60000  790.40000   41.54231
  28.00000  162.00000  190.10000  148.10000  178.80000   18.80000  838.10000  741.40000   33.76226
  28.00000  272.60000    0.00000   89.60000  198.70000   10.60000  931.30000  762.20000   32.24541
 180.00000  380.00000    0.00000    0.00000  228.00000    0.00000  932.00000  670.00000   53.10413
  56.00000  446.00000   24.00000   79.00000  162.00000   11.61000  967.00000  712.00000   61.06689
  28.00000  236.00000  157.00000    0.00000  192.00000    0.00000  972.60000  749.10000   32.88456
   7.00000  381.40000    0.00000    0.00000  185.70000    0.00000 1104.60000  784.30000   14.54105
  28.00000  397.00000    0.00000    0.00000  185.70000    0.00000 1040.60000  734.30000   33.08244
   3.00000  218.23000   54.64000  123.78000  140.75000   11.91000 1075.70000  792.67000   27.42046
  14.00000  540.00000    0.00000    0.00000  173.00000    0.00000 1125.00000  613.00000   59.76378
   7.00000  239.60000  359.40000    0.00000  185.70000    0.00000  941.60000  664.30000   25.42236
  28.00000  255.50000  170.30000    0.00000  185.70000    0.00000 1026.60000  724.30000   32.05167
 100.00000  213.74000    0.00000  174.74000  154.79000   10.16000 1053.50000  776.35000   50.07664
  14.00000  251.37000    0.00000  118.27000  192.94000    5.75000 1043.60000  754.30000   20.72565
  90.00000  310.00000    0.00000    0.00000  192.00000    0.00000 1012.00000  830.00000   35.76312
  90.00000  393.00000    0.00000    0.00000  192.00000    0.00000  940.00000  758.00000   48.79422
  28.00000  102.00000  153.00000    0.00000  192.00000    0.00000  887.00000  942.00000   17.27551
  56.00000  491.00000   26.00000  123.00000  210.00000    3.93000  882.00000  699.00000   59.59043
  28.00000  427.50000   47.50000    0.00000  228.00000    0.00000  932.00000  594.00000   37.42752
  91.00000  379.50000  151.20000    0.00000  153.90000   15.90000 1134.30000  605.00000   56.49566
   7.00000  286.30000  200.90000    0.00000  144.70000   11.20000 1004.60000  803.70000   37.99702
  14.00000  213.72000   98.05000   24.51000  181.71000    6.86000 1065.80000  785.38000   30.38521
  28.00000  162.00000  214.00000  164.00000  202.00000   10.00000  820.00000  680.00000   30.64721
  28.00000  159.00000  209.00000  161.00000  201.00000    7.00000  848.00000  669.00000   30.88163
   7.00000  250.00000    0.00000    0.00000  182.00000    0.00000 1100.00000  820.00000   12.73462
  28.00000  136.00000  162.00000  126.00000  172.00000   10.00000  923.00000  764.00000   29.06831
  90.00000  237.50000  237.50000    0.00000  228.00000    0.00000  932.00000  594.00000   33.11691
  14.00000  173.81000   93.37000  159.90000  172.34000    9.73000 1007.20000  746.60000   29.55094
  28.00000  446.00000   24.00000   79.00000  162.00000   10.30000  967.00000  712.00000   53.38613
  14.00000  250.00000    0.00000   95.69000  191.84000    5.33000  948.90000  857.20000   24.65566
  28.00000  134.70000    0.00000  165.70000  180.20000   10.00000  961.00000  804.90000   13.29379
   3.00000  393.00000    0.00000    0.00000  192.00000    0.00000  940.60000  785.60000   19.19915
  14.00000  212.57000    0.00000  100.39000  159.35000   10.37000 1003.80000  903.79000   25.37272
  28.00000  172.38000   13.61000  172.37000  156.76000    4.14000 1006.30000  856.40000   33.68780
   3.00000  229.68000    0.00000  118.16000  195.23000    6.13000 1028.10000  757.63000   13.35515
  90.00000  157.00000  236.00000    0.00000  192.00000    0.00000  935.40000  781.20000   43.37700
  14.00000  385.00000    0.00000    0.00000  186.00000    0.00000  966.00000  763.00000   27.92378
  90.00000  305.30000  203.50000    0.00000  203.50000    0.00000  965.40000  631.00000   54.59891
  28.00000  313.00000  161.00000    0.00000  178.00000   10.00000  917.00000  759.00000   52.44154
  14.00000  167.00000   75.40000  167.00000  164.03000    7.91000 1007.30000  770.10000   32.90179
   3.00000  168.88000   42.22000  124.25000  158.33000   10.83000 1080.80000  796.15000    7.39808
   7.00000  186.20000  124.10000    0.00000  185.70000    0.00000 1083.40000  764.30000    7.99585
  28.00000  166.80000  250.20000    0.00000  203.50000    0.00000  975.60000  692.60000   33.94773
  28.00000  366.00000  187.00000    0.00000  191.00000    7.00000  824.00000  757.00000   65.90701
   3.00000  249.10000    0.00000   98.75000  158.11000   12.80000  987.76000  889.01000   15.36153
  28.00000  277.00000  117.00000   91.00000  191.00000    7.00000  946.00000  666.00000   43.57488
  28.00000  148.10000    0.00000  182.10000  181.40000   15.00000  838.90000  884.30000   15.52631
  56.00000  238.05000    0.00000   94.11000  186.66000    7.00000  949.91000  847.01000   39.58971
  28.00000  339.00000    0.00000    0.00000  197.00000    0.00000  968.00000  781.00000   32.03995
  14.00000  246.83000    0.00000  125.08000  143.30000   11.99000 1086.80000  800.89000   42.21662
  28.00000  251.37000    0.00000  118.27000  188.45000    5.75000 1028.40000  757.73000   29.65436
   7.00000  236.00000  157.00000    0.00000  192.00000    0.00000  972.60000  749.10000   20.41607
 270.00000  190.00000  190.00000    0.00000  228.00000    0.00000  932.00000  670.00000   50.65511
  14.00000  290.35000    0.00000   96.18000  168.08000    9.41000  961.18000  865.00000   34.67375
   3.00000  190.68000    0.00000  125.40000  162.14000    7.77000 1090.00000  804.01000   15.04437
  28.00000  286.30000  200.90000    0.00000  144.70000   11.20000 1004.60000  803.70000   67.69965
  28.00000  331.00000  170.00000    0.00000  195.00000    8.00000  811.00000  802.00000   56.61287
  14.00000  190.34000    0.00000  125.18000  166.61000    9.88000 1079.00000  798.90000   19.41564
  14.00000  190.68000    0.00000  125.40000  162.14000    7.77000 1090.00000  804.01000   21.06349
  28.00000  355.00000   19.00000   97.00000  145.00000   13.13000  967.00000  871.00000   44.02994
  90.00000  236.00000    0.00000    0.00000  194.00000    0.00000  968.00000  885.00000   21.94602
  28.00000  520.00000    0.00000    0.00000  170.00000    5.20000  855.00000  855.00000   60.28089
  90.00000  198.60000  132.40000    0.00000  192.00000    0.00000  978.40000  825.50000   38.07424
  28.00000  385.00000    0.00000  136.00000  158.00000   20.00000  903.00000  768.00000   55.55108
  28.00000  480.00000    0.00000    0.00000  192.00000    0.00000  936.00000  721.00000   43.89204
  28.00000  289.00000  133.70000    0.00000  194.90000    5.50000  924.10000  760.10000   46.24729
   3.00000  286.30000  200.90000    0.00000  144.70000   11.20000 1004.60000  803.70000   24.40056
 100.00000  250.00000    0.00000   95.69000  187.42000    5.53000  956.86000  861.17000   42.34762
  28.00000  281.00000    0.00000    0.00000  186.00000    0.00000 1104.00000  774.00000   22.43555
  90.00000  480.00000    0.00000    0.00000  192.00000    0.00000  936.20000  712.20000   54.31554
  28.00000  339.00000    0.00000    0.00000  185.00000    0.00000 1060.00000  754.00000   31.64695
  90.00000  173.00000  116.00000    0.00000  192.00000    0.00000  946.80000  856.80000   32.10269
  28.00000  136.00000  196.00000   98.00000  199.00000    6.00000  847.00000  783.00000   26.96541
   3.00000  310.00000    0.00000    0.00000  192.00000    0.00000  971.00000  850.60000    9.86640
   3.00000  192.00000  288.00000    0.00000  192.00000    0.00000  929.80000  716.10000   12.78840
   3.00000  480.00000    0.00000    0.00000  192.00000    0.00000  936.00000  721.00000   24.39366
   3.00000  425.00000  106.30000    0.00000  153.50000   16.50000  852.10000  887.10000   33.39822
  14.00000  194.68000    0.00000  100.52000  165.62000    7.48000 1006.40000  905.90000   24.98661
  28.00000  255.30000   98.80000   77.00000  188.60000    6.50000  919.00000  749.30000   33.79880
  28.00000  326.00000  166.00000    0.00000  174.00000    9.00000  882.00000  790.00000   61.23236
   7.00000  252.00000    0.00000    0.00000  186.00000    0.00000 1111.00000  784.00000   11.46599
   7.00000  525.00000    0.00000    0.00000  189.00000    0.00000 1125.00000  613.00000   42.42346
  28.00000  166.00000  260.00000    0.00000  183.00000   13.00000  859.00000  827.00000   37.91429
 180.00000  304.00000   76.00000    0.00000  228.00000    0.00000  932.00000  670.00000   50.94883
   7.00000  446.00000   24.00000   79.00000  162.00000   11.64000  967.00000  712.00000   39.30013
   3.00000  288.00000  192.00000    0.00000  192.00000    0.00000  932.00000  717.80000   16.10961
  91.00000  531.30000    0.00000    0.00000  141.80000   28.20000  852.10000  893.70000   59.19841
  14.00000  213.50000    0.00000  174.24000  159.21000   11.66000 1043.60000  771.90000   29.59231
  28.00000  300.00000    0.00000  120.00000  212.00000   10.00000  878.00000  728.00000   23.83519
  91.00000  469.00000  117.20000    0.00000  137.80000   32.20000  852.10000  840.50000   70.69887
   3.00000  212.57000    0.00000  100.39000  159.35000   10.37000 1003.80000  903.79000   13.33447
   7.00000  362.60000  189.00000    0.00000  164.90000   11.60000  944.70000  755.80000   22.89750
  56.00000  387.00000   20.00000   94.00000  157.00000   14.32000  938.00000  845.00000   56.33708
  28.00000  144.00000  170.00000  133.00000  192.00000    8.00000  814.00000  805.00000   29.86810
   3.00000  349.00000    0.00000    0.00000  192.00000    0.00000 1047.00000  806.00000   14.98921
   7.00000  388.60000   97.10000    0.00000  157.90000   12.10000  852.10000  925.70000   34.90128
   7.00000  255.50000  170.30000    0.00000  185.70000    0.00000 1026.60000  724.30000   17.23621
  28.00000  296.00000    0.00000    0.00000  192.00000    0.00000 1085.00000  765.00000   21.64955
  90.00000  427.50000   47.50000    0.00000  228.00000    0.00000  932.00000  594.00000   41.54300
  28.00000  152.00000  178.00000  139.00000  168.00000   18.00000  944.00000  695.00000   36.34917
  56.00000  491.00000   26.00000  123.00000  201.00000    3.93000  822.00000  699.00000   61.85585
  28.00000  246.83000    0.00000  125.08000  143.30000   11.99000 1086.80000  800.89000   52.50360
   3.00000  531.30000    0.00000    0.00000  141.80000   28.20000  852.10000  893.70000   41.29961
  28.00000  154.00000  144.00000  112.00000  220.00000   10.00000  923.00000  658.00000   16.49916
  90.00000  277.00000    0.00000    0.00000  191.00000    0.00000  968.00000  856.00000   31.25395
  56.00000  250.00000    0.00000   95.69000  187.42000    5.53000  956.86000  861.17000   38.32797
  28.00000  173.00000  116.00000    0.00000  192.00000    0.00000  946.80000  856.80000   24.28197
 270.00000  342.00000   38.00000    0.00000  228.00000    0.00000  932.00000  670.00000   55.06431
  28.00000  401.80000   94.70000    0.00000  147.40000   11.40000  946.80000  852.10000   68.49944
  14.00000  251.37000    0.00000  118.27000  188.45000    6.35000 1028.40000  757.73000   24.42813
  14.00000  250.00000    0.00000   95.69000  187.42000    5.53000  956.86000  861.17000   24.91766
   3.00000  198.60000  132.40000    0.00000  192.00000    0.00000  978.40000  825.50000    9.13142
   3.00000  231.75000    0.00000  121.62000  173.96000    6.72000 1056.40000  778.45000   15.43737
  28.00000  133.10000  210.20000    0.00000  195.70000    3.10000  949.40000  795.30000   28.93800
   7.00000  252.00000    0.00000    0.00000  185.00000    0.00000 1111.00000  784.00000   13.71368
   3.00000  194.68000    0.00000  100.52000  165.62000    7.48000 1006.40000  905.90000   12.45194
  28.00000  145.00000  116.00000  119.00000  184.00000    5.70000  833.00000  880.00000   29.15794
  28.00000  151.00000    0.00000  185.00000  167.00000   16.00000 1074.00000  678.00000   13.45857
  28.00000  150.90000    0.00000  183.90000  166.60000   11.60000  991.20000  772.20000   15.56975
   3.00000  375.00000   93.80000    0.00000  126.60000   23.40000  852.10000  992.60000   28.99936
   7.00000  170.30000  155.50000    0.00000  185.70000    0.00000 1026.60000  724.30000   10.73031
  28.00000  229.97000    0.00000  118.31000  195.47000    4.63000 1029.40000  758.59000   24.48329
   3.00000  122.60000  183.90000    0.00000  203.50000    0.00000  958.20000  800.10000    3.31983
 100.00000  233.81000    0.00000   94.58000  197.89000    4.56700  947.04000  852.16000   34.55654
  28.00000  186.20000  124.10000    0.00000  185.70000    0.00000 1083.40000  764.30000   17.59681
   3.00000  500.00000    0.00000    0.00000  200.00000    0.00000 1125.00000  613.00000   26.06219
 360.00000  139.60000  209.40000    0.00000  192.00000    0.00000 1047.00000  806.90000   44.69804
   7.00000  427.50000   47.50000    0.00000  228.00000    0.00000  932.00000  594.00000   35.07640
  28.00000  238.05000    0.00000   94.11000  186.66000    7.00000  949.91000  847.01000   30.23352
  28.00000  181.38000    0.00000  167.01000  169.59000    7.56000 1055.60000  777.80000   27.77209
   7.00000  475.00000    0.00000    0.00000  228.00000    0.00000  932.00000  594.00000   38.60376
  28.00000  266.00000  114.00000    0.00000  228.00000    0.00000  932.00000  670.00000   45.85429
  28.00000  181.90000  272.80000    0.00000  185.70000    0.00000 1012.40000  714.30000   27.93550
  28.00000  313.30000  145.00000    0.00000  178.50000    8.00000  867.20000  824.00000   40.92523
  28.00000  145.00000    0.00000  179.00000  202.00000    8.00000  824.00000  869.00000   10.53519
   7.00000  225.00000    0.00000    0.00000  181.00000    0.00000 1113.00000  833.00000   11.16951
  28.00000  446.00000   24.00000   79.00000  162.00000   11.64000  967.00000  712.00000   44.42294
 100.00000  251.37000    0.00000  118.27000  192.94000    5.75000 1043.60000  754.30000   40.14819
  56.00000  167.35000  129.90000  128.62000  175.46000    7.79000 1006.30000  746.60000   51.72449
  28.00000  313.00000  145.00000    0.00000  178.00000    8.00000  867.00000  824.00000   44.38846
  28.00000  397.00000    0.00000    0.00000  186.00000    0.00000 1040.00000  734.00000   36.93523
  28.00000  252.00000    0.00000    0.00000  185.00000    0.00000 1111.00000  784.00000   19.69143
 100.00000  212.07000    0.00000  121.62000  180.31000    5.69000 1057.60000  779.32000   39.61040
   3.00000  388.60000   97.10000    0.00000  157.90000   12.10000  852.10000  925.70000   28.09615
  28.00000  108.30000  162.40000    0.00000  203.50000    0.00000  938.20000  849.00000   20.59396
  28.00000  261.90000  110.50000   86.10000  195.40000    5.00000  895.20000  732.60000   33.71882
   3.00000  167.35000  129.90000  128.62000  175.46000    7.79000 1006.30000  746.60000   14.94094
  14.00000  322.00000    0.00000    0.00000  203.00000    0.00000  974.00000  800.00000   20.77391
  28.00000  140.00000  164.00000  128.00000  237.00000    6.00000  869.00000  656.00000   35.22533
  28.00000  313.00000  145.00000    0.00000  178.00000    8.00000 1002.00000  689.00000   41.05140
   7.00000  250.20000  166.80000    0.00000  203.50000    0.00000  977.60000  694.10000   19.35014
  90.00000  349.00000    0.00000    0.00000  192.00000    0.00000 1056.00000  809.00000   40.65840
  28.00000  252.50000    0.00000    0.00000  185.70000    0.00000 1111.60000  784.30000   19.76521
  28.00000  424.00000   22.00000  132.00000  178.00000    8.48000  822.00000  750.00000   62.05284
 100.00000  213.72000   98.05000   24.51000  181.71000    6.86000 1065.80000  785.38000   53.90323
  28.00000  148.10000    0.00000  136.60000  158.10000   16.10000 1001.80000  830.10000   17.95947
   3.00000  250.00000    0.00000   95.69000  191.84000    5.33000  948.90000  857.20000    8.48745
  28.00000  149.00000  139.00000  109.00000  193.00000    6.00000  892.00000  780.00000   23.69040
 365.00000  307.00000    0.00000    0.00000  193.00000    0.00000  968.00000  812.00000   36.14923
  56.00000  213.50000    0.00000  174.24000  159.21000   11.66000 1043.60000  771.90000   51.25565
   3.00000  200.00000  133.00000    0.00000  192.00000    0.00000  965.40000  806.20000   11.41428
  28.00000  362.60000  189.00000    0.00000  164.90000   11.60000  944.70000  755.80000   71.29871
  28.00000  190.34000    0.00000  125.18000  166.61000    9.88000 1079.00000  798.90000   24.84872
  90.00000  192.00000  288.00000    0.00000  192.00000    0.00000  929.80000  716.10000   50.73233
 100.00000  190.34000    0.00000  125.18000  161.85000    9.88000 1088.10000  802.59000   40.38950
  28.00000  222.36000    0.00000   96.67000  189.29000    4.46000  967.08000  870.32000   24.89008
   3.00000  173.00000  116.00000    0.00000  192.00000    0.00000  946.80000  856.80000    6.94095
  28.00000  469.00000  117.20000    0.00000  137.80000   32.20000  852.10000  840.50000   66.89986
  28.00000  135.00000    0.00000  166.00000  180.00000   10.00000  961.00000  805.00000   13.29310
  28.00000  298.20000    0.00000  107.00000  209.70000   11.10000  879.60000  744.20000   31.87516
 100.00000  173.54000   50.05000  173.53000  164.77000    6.47000 1006.20000  793.50000   56.06129
  14.00000  178.03000  129.80000  118.60000  179.94000    3.57000 1007.30000  746.80000   34.23938
   3.00000  218.85000    0.00000  124.13000  158.49000   11.33000 1078.70000  794.91000   15.34084
   3.00000  222.36000    0.00000   96.67000  189.29000    4.46000  967.08000  870.32000   11.57630
   3.00000  339.00000    0.00000    0.00000  197.00000    0.00000  968.00000  781.00000   13.22415
  28.00000  281.00000    0.00000    0.00000  185.00000    0.00000 1104.00000  774.00000   22.43555
  28.00000  184.00000   86.00000  190.00000  213.00000    6.00000  923.00000  623.00000   22.93197
  28.00000  170.30000  155.50000    0.00000  185.70000    0.00000 1026.60000  724.30000   25.72642
  28.00000  213.72000   98.05000   24.51000  181.71000    6.86000 1065.80000  785.38000   45.70536
  28.00000  333.00000    0.00000    0.00000  192.00000    0.00000  931.20000  842.60000   31.96687
  28.00000  178.03000  129.80000  118.60000  179.94000    3.57000 1007.30000  746.80000   39.16224
   7.00000  323.70000  282.80000    0.00000  183.80000   10.30000  942.70000  659.90000   49.80085
 180.00000  190.00000  190.00000    0.00000  228.00000    0.00000  932.00000  670.00000   46.93194
  56.00000  252.31000    0.00000   98.75000  146.25000   14.17000  987.76000  889.01000   55.82687
 270.00000  540.00000    0.00000    0.00000  173.00000    0.00000 1125.00000  613.00000   74.16693
   3.00000  491.00000   26.00000  123.00000  210.00000    3.93000  882.00000  699.00000   25.60911
  14.00000  168.88000   42.22000  124.25000  158.33000   10.83000 1080.80000  796.15000   23.51113
  56.00000  212.07000    0.00000  121.62000  180.31000    5.69000 1057.60000  779.32000   34.20490
 100.00000  277.19000   97.82000   24.46000  160.70000   11.19000 1061.70000  782.46000   66.94812
  28.00000  323.70000  282.80000    0.00000  183.80000   10.30000  942.70000  659.90000   74.69783
  28.00000  336.50000    0.00000    0.00000  181.90000    3.40000  985.80000  816.80000   44.86834
  56.00000  362.60000  189.00000    0.00000  164.90000   11.60000  944.70000  755.80000   77.29715
  28.00000  229.68000    0.00000  118.16000  195.23000    6.13000 1028.10000  757.63000   24.53845
   3.00000  116.00000  173.00000    0.00000  192.00000    0.00000  909.80000  891.90000    6.28044
   3.00000  166.80000  250.20000    0.00000  203.50000    0.00000  975.60000  692.60000    6.90234
   7.00000  359.00000   19.00000  141.00000  154.00000   10.91000  942.00000  801.00000   35.75426
  28.00000  252.00000   97.00000   76.00000  194.00000    8.00000  835.00000  821.00000   33.39822
 180.00000  525.00000    0.00000    0.00000  189.00000    0.00000 1125.00000  613.00000   61.92184
 270.00000  500.00000    0.00000    0.00000  200.00000    0.00000 1125.00000  613.00000   55.15808
  28.00000  304.00000   76.00000    0.00000  228.00000    0.00000  932.00000  670.00000   47.81378
  28.00000  277.05000    0.00000   97.39000  160.60000   11.83000  973.90000  875.61000   48.28400
  14.00000  295.71000    0.00000   95.64000  171.54000    8.87000  955.14000  859.20000   35.23222
   7.00000  108.30000  162.40000    0.00000  203.50000    0.00000  938.20000  849.00000    7.72351
  28.00000  182.04000   45.21000  121.97000  170.21000    8.19000 1059.40000  780.65000   31.26774
 270.00000  427.50000   47.50000    0.00000  228.00000    0.00000  932.00000  594.00000   43.01296
   7.00000  296.00000    0.00000    0.00000  186.00000    0.00000 1090.00000  769.00000   18.91233
  91.00000  425.00000  106.30000    0.00000  153.50000   16.50000  852.10000  887.10000   65.19685
  91.00000  389.90000  189.00000    0.00000  145.90000   22.00000  944.70000  755.80000   82.59922
 180.00000  427.50000   47.50000    0.00000  228.00000    0.00000  932.00000  594.00000   41.83671
  28.00000  500.10000    0.00000    0.00000  200.00000    3.00000 1124.40000  613.20000   44.13336
  28.00000  298.00000    0.00000  107.00000  164.00000   13.00000  953.00000  784.00000   35.85965
   7.00000  380.00000   95.00000    0.00000  228.00000    0.00000  932.00000  594.00000   32.82319
 360.00000  198.60000  132.40000    0.00000  192.00000    0.00000  978.40000  825.50000   44.29608
  28.00000  362.60000  189.00000    0.00000  164.90000   11.60000  944.70000  755.80000   71.29871
   7.00000  397.00000    0.00000    0.00000  185.70000    0.00000 1040.60000  734.30000   25.44787
  28.00000  277.19000   97.82000   24.46000  160.70000   11.19000 1061.70000  782.46000   63.14221
  91.00000  475.00000  118.80000    0.00000  181.10000    8.90000  852.10000  781.50000   74.19451
  90.00000  525.00000    0.00000    0.00000  189.00000    0.00000 1125.00000  613.00000   58.78472
  28.00000  516.00000    0.00000    0.00000  162.00000    8.20000  801.00000  802.00000   41.36856
  28.00000  326.50000    0.00000  137.90000  199.00000   10.80000  801.10000  792.50000   38.63065
  28.00000  252.31000    0.00000   98.75000  146.25000   14.17000  987.76000  889.01000   50.60064
  28.00000  139.90000  132.60000  103.30000  200.30000    7.40000  916.00000  753.40000   36.44363
  28.00000  284.00000   15.00000  141.00000  179.00000    5.46000  842.00000  801.00000   43.73346
  28.00000  480.00000    0.00000    0.00000  192.00000    0.00000  936.20000  712.20000   43.94237
  56.00000  172.38000   13.61000  172.37000  156.76000    4.14000 1006.30000  856.40000   35.85275
   7.00000  375.00000   93.80000    0.00000  126.60000   23.40000  852.10000  992.60000   45.69847
  28.00000  425.00000  106.30000    0.00000  151.40000   18.60000  936.00000  803.70000   61.79773
  14.00000  376.00000    0.00000    0.00000  214.60000    0.00000 1003.50000  762.36000   25.62093
   3.00000  214.90000   53.80000  121.89000  155.63000    9.61000 1014.30000  780.58000   18.01601
  28.00000  158.40000    0.00000  194.90000  219.70000   11.00000  897.70000  712.90000    8.53640
 100.00000  238.05000    0.00000   94.11000  186.66000    7.00000  949.91000  847.01000   44.29883
   3.00000  233.81000    0.00000   94.58000  197.89000    4.56700  947.04000  852.16000   10.38351
  56.00000  168.88000   42.22000  124.25000  158.33000   10.83000 1080.80000  796.15000   39.14845
 270.00000  525.00000    0.00000    0.00000  189.00000    0.00000 1125.00000  613.00000   67.11359
 180.00000  332.50000  142.50000    0.00000  228.00000    0.00000  932.00000  594.00000   39.77932
  28.00000  152.60000  238.70000    0.00000  200.00000    6.30000 1001.80000  683.90000   26.85992
  14.00000  222.36000    0.00000   96.67000  189.29000    4.46000  967.08000  870.32000   24.44882
  56.00000  167.00000   75.40000  167.00000  164.03000    7.91000 1007.30000  770.10000   53.46197
   7.00000  212.00000  141.30000    0.00000  203.50000    0.00000  973.40000  750.00000   15.03058
   3.00000  251.37000    0.00000  118.27000  188.45000    5.75000 1028.40000  757.73000   17.22311
  56.00000  167.95000   42.08000  163.83000  121.75000    5.72000 1058.70000  780.11000   32.85353
  14.00000  233.81000    0.00000   94.58000  197.89000    4.56700  947.04000  852.16000   22.13907
  14.00000  194.68000    0.00000  100.52000  170.17000    7.48000  998.00000  901.80000   24.28334
  28.00000  210.70000  316.10000    0.00000  185.70000    0.00000  977.00000  689.30000   37.81362
   3.00000  393.00000    0.00000    0.00000  192.00000    0.00000  940.00000  758.00000   19.10538
   7.00000  238.20000  158.80000    0.00000  185.70000    0.00000 1040.60000  734.30000   15.69109
   7.00000  203.50000  135.70000    0.00000  185.70000    0.00000 1076.20000  759.30000   11.95758
  28.00000  288.00000  121.00000    0.00000  177.00000    7.00000  908.00000  829.00000   42.13388
 100.00000  190.34000    0.00000  125.18000  166.61000    9.88000 1079.00000  798.90000   33.56369
  28.00000  198.60000  132.40000    0.00000  192.00000    0.00000  978.40000  825.50000   28.02168
   3.00000  540.00000    0.00000    0.00000  173.00000    0.00000 1125.00000  613.00000   41.63746
  28.00000  202.00000   11.00000  141.00000  206.00000    1.72000  942.00000  801.00000   21.96671
 270.00000  237.50000  237.50000    0.00000  228.00000    0.00000  932.00000  594.00000   38.40795
  28.00000  144.00000    0.00000  175.00000  158.00000   18.00000  943.00000  844.00000   15.41668
  28.00000  298.10000    0.00000  107.50000  163.60000   12.80000  953.20000  784.00000   35.86585
  28.00000  164.60000    0.00000  150.40000  181.60000   11.70000 1023.30000  728.90000   18.03393
  28.00000  150.00000  237.00000    0.00000  174.00000   12.00000 1069.00000  675.00000   37.43165
  28.00000  318.80000  212.50000    0.00000  155.70000   14.30000  852.10000  880.40000   55.49592
   7.00000  275.00000    0.00000    0.00000  183.00000    0.00000 1088.00000  808.00000   14.20321
   7.00000  331.00000    0.00000    0.00000  192.00000    0.00000 1025.00000  821.00000   17.43685
  14.00000  525.00000    0.00000    0.00000  189.00000    0.00000 1125.00000  613.00000   48.40122
  28.00000  238.00000    0.00000    0.00000  185.00000    0.00000 1118.00000  789.00000   17.54027
   7.00000  339.20000    0.00000    0.00000  185.70000    0.00000 1069.20000  754.30000   21.17932
  28.00000  321.00000    0.00000  128.00000  182.00000   11.00000  870.00000  780.00000   37.25928
  14.00000  165.00000  128.50000  132.10000  175.06000    8.08000 1005.80000  746.60000   33.08795
  28.00000  252.00000    0.00000    0.00000  185.00000    0.00000 1111.00000  784.00000   19.69143
  90.00000  333.00000    0.00000    0.00000  192.00000    0.00000  931.20000  842.60000   41.68020
   3.00000  331.00000    0.00000    0.00000  192.00000    0.00000  879.00000  825.00000   13.52062
  28.00000  143.00000  169.00000  143.00000  191.00000    8.00000  967.00000  643.00000   29.72331
  28.00000  315.00000  137.00000    0.00000  145.00000    5.90000 1130.00000  745.00000   81.75117
  28.00000  144.80000    0.00000  133.60000  180.80000   11.10000  979.50000  811.50000   13.20209
  28.00000  173.54000   50.05000  173.53000  164.77000    6.47000 1006.20000  793.50000   38.20387
  28.00000  156.00000  178.00000  187.00000  221.00000    7.00000  854.00000  614.00000   29.41305
  28.00000  141.90000  166.60000  129.70000  173.50000   10.90000  882.60000  785.30000   44.61186
  28.00000  540.00000    0.00000    0.00000  173.00000    0.00000 1125.00000  613.00000   67.30665
   3.00000  236.00000  157.00000    0.00000  192.00000    0.00000  972.60000  749.10000   13.56544
   3.00000  277.05000    0.00000   97.39000  160.60000   11.83000  973.90000  875.61000   23.13881
   3.00000  172.38000   13.61000  172.37000  156.76000    4.14000 1006.30000  856.40000   21.29102
  90.00000  304.00000   76.00000    0.00000  228.00000    0.00000  932.00000  670.00000   49.18515
   3.00000  212.07000    0.00000  121.62000  180.31000    5.69000 1057.60000  779.32000   12.47262
   3.00000  424.00000   22.00000  132.00000  168.00000    8.92000  822.00000  750.00000   32.10988
  28.00000  251.37000    0.00000  118.27000  192.94000    5.75000 1043.60000  754.30000   33.27411
 100.00000  213.50000    0.00000  174.24000  159.21000   11.66000 1043.60000  771.90000   52.95865
  28.00000  331.00000    0.00000    0.00000  192.00000    0.00000  978.00000  825.00000   31.44700
   3.00000  439.00000  177.00000    0.00000  186.00000   11.10000  884.90000  707.90000   39.30013
  28.00000  151.80000  178.10000  138.70000  167.50000   18.30000  944.00000  694.60000   36.34986
  28.00000  145.70000  172.60000    0.00000  181.90000    3.40000  985.80000  816.80000   23.74417
   3.00000  305.30000  203.50000    0.00000  203.50000    0.00000  965.40000  631.00000   14.14391
  28.00000  289.00000  134.00000    0.00000  195.00000    6.00000  924.00000  760.00000   46.24316
  56.00000  173.54000   50.05000  173.53000  164.77000    6.47000 1006.20000  793.50000   53.77223
   7.00000  382.50000    0.00000    0.00000  185.70000    0.00000 1047.80000  739.30000   24.06547
   7.00000  424.00000   22.00000  132.00000  168.00000    8.92000  822.00000  750.00000   40.28510
   7.00000  237.50000  237.50000    0.00000  228.00000    0.00000  932.00000  594.00000   26.25800
   3.00000  387.00000   20.00000   94.00000  157.00000   14.32000  938.00000  845.00000   22.75271
  56.00000  229.68000    0.00000  118.16000  195.23000    6.13000 1028.10000  757.63000   31.35047
  28.00000  150.00000  236.80000    0.00000  173.80000   11.90000 1069.30000  674.80000   37.43165
  28.00000  145.00000    0.00000  134.00000  181.00000   11.00000  979.00000  812.00000   13.19657
  90.00000  102.00000  153.00000    0.00000  192.00000    0.00000  887.00000  942.00000   25.46097
  28.00000  349.00000    0.00000    0.00000  192.00000    0.00000 1047.00000  806.00000   32.72253
  28.00000  153.00000  145.00000  113.00000  178.00000    8.00000 1002.00000  689.00000   25.55888
  91.00000  337.90000  189.00000    0.00000  174.90000    9.50000  944.70000  755.80000   67.79618
 100.00000  252.31000    0.00000   98.75000  146.25000   14.17000  987.76000  889.01000   60.94968
  56.00000  297.16000    0.00000  117.54000  174.80000    9.52000 1022.80000  753.45000   51.95891
 100.00000  212.57000    0.00000  100.39000  159.35000   10.37000 1003.80000  903.79000   47.73932
  28.00000  314.00000  145.00000  113.00000  179.00000    8.00000  869.00000  690.00000   46.22937
  28.00000  225.00000    0.00000    0.00000  181.00000    0.00000 1113.00000  833.00000   17.34032
  28.00000  249.10000    0.00000   98.75000  158.11000   12.80000  987.76000  889.01000   30.84716
  14.00000  172.38000   13.61000  172.37000  156.76000    4.14000 1006.30000  856.40000   29.75089
  90.00000  190.00000  190.00000    0.00000  228.00000    0.00000  932.00000  670.00000   42.32693
  28.00000  214.90000   53.80000  121.89000  155.63000    9.61000 1014.30000  780.58000   52.20023
 100.00000  222.36000    0.00000   96.67000  189.29000    4.46000  967.08000  870.32000   40.71356
   7.00000  305.30000  203.50000    0.00000  203.50000    0.00000  965.40000  631.00000   25.89396
  28.00000  165.00000    0.00000  150.00000  182.00000   12.00000 1023.00000  729.00000   18.02980
  14.00000  165.00000    0.02000  143.57000  163.81000    0.00000 1005.60000  900.90000   16.87837
  28.00000  152.70000  144.70000    0.00000  178.10000    8.00000  999.70000  822.20000   19.00954
  90.00000  200.00000  133.00000    0.00000  192.00000    0.00000  965.40000  806.20000   43.25083
  28.00000  276.40000  116.00000   90.30000  179.60000    8.90000  870.10000  768.30000   44.28435
  28.00000  193.50000  290.20000    0.00000  185.70000    0.00000  998.20000  704.30000   32.62669
  91.00000  286.30000  200.90000    0.00000  144.70000   11.20000 1004.60000  803.70000   76.80073
  28.00000  382.50000    0.00000    0.00000  185.70000    0.00000 1047.80000  739.30000   37.43786
  56.00000  362.60000  189.00000    0.00000  164.90000   11.60000  944.70000  755.80000   77.29715
  56.00000  202.00000   11.00000  141.00000  206.00000    1.72000  942.00000  801.00000   23.24519
  28.00000  239.60000  359.40000    0.00000  185.70000    0.00000  941.60000  664.30000   39.43527
   3.00000  254.00000    0.00000    0.00000  198.00000    0.00000  968.00000  863.00000    9.30793
  90.00000  296.00000    0.00000    0.00000  192.00000    0.00000 1085.00000  765.00000   29.39236
   3.00000  469.00000  117.20000    0.00000  137.80000   32.20000  852.10000  840.50000   40.19645
  56.00000  286.30000  200.90000    0.00000  144.70000   11.20000 1004.60000  803.70000   72.99482
  28.00000  376.00000    0.00000    0.00000  214.60000    0.00000 1003.50000  762.36000   31.97100
  28.00000  218.85000    0.00000  124.13000  158.49000   11.33000 1078.70000  794.91000   30.21973
  91.00000  375.00000   93.80000    0.00000  126.60000   23.40000  852.10000  992.60000   62.50100
  28.00000  337.90000  189.00000    0.00000  174.90000    9.50000  944.70000  755.80000   49.89738
