   1.06400    2.80200    0.22300    1.60000    0.00000    1.00000    1.84200
   2.21300    2.52600    0.71300    1.20100    1.00000    0.00000    3.56100
  -0.54400    2.08500    0.56000    2.45100    0.00000    0.00000    1.18000
   2.10200    2.82400    0.22300    1.00000    1.00000    0.00000    3.36000
  -0.91700    2.67000    0.49600    2.04700    0.00000    0.00000    1.84200
   2.12700    2.21600    0.58200    0.83900    0.00000    0.00000    4.35300
   6.16600    3.33700    1.44300    0.91300    0.00000    0.00000    7.42900
   0.54800    2.13700    0.22300    1.37500    3.00000    0.00000    4.86500
   5.25800    4.43600    0.76400    1.22700    0.00000    1.00000    5.41200
   2.73600    1.96500    1.40800    0.70900    0.00000    0.00000    5.29000
  -0.12900    2.30900    0.76200    1.11800    0.00000    2.00000    2.71500
   2.12700    2.21600    0.58200    0.83900    0.00000    0.00000    3.62000
   2.27400    3.74000    0.13400    1.58100    0.00000    0.00000    4.39600
  -0.31700    1.51200    0.57000    0.87900    0.00000    1.00000    2.44500
   3.84200    2.89300    1.23600    0.90700    0.00000    0.00000    6.04700
   3.50300    3.83200    0.22300    1.58700    0.00000    0.00000    4.41000
   3.79500    2.47700    0.83000    0.98300    0.00000    0.00000    4.74300
   2.81300    3.46100    0.22300    1.12000    0.00000    0.00000    4.67200
   5.20600    2.63900    1.46200    0.83000    0.00000    0.00000    5.98500
   1.85900    2.83400    0.13400    0.95000    0.00000    0.00000    2.82700
  -0.56400    1.42900    0.22300    1.80400    0.00000    0.00000    2.72000
   0.84600    2.51200    0.13400    1.29300    0.00000    0.00000    2.01600
   1.79500    3.13400    0.22300    1.31900    0.00000    0.00000    2.73900
   0.20200    2.02600    0.22300    1.66700    0.00000    1.00000    0.85500
   0.82800    2.22200    0.71100    0.84900    0.00000    0.00000    3.64100
   1.44200    3.08000    0.22300    1.58300    1.00000    0.00000    3.72700
   2.35700    2.85700    1.42100    2.28200    0.00000    0.00000    4.29500
   2.64200    3.73400    0.22300    1.45000    2.00000    1.00000    3.84000
   3.38600    3.17900    0.00000    0.80500    0.00000    0.00000    4.32200
   1.58700    3.27700    0.22300    1.86900    0.00000    0.00000    2.08500
  -2.88400    3.00100    0.13400    2.92000    0.00000    0.00000    2.37500
   1.62200    3.92100    0.25100    1.39800    0.00000    0.00000    3.41600
   1.23700    2.53600    0.42900    0.87100    0.00000    1.00000    2.53700
   0.24200    2.56500    0.45200    1.52900    0.00000    0.00000    2.11500
   1.57900    3.38000    0.70200    1.52700    0.00000    1.00000    3.84100
   1.76900    2.40500    0.13400    0.84300    0.00000    0.00000    3.21000
   1.39500    2.18300    0.93000    0.84600    0.00000    0.00000    3.66600
   1.12100    3.15900    0.96500    1.58400    0.00000    2.00000    3.77000
   0.28900    2.55500    1.11000    1.68600    0.00000    0.00000    2.60100
  -0.31700    1.75100    0.62900    1.48300    0.00000    0.00000    0.36100
   3.10500    3.64500    0.22300    1.15500    0.00000    0.00000    4.81000
   0.05200    2.52300    0.56000    1.60200    1.00000    1.00000    4.38400
   1.58600    3.38600    0.25100    1.22500    0.00000    0.00000    3.08600
   3.14800    3.47500    0.40500    0.87500    1.00000    2.00000    4.80300
   3.26700    3.73900    0.00000    1.25000    2.00000    2.00000    4.63800
   2.00500    2.25200    1.07500    0.88500    0.00000    0.00000    5.30300
   4.20300    3.00100    0.65100    0.78100    0.00000    0.00000    5.26200
   1.85900    2.83400    0.13400    1.23700    0.00000    0.00000    3.03000
   4.83300    4.14100    0.13400    1.22000    0.00000    0.00000    6.23300
   3.67700    3.39400    0.00000    0.86800    0.00000    0.00000    4.19900
   2.79100    3.40100    0.73200    1.18500    0.00000    1.00000    3.52900
   3.04500    2.26000    0.60400    0.83600    0.00000    0.00000    4.19400
   1.45900    3.43200    0.63800    1.38500    0.00000    1.00000    5.33900
   1.15500    3.08000    0.82700    1.07900    2.00000    0.00000    5.47800
   0.84600    2.51200    0.13400    1.29300    0.00000    0.00000    2.81100
   3.49200    3.83300    0.40500    1.52200    0.00000    1.00000    2.09200
   1.29400    2.45600    0.33100    0.87500    0.00000    1.00000    2.26300
   2.27300    2.97100    0.85900    2.16200    0.00000    0.00000    4.49900
   1.58700    1.85500    1.06700    1.24400    0.00000    0.00000    3.48700
  -0.43900    3.31500    0.91600    1.75300    0.00000    2.00000    2.50100
   2.45900    1.66700    1.27800    1.50000    0.00000    2.00000    3.95500
   1.40100    2.44200    1.21100    2.25400    0.00000    0.00000    4.30500
   1.56500    3.64100    0.33100    1.93300    0.00000    1.00000    2.67000
   1.50600    2.51200    0.13400    0.86200    0.00000    0.00000    3.07800
  -0.27300    2.03400    0.33100    2.67200    1.00000    0.00000    0.84100
   1.22900    2.32900    0.71100    0.86800    0.00000    1.00000    3.09700
   1.14500    3.93700    0.76200    1.70800    0.00000    0.00000    3.29700
   3.51600    3.44100    0.00000    1.66700    0.00000    0.00000    4.53800
   1.39500    2.21500    0.88700    0.88800    0.00000    0.00000    4.08400
   2.22200    3.19500    0.49600    1.13300    0.00000    1.00000    4.44600
   2.24100    2.43000    0.49600    0.94600    0.00000    0.00000    3.44100
   1.44200    3.08000    0.22300    1.58300    0.00000    1.00000    2.36900
   1.80700    3.03600    0.40500    1.20500    1.00000    0.00000    3.73300
   2.81300    3.46100    0.22300    1.12000    0.00000    0.00000    4.46300
   2.06000    3.46200    0.40500    1.71700    0.00000    1.00000    4.20800
   1.51500    2.78100    0.71100    1.14700    0.00000    0.00000    3.84600
   4.43600    3.39000    0.93400    0.88900    0.00000    0.00000    5.26400
   1.06400    2.80200    0.22300    1.60000    0.00000    1.00000    1.74800
   3.94500    2.93700    0.49900    0.80000    0.00000    0.00000    4.84900
   2.29700    3.90000    0.42900    1.57200    0.00000    1.00000    3.84200
   4.78900    3.72800    0.95600    1.17000    0.00000    0.00000    5.57400
   4.09800    4.16600    0.13400    1.55600    0.00000    0.00000    5.91200
   2.99100    2.44200    0.93400    0.98400    0.00000    1.00000    4.20800
   0.73600    1.78300    0.62900    0.75000    1.00000    0.00000    3.46000
   1.88700    2.08000    0.49600    0.85800    0.00000    0.00000    3.02200
   0.91500    3.26100    0.33100    2.04700    0.00000    1.00000    4.18200
  -0.12800    2.36600    0.40500    2.60600    0.00000    0.00000    1.03700
   2.60400    3.27700    0.48600    1.34300    0.00000    0.00000    3.73600
  -0.31600    2.24000    0.40500    1.20300    0.00000    0.00000    2.28600
   0.89300    2.35900    0.40500    0.81400    0.00000    0.00000    4.28700
   2.10200    2.82400    0.22300    1.00000    0.00000    1.00000    2.87000
   1.89000    3.35800    1.34800    1.32800    0.00000    0.00000    3.85200
   0.49600    2.45600    0.33100    1.25900    0.00000    1.00000    2.85800
   1.54800    2.92600    0.58200    1.93900    0.00000    0.00000    3.04600
   1.67200    1.81800    0.49900    1.46800    1.00000    0.00000    3.54600
   3.31500    3.55400    0.62900    0.94500    0.00000    0.00000    3.45900
   4.19000    2.25100    1.50100    1.19700    0.00000    0.00000    5.63200
   2.35900    2.45400    1.07500    0.95100    0.00000    0.00000    6.31700
   4.04400    3.82200    0.00000    1.12500    1.00000    0.00000    5.51000
   2.94200    2.62000    0.49900    0.99000    0.00000    0.00000    4.40200
  -0.45000    2.00000    0.69300    1.12800    2.00000    2.00000    4.36600
   5.42600    4.81000    0.69300    1.42000    0.00000    2.00000    2.54800
   1.59100    2.83400    0.13400    0.95000    0.00000    0.00000    3.02100
   0.14300    2.08600    0.33100    1.22100    1.00000    0.00000    3.81500
   1.70100    2.50800    0.58000    0.94100    0.00000    0.00000    3.76600
   3.12400    3.25200    0.00000    1.41700    0.00000    0.00000    3.29900
   3.95800    3.46500    0.00000    0.80200    0.00000    0.00000    4.98400
   2.49200    3.18000    1.28100    1.24600    0.00000    0.00000    4.96300
   2.46100    2.45600    0.64000    0.93700    0.00000    0.00000    4.28600
  -1.16900    2.70700    0.97200    1.88900    0.00000    3.00000    2.97600
   1.43700    2.80000    0.69300    1.09100    0.00000    1.00000    3.60300
   3.47800    2.12600    0.83000    0.89900    0.00000    0.00000    4.55200
   5.17600    3.97900    1.30600    1.40400    0.00000    1.00000    4.23900
   2.48100    2.07900    0.98800    0.83600    0.00000    1.00000    3.29800
   3.87600    3.46500    0.00000    0.83700    0.00000    0.00000    4.80900
   1.61000    2.11000    0.58000    0.80500    0.00000    0.00000    3.39100
   1.50600    2.38600    0.22300    0.85700    0.00000    0.00000    3.51300
   1.74800    2.47900    0.88700    0.95400    0.00000    0.00000    5.34100
   1.85900    2.83400    0.13400    0.95000    0.00000    0.00000    3.12000
   4.63900    4.53200    0.40500    1.18900    2.00000    2.00000    5.54100
   4.45200    2.83600    1.86000    1.04600    0.00000    2.00000    8.20700
   0.80000    2.74800    0.22300    1.70500    0.00000    0.00000    1.06300
   0.74900    3.13700    0.40500    1.31200    0.00000    2.00000    1.08600
   2.05400    3.43600    1.22500    1.83900    0.00000    0.00000    5.08700
   1.61000    2.25100    0.63800    0.87100    1.00000    0.00000    4.02100
  -0.40600    2.11800    0.95600    2.53900    0.00000    0.00000    3.84500
   2.21700    3.81800    0.69300    1.62700    2.00000    2.00000    5.52200
  -1.30600    1.00000    0.40500    1.50000    2.00000    0.00000    2.38100
   2.63700    3.01200    0.22300    0.76000    0.00000    0.00000    4.62000
   3.35800    3.70000    0.22300    1.55600    0.00000    1.00000    3.97100
   3.39900    4.32700    0.56000    1.25400    2.00000    5.00000    6.68300
   1.44200    2.86600    0.22300    1.28800    0.00000    0.00000    1.90600
   1.73700    2.87600    0.92800    1.37200    0.00000    1.00000    6.14800
   4.76000    3.73900    0.00000    0.70000    0.00000    0.00000    7.34600
   1.88200    3.52000    0.22300    1.59000    0.00000    0.00000    2.88300
   4.76400    3.68400    1.27500    1.07200    0.00000    1.00000    7.69100
   3.31400    1.92500    1.16000    0.80100    0.00000    0.00000    4.49900
   1.70100    2.50800    0.58000    0.94100    0.00000    0.00000    3.48300
   4.91200    3.16400    2.04400    0.83000    0.00000    1.00000    6.11300
   1.09700    3.35100    0.49600    1.46600    0.00000    0.00000    2.39200
   3.34500    3.81400    0.33100    1.22500    0.00000    1.00000    3.69800
   2.02600    2.21900    0.60400    1.53700    0.00000    0.00000    3.26200
   2.57000    2.11000    0.77300    0.77300    0.00000    1.00000    3.36000
   1.33500    2.86600    0.22300    1.28800    2.00000    0.00000    3.41100
   2.51000    3.33200    0.13400    1.29400    0.00000    0.00000    3.43600
   3.29100    3.60900    0.81100    1.20800    0.00000    0.00000    4.24700
   1.65400    3.37800    1.38000    1.25000    0.00000    0.00000    5.93300
   3.90600    4.41300    0.56000    1.17000    1.00000    2.00000    7.89900
   2.64600    1.88600    1.11500    0.65300    0.00000    0.00000    4.34200
   2.55300    2.37500    1.02600    1.09000    0.00000    1.00000    3.89500
   1.44200    3.08000    0.22300    1.46200    1.00000    0.00000    3.51800
   2.06000    3.46200    0.40500    1.71700    0.00000    1.00000    4.09700
   2.35700    3.46100    0.22300    1.11100    0.00000    1.00000    3.39300
   1.88600    2.09400    0.82700    0.86000    0.00000    0.00000    4.23900
   3.57400    2.90000    1.27500    0.91300    0.00000    1.00000    6.56400
   3.95300    4.00500    0.22300    1.54500    0.00000    1.00000    5.05500
   4.23500    4.36000    0.40500    1.22800    1.00000    2.00000    6.66500
   0.34700    2.39600    0.22300    1.77800    0.00000    0.00000    0.77800
   2.52900    2.33000    0.93200    0.93100    0.00000    1.00000    4.55900
   1.53900    2.52800    0.58000    1.29700    0.00000    0.00000    3.02500
   4.83200    4.21100    0.93200    1.04500    0.00000    1.00000    8.91600
   2.48100    2.07900    0.98800    0.83600    0.00000    1.00000    2.60800
   1.20900    3.14300    0.13400    1.64100    0.00000    0.00000    2.26400
   1.18800    1.88300    0.91600    1.20700    0.00000    1.00000    1.15300
   2.21700    4.88000    0.13400    1.85300    0.00000    0.00000    4.77000
   3.98700    3.96100    0.40500    1.08300    1.00000    0.00000    5.84200
   2.57700    3.47700    0.69300    1.34400    0.00000    2.00000    4.11600
   3.11800    5.15800    0.13400    1.79100    0.00000    0.00000    6.04000
   2.50900    1.82200    0.82900    0.83400    0.00000    0.00000    3.93300
   3.56300    3.99300    0.22300    1.21400    1.00000    0.00000    4.61100
  -0.53400    2.66500    0.25100    1.76200    0.00000    0.00000    1.81700
   2.81300    3.46100    0.22300    1.28100    0.00000    0.00000    4.41600
   2.35100    3.03600    0.40500    1.20500    0.00000    1.00000    4.24700
   2.20600    2.23300    0.46000    0.78900    1.00000    0.00000    4.96000
   1.21000    3.03300    0.69300    1.31200    1.00000    0.00000    4.83200
   0.65500    2.46200    0.22300    1.62500    1.00000    0.00000    3.65400
   0.78700    3.07300    0.69300    1.43800    0.00000    2.00000    1.05500
   1.99600    3.04900    0.76200    1.25800    0.00000    2.00000    4.36900
   1.88600    2.09400    0.82700    0.86000    0.00000    0.00000    5.39000
   2.11000    4.20500    1.51200    1.04600    0.00000    2.00000    5.00200
   0.48900    2.23800    1.51300    2.07800    0.00000    0.00000    4.51300
   4.26800    3.59300    1.23600    1.16600    0.00000    0.00000    7.60700
   3.61800    4.05000    0.69300    1.38100    0.00000    2.00000    5.49000
   1.23900    3.02300    0.56000    1.16800    1.00000    0.00000    3.27800
   2.19300    3.01200    0.22300    1.02300    0.00000    0.00000    3.85700
   2.35400    2.43500    1.11300    1.10900    0.00000    1.00000    2.83900
   5.57900    4.63000    0.40500    1.45800    2.00000    1.00000    3.13900
   3.55800    2.46500    1.58600    1.00000    0.00000    4.00000    7.59100
   4.37900    4.28500    0.13400    1.55100    0.00000    0.00000    6.25500
   0.58600    2.67700    0.33100    1.58200    0.00000    1.00000    2.89500
   4.65800    2.37700    1.27800    0.97400    0.00000    0.00000    5.37200
   1.44200    3.08000    0.22300    1.58300    1.00000    0.00000    3.75700
   1.24600    2.09200    1.35900    2.27300    1.00000    1.00000    4.79600
   2.99800    3.95700    0.22300    1.26900    2.00000    3.00000    4.57700
   3.65900    3.86700    0.00000    1.40000    2.00000    0.00000    5.67800
   0.20200    0.96500    0.64000    1.69500    1.00000    0.00000    4.37000
   2.04200    1.41700    0.89800    0.64800    0.00000    0.00000    4.42100
   1.56400    3.58800    0.25100    1.50600    0.00000    0.00000    3.57000
   1.74800    2.47900    0.88700    0.95400    0.00000    0.00000    4.20800
   3.47800    2.12600    0.83000    0.89900    0.00000    0.00000    4.26300
   2.10200    2.72800    0.13400    0.92300    0.00000    0.00000    3.42000
   2.22400    3.58500    0.33100    1.49100    0.00000    0.00000    3.53000
   1.99400    3.26000    0.25100    1.28700    0.00000    1.00000    2.74500
   2.72600    3.69000    0.22300    1.06200    0.00000    0.00000    3.59900
   0.92200    2.77700    0.56000    1.12700    1.00000    0.00000    3.11800
   1.74600    3.69100    0.71100    1.07300    0.00000    2.00000    5.47200
   4.57900    4.03100    1.11300    1.10600    1.00000    2.00000    7.64000
   0.34700    2.39600    0.22300    1.77800    0.00000    0.00000    1.12100
   2.39100    3.57800    0.49600    1.40600    0.00000    1.00000    4.32000
   1.80700    3.02700    0.33100    1.01100    0.00000    1.00000    3.00900
   1.11200    2.28300    1.07000    1.22300    0.00000    0.00000    4.27800
   0.20400    2.53600    0.49600    1.48200    0.00000    1.00000    3.03000
   0.80000    2.03400    0.64000    1.72700    0.00000    0.00000    2.07200
   3.47800    2.12600    0.83000    0.89900    0.00000    0.00000    4.19400
   2.31400    3.92400    0.69300    1.70700    0.00000    2.00000    4.71300
   1.13200    2.43000    0.49600    0.83000    1.00000    0.00000    4.62800
   2.25500    2.58500    0.00000    0.91700    0.00000    0.00000    3.50200
   0.08700    2.12600    0.25100    1.71900    0.00000    0.00000    2.45800
   3.91300    4.12100    0.82900    1.55100    0.00000    1.00000    5.65300
   3.18200    3.73000    0.82900    1.56200    0.00000    1.00000    4.73200
   1.31700    2.80400    1.11000    0.61800    0.00000    6.00000    6.25400
   0.40800    2.46200    0.22300    1.66900    0.00000    0.00000    1.52400
   2.46100    2.56800    0.58200    0.93100    0.00000    0.00000    3.59400
   2.29600    2.21600    0.67900    0.76400    0.00000    0.00000    3.55900
   2.04200    3.11100    0.33100    1.01100    0.00000    1.00000    3.25000
   0.13300    2.03400    0.33100    1.56000    0.00000    1.00000    2.11700
   0.31400    3.02600    0.25100    2.16400    0.00000    0.00000    1.81200
   2.85900    3.19100    0.22300    0.84700    0.00000    0.00000    4.96700
  -0.45000    3.81500    1.82500    1.35100    0.00000    0.00000    4.69100
   2.06600    2.83400    0.13400    1.00900    0.00000    0.00000    3.44800
   3.25900    3.40700    0.00000    1.11100    0.00000    0.00000    4.19200
  -1.05300    1.96800    0.33100    1.89100    0.00000    0.00000    1.47000
   2.27800    3.65100    1.15100    0.91100    0.00000    2.00000    4.54000
   0.46800    2.11100    0.13400    1.25300    0.00000    0.00000    2.91400
   0.99600    1.00000    1.15000    0.96800    0.00000    1.00000    3.49900
   2.23900    2.37700    0.82700    0.93800    0.00000    0.00000    5.00500
   3.61700    2.01900    1.31700    0.77000    0.00000    0.00000    5.93000
  -1.16900    2.81700    1.01200    1.52100    0.00000    3.00000    2.06900
   3.01800    2.74400    0.49600    0.75300    0.00000    0.00000    4.28400
   2.29400    4.25500    1.69500    1.08700    0.00000    0.00000    4.47500
   4.03800    4.02900    0.96500    1.72900    0.00000    0.00000    4.45100
   3.02600    3.87100    0.82900    1.55800    0.00000    1.00000    4.53900
   1.10700    3.02400    0.45200    2.69800    0.00000    0.00000    0.45000
   5.33900    4.37200    0.13400    1.25400    0.00000    0.00000    6.56900
   1.29700    3.35300    0.85400    1.94400    0.00000    0.00000    2.45100
  -0.31700    1.42900    0.22300    1.75000    1.00000    0.00000    3.07600
   1.06400    0.66700    1.03000    0.90600    0.00000    0.00000    5.55800
   3.18600    3.66900    0.22300    1.59900    0.00000    0.00000    3.98400
  -1.05300    2.33300    0.25100    1.94600    0.00000    0.00000    2.57600
   1.78300    2.98200    0.49600    1.15100    0.00000    1.00000    3.66500
   1.06400    2.80200    0.22300    1.60000    0.00000    1.00000    1.99900
   0.89300    2.35900    0.40500    0.81400    0.00000    0.00000    6.40000
   3.05100    3.33200    0.13400    0.90900    0.00000    0.00000    4.89100
   1.76900    2.51200    0.22300    0.92900    1.00000    0.00000    3.91900
   2.85900    3.25200    0.13400    0.87500    0.00000    0.00000    5.29200
   3.46100    3.31100    0.56000    0.92700    0.00000    1.00000    5.27600
   1.94700    3.41000    0.22300    1.27800    1.00000    2.00000    2.73700
   2.97400    3.33300    0.40500    0.96300    1.00000    0.00000    4.63200
   2.24100    2.43000    0.49600    0.94600    0.00000    0.00000    3.56800
   3.50800    2.92800    1.13100    0.90800    0.00000    2.00000    5.86000
   3.04800    3.91400    0.56000    1.63700    0.00000    1.00000    3.92600
   0.99600    2.75500    0.40500    1.84400    0.00000    1.00000    3.23100
   1.44200    3.08000    0.22300    1.46200    2.00000    0.00000    2.49400
   1.18200    2.81800    0.88000    1.48800    0.00000    0.00000    3.72600
   0.80000    2.74800    0.22300    1.70500    0.00000    0.00000    1.69100
   2.60400    2.42900    0.83000    1.69600    0.00000    0.00000    3.39100
   1.80700    3.02700    0.33100    1.47200    1.00000    0.00000    3.51000
   4.33200    4.53500    0.56000    1.13700    1.00000    2.00000    8.57100
  -0.52100    3.07900    0.42900    2.13500    0.00000    0.00000    1.30800
   1.31300    1.63400    0.71300    1.19000    0.00000    0.00000    2.78200
  -0.08100    2.70100    0.40500    2.00300    0.00000    0.00000    0.53300
   1.70000    2.47700    0.40500    0.87600    0.00000    1.00000    2.47400
   1.85900    2.72800    0.22300    0.95300    0.00000    0.00000    3.29000
   3.76400    1.92500    1.31800    0.59500    0.00000    0.00000    4.70500
   0.78700    3.07300    0.69300    1.85100    0.00000    2.00000    4.01600
   0.31400    3.02900    0.33100    1.84700    0.00000    0.00000    2.47400
   1.75600    3.11100    0.40500    1.05000    0.00000    2.00000    5.16900
   1.46700    2.34400    0.58200    1.59000    0.00000    0.00000    3.10900
   0.29100    2.21800    0.92300    1.07400    0.00000    0.00000    3.23700
   0.54800    1.96100    0.13400    1.21500    1.00000    0.00000    2.56700
   0.80000    2.03400    0.64000    1.72700    0.00000    0.00000    2.58600
   1.58700    3.27700    0.22300    1.63300    0.00000    0.00000    2.98000
   2.12900    3.52000    0.22300    1.56200    0.00000    1.00000    3.44600
   3.42600    1.89200    1.44100    0.77600    0.00000    0.00000    6.08700
   3.15700    2.08000    1.03300    0.90200    0.00000    0.00000    3.69300
   2.95700    1.70100    1.44300    1.90500    0.00000    0.00000    4.44000
   3.31800    2.98700    1.07600    0.92100    0.00000    1.00000    6.07700
   2.24100    2.43000    0.49600    0.94600    0.00000    0.00000    3.66000
   2.72900    2.08000    0.89100    0.81600    0.00000    0.00000    4.62000
   0.88800    2.50700    0.40500    1.65200    0.00000    2.00000    2.49500
   2.59200    3.32300    0.40500    1.17000    0.00000    2.00000    4.57700
  -1.96000    2.24200    1.09600    1.90700    0.00000    1.00000    3.39600
   1.64300    2.49500    0.56000    0.83500    0.00000    1.00000    1.96900
   1.70100    2.44800    0.63800    0.92100    0.00000    0.00000    3.52100
   2.27400    3.74000    0.13400    1.58100    0.00000    0.00000    3.72100
  -0.38600    1.33300    0.75400    1.14800    0.00000    1.00000    3.48700
   2.35800    1.98300    1.71400    2.10500    0.00000    0.00000    5.06200
   2.45900    3.61300    1.33600    0.83900    0.00000    0.00000    4.88600
   1.19500    3.08000    0.22300    1.38500    0.00000    0.00000    2.07000
   3.12700    3.31500    0.22300    0.79900    0.00000    0.00000    4.44000
   0.60200    1.88300    0.71100    1.16200    0.00000    0.00000    2.92400
   4.09200    2.58500    1.58600    1.35200    0.00000    0.00000    6.55100
   2.91800    3.76300    0.91600    0.87800    0.00000    6.00000    4.81800
   2.55800    3.73800    1.13100    1.58400    1.00000    2.00000    4.42200
   2.20000    1.27900    1.32700    1.28400    0.00000    0.00000    4.69700
   1.06400    2.80200    0.22300    1.60000    1.00000    0.00000    3.93700
   3.26700    3.46500    0.00000    0.96300    4.00000    0.00000    3.40700
   1.49000    2.76500    0.33100    0.95100    0.00000    1.00000    2.55000
   4.75400    4.05700    1.03200    1.18300    1.00000    3.00000    8.20100
   3.22500    2.11100    1.47700    1.29800    0.00000    0.00000    5.73000
   5.74100    4.35600    1.02800    1.22400    0.00000    1.00000    5.75800
   1.75900    3.56700    0.71100    1.50100    1.00000    3.00000    4.04300
   3.90300    4.56600    0.35700    1.39400    4.00000    1.00000    6.92300
   1.59500    3.39300    1.29200    2.12200    0.00000    3.00000    3.47700
   2.95700    2.75500    0.83000    1.65600    0.00000    0.00000    3.74600
   1.58700    3.36900    0.13400    1.61400    0.00000    0.00000    2.22600
   2.34500    3.40200    0.49600    1.45000    1.00000    0.00000    4.55700
   4.45200    3.05700    1.63600    0.99500    0.00000    2.00000    8.43300
   0.73600    2.80100    0.72800    2.22600    0.00000    2.00000    3.10900
   3.90900    4.30500    0.22300    1.34800    3.00000    2.00000    5.19200
   2.23900    2.37700    0.82700    0.93800    0.00000    0.00000    5.14600
   4.37900    4.23700    0.22300    1.56500    0.00000    0.00000    5.26800
   1.70100    2.50800    0.58000    0.94100    0.00000    0.00000    3.79900
   2.50900    1.82200    0.82900    0.83400    0.00000    0.00000    3.73100
   2.50200    3.92100    0.13400    1.78900    0.00000    0.00000    3.86100
   0.11300    2.42800    0.95600    2.60900    0.00000    0.00000    1.30100
   0.58000    1.27900    0.81100    1.31300    0.00000    0.00000    2.92500
   3.29100    2.18900    1.58600    2.00000    0.00000    0.00000    5.24200
   2.99400    3.17900    0.00000    0.80500    0.00000    0.00000    4.15400
  -0.02200    3.98000    0.45200    2.01300    0.00000    0.00000    1.81000
   0.43400    2.83600    0.69300    1.43000    0.00000    2.00000    3.17800
   1.27200    3.40500    0.25100    1.56000    0.00000    0.00000    4.13200
   0.62600    3.52800    1.74000    1.28800    0.00000    0.00000    5.46600
   3.58600    3.08600    0.94800    0.75100    0.00000    0.00000    5.10700
   4.23400    4.08500    0.13400    1.48200    0.00000    0.00000    5.63000
   3.10900    1.84400    1.27500    0.80400    0.00000    0.00000    6.72000
   4.17700    4.21600    0.22300    1.24800    0.00000    0.00000    5.78000
   0.02400    1.07500    1.16100    0.86500    0.00000    1.00000    5.38600
   2.78600    3.43600    0.33100    0.95100    0.00000    0.00000    4.33800
   4.59400    2.08600    1.68500    0.39600    0.00000    0.00000    6.72000
   1.44200    3.08000    0.22300    1.58300    0.00000    1.00000    3.06100
   4.05400    3.79300    0.13400    0.93000    0.00000    0.00000    6.03800
   1.74800    2.47900    0.88700    0.95400    0.00000    0.00000    4.25700
   4.65100    4.39500    0.13400    1.54600    0.00000    0.00000    6.48400
   2.04800    3.31400    0.33100    1.39700    3.00000    0.00000    4.47300
   2.24200    3.33200    0.13400    1.06800    0.00000    0.00000    3.80600
   2.08100    1.63900    0.83000    1.44500    2.00000    0.00000    5.05000
   1.12100    3.28100    0.69300    1.80800    0.00000    2.00000    3.09500
   1.94000    2.71900    0.89100    2.29200    0.00000    0.00000    3.28900
  -0.52100    3.28600    0.35700    2.10400    0.00000    0.00000    1.77100
   3.30500    3.38000    1.74900    1.13500    0.00000    1.00000    4.95100
   2.29400    3.02300    0.56000    1.16800    0.00000    1.00000    3.92400
   0.80000    2.87800    0.13400    1.68400    0.00000    0.00000    2.42500
   0.56200    2.54200    0.42900    1.89100    0.00000    0.00000    2.12000
   1.91900    2.86800    1.28600    1.29400    0.00000    0.00000    4.80900
   1.49000    2.77800    0.40500    1.17000    1.00000    0.00000    2.93000
   1.97600    3.04100    0.94700    1.29800    0.00000    1.00000    6.60700
   0.65500    2.46200    0.22300    1.62500    0.00000    1.00000    1.35200
  -0.47300    2.42900    0.40500    1.95400    0.00000    0.00000    0.93100
   1.34800    2.12500    0.63800    0.83100    0.00000    0.00000    2.93900
   2.94200    3.17900    0.00000    1.06300    0.00000    0.00000    4.09100
   1.85900    2.83400    0.13400    0.95000    0.00000    0.00000    3.47000
   3.73700    3.07300    1.49300    1.27900    0.00000    0.00000    6.64500
   3.10500    3.64500    0.22300    1.15500    0.00000    0.00000    5.17800
  -0.19700    3.35100    0.79700    2.45600    2.00000    0.00000    3.90300
   2.85100    3.00000    0.00000    0.93800    1.00000    0.00000    3.51300
  -0.93700    3.20100    0.69300    2.00400    0.00000    0.00000    0.33000
   2.05000    3.57000    1.37400    2.25900    0.00000    0.00000    6.08300
   0.40800    1.63600    0.64000    1.69500    0.00000    0.00000    3.86100
   2.45900    2.12600    0.83000    1.45500    0.00000    1.00000    5.82000
   0.68000    1.63400    0.79800    1.09300    0.00000    0.00000    2.56900
   2.34300    1.88600    0.98800    0.76400    0.00000    0.00000    3.88900
   2.45900    2.12600    0.83000    1.45500    1.00000    0.00000    4.18400
   3.12600    3.18100    0.60400    1.52000    0.00000    0.00000    4.68000
   1.12100    2.85700    0.97300    1.83800    0.00000    2.00000    5.31100
   2.60400    1.50000    1.27800    1.86800    0.00000    0.00000    3.91600
   2.19300    3.01200    0.22300    1.02300    0.00000    0.00000    3.75100
   4.90700    4.53600    0.22300    1.29000    0.00000    0.00000    6.63400
   3.38600    3.86700    0.13400    1.17400    0.00000    0.00000    4.06400
   2.52700    3.58700    0.67500    2.10800    0.00000    0.00000    3.65600
   2.02100    3.36100    0.22300    1.43700    1.00000    2.00000    3.16800
   3.50300    3.89600    0.13400    1.57100    0.00000    0.00000    4.82200
   2.71500    2.91400    0.79800    0.97500    0.00000    1.00000    4.10900
   1.39800    2.88800    0.25100    1.77100    0.00000    0.00000    2.98300
   1.06000    2.72600    0.49600    1.17900    0.00000    1.00000    2.12600
   4.80400    4.71700    0.22300    1.28800    1.00000    1.00000    6.38400
   2.68800    2.46900    0.58200    0.91300    0.00000    0.00000    4.00200
   0.99600    2.75500    0.40500    1.55900    0.00000    1.00000    3.12300
   2.64600    2.74000    1.04000    1.60300    0.00000    1.00000    4.21500
   2.79900    1.97500    0.80200    0.77500    1.00000    0.00000    4.22700
   1.61900    3.08000    0.40500    1.60900    1.00000    1.00000    4.78600
   3.03800    3.51400    0.00000    1.37500    2.00000    2.00000    4.46500
   1.76900    2.21700    0.87200    0.87500    0.00000    0.00000    4.18200
   2.35200    3.04600    0.00000    1.33300    0.00000    2.00000    4.07500
   0.80000    2.74800    0.22300    2.04800    0.00000    0.00000    1.46200
   3.10900    1.84400    1.27500    0.80400    0.00000    0.00000    6.78400
   1.74800    2.43900    0.93000    0.92400    0.00000    0.00000    4.85600
   2.15200    3.00300    0.13400    1.03200    0.00000    0.00000    4.17100
   5.47200    3.06500    1.07900    0.82500    0.00000    0.00000    6.88200
   3.04600    2.30900    0.90700    0.87100    0.00000    0.00000    3.78200
  -0.08100    2.70900    0.33100    2.07200    0.00000    0.00000    1.78000
  -0.91700    2.70400    0.56000    1.96500    0.00000    0.00000    0.15000
   4.41200    3.26000    0.81100    0.70200    0.00000    0.00000    6.29800
   2.70200    3.09800    0.93000    1.07500    0.00000    0.00000    6.23600
   0.88800    2.50700    0.40500    1.65200    1.00000    1.00000    4.60300
   2.23900    2.37700    0.82700    0.93800    0.00000    0.00000    3.75900
   3.08900    3.20000    1.53100    1.05900    0.00000    0.00000    6.16000
   1.39500    2.21500    0.88700    0.88800    0.00000    0.00000    3.93200
   0.34700    1.51200    0.64000    1.84400    0.00000    0.00000    3.20300
   1.79500    3.31600    0.22300    1.57100    0.00000    1.00000    2.94000
   1.95300    2.21600    0.38900    0.79600    0.00000    0.00000    3.75100
   2.59000    3.17500    0.85900    2.09500    0.00000    0.00000    4.09500
   0.07600    2.50700    0.40500    1.50000    0.00000    2.00000    2.85100
   4.05300    2.80300    1.50100    1.12400    0.00000    0.00000    5.38500
   1.79500    3.31600    0.22300    1.57100    1.00000    0.00000    3.97900
   1.39500    2.18300    0.93000    0.84600    0.00000    0.00000    4.22400
   1.23900    3.02300    0.56000    1.34900    1.00000    0.00000    3.91700
   2.05600    2.19800    0.79800    0.79000    0.00000    1.00000    3.32800
   1.97100    3.54200    1.38000    1.26400    0.00000    0.00000    6.28400
   4.03800    3.11300    1.59300    1.31900    1.00000    1.00000    6.14300
   2.03100    3.17700    0.91800    1.91900    0.00000    0.00000    4.11600
   1.05000    2.86600    0.22300    1.33300    0.00000    1.00000    2.27000
   5.14900    3.22200    1.50100    0.87200    0.00000    0.00000    5.86100
   0.20200    2.03100    0.87200    1.47500    0.00000    1.00000    6.42400
   1.00200    3.24000    0.69300    1.48700    1.00000    0.00000    3.59800
   0.34700    2.56000    0.13400    1.75800    0.00000    0.00000    2.28300
   4.63900    4.53200    0.40500    1.18900    2.00000    3.00000    5.10400
   3.26700    3.73900    0.00000    1.25000    1.00000    2.00000    2.14900
   3.90900    2.08600    1.50100    0.76600    0.00000    0.00000    6.09300
   1.61900    3.08000    0.40500    1.60900    0.00000    2.00000    3.52800
   2.22300    3.06700    1.28600    1.30900    0.00000    0.00000    5.31800
   4.29500    4.28800    0.86500    1.32700    0.00000    0.00000    5.64200
  -0.11500    3.01400    0.56000    1.78100    0.00000    0.00000    0.89800
   2.72900    2.08000    0.89100    0.81600    0.00000    0.00000    4.98900
   0.70600    3.21900    0.40500    1.60500    0.00000    0.00000    1.08800
  -0.74100    2.33000    0.58000    1.77600    0.00000    2.00000    0.89000
   1.06400    2.54400    0.22300    1.24500    0.00000    0.00000    1.40800
   1.75000    3.02300    0.56000    1.16800    0.00000    1.00000    3.37900
   2.50200    3.73400    0.22300    1.42600    0.00000    0.00000    3.18000
   3.47400    3.67500    1.11200    1.31400    0.00000    1.00000    4.70600
   2.57300    2.16400    1.43700    1.22700    0.00000    2.00000    6.20700
   2.42000    3.08700    0.22300    0.96000    1.00000    0.00000    3.97900
   3.30600    3.77600    0.40500    0.92000    0.00000    0.00000    4.69100
   4.19000    1.92500    1.36400    0.42100    0.00000    0.00000    5.59100
