   0.01033   -0.00592    0.02378    0.02260    0.01431    0.00501    0.02638    0.01684   -0.00112
   0.01534    0.01959    0.01642    0.01127    0.00749    0.02945    0.02533    0.01313    0.00691
  -0.00143    0.00089   -0.00324    0.00046   -0.00380    0.00197   -0.00327   -0.00055    0.00361
   0.01282    0.02443    0.00244    0.00695   -0.00578    0.04451    0.00026    0.00395   -0.00141
   0.01154    0.00067   -0.00549   -0.00660   -0.00573    0.00320   -0.00080   -0.00594   -0.00143
   0.00213    0.00684    0.00132   -0.00105   -0.00059   -0.00044   -0.00160    0.00221    0.00252
  -0.01744   -0.00849   -0.00421    0.00665    0.00315   -0.01799    0.00000    0.00388    0.00067
  -0.00329   -0.01530    0.00006    0.00216   -0.01059   -0.01651    0.00834   -0.00617   -0.01444
  -0.00437   -0.01000   -0.00053   -0.00556   -0.00590    0.00000    0.00758   -0.00640   -0.00631
   0.02852    0.03838   -0.00468    0.00219    0.00389    0.00000    0.03119    0.01270    0.03575
  -0.00265    0.00685   -0.00213    0.00597   -0.00405    0.01425   -0.00723   -0.00062    0.00698
  -0.00615   -0.00952   -0.02385   -0.02540   -0.02208    0.01471    0.00008   -0.01826   -0.00589
  -0.00335    0.02786    0.00684   -0.00358    0.00083   -0.00790    0.00727   -0.00004    0.03141
   0.01180    0.01568    0.00710    0.02040    0.01504    0.00158    0.00000    0.01692    0.00703
   0.00433    0.01067    0.00694    0.00795    0.01015   -0.00022    0.00118    0.00803    0.01631
  -0.00250   -0.00996   -0.00367   -0.01158   -0.00307   -0.01977   -0.00314   -0.00988   -0.00169
   0.00285    0.00633    0.01009    0.00940    0.00875    0.00159    0.00957    0.00964   -0.00130
  -0.01044   -0.03165   -0.00130   -0.00829   -0.01837   -0.01141   -0.00711   -0.01009   -0.01784
   0.00173    0.01349    0.01242    0.00722    0.00712   -0.01163    0.00611    0.00540    0.01004
   0.00786   -0.00558    0.00101    0.00335    0.00000    0.00503    0.01330    0.00192    0.00417
  -0.00557   -0.03503   -0.02414   -0.00630   -0.01590   -0.00284   -0.00777   -0.01097   -0.01030
  -0.00556   -0.01644   -0.01007    0.00696    0.00331   -0.01221   -0.00986   -0.00018   -0.00713
  -0.00726    0.02136    0.00829    0.00338   -0.00459   -0.01333    0.00440   -0.00007    0.01756
   0.00416    0.00876   -0.01679   -0.00150   -0.01155    0.00000   -0.00661   -0.00607    0.00436
  -0.00235   -0.00924   -0.00275   -0.00064   -0.00369    0.00000   -0.00415   -0.00347   -0.00619
  -0.00836   -0.04356   -0.04373   -0.04159   -0.02521    0.00193   -0.02982   -0.03315   -0.03095
  -0.00407   -0.00873    0.00373   -0.00389   -0.00108   -0.01053    0.00257   -0.00062   -0.00501
   0.00601   -0.00088    0.02064    0.00214   -0.01360    0.00289    0.01584   -0.00420    0.00189
  -0.00672   -0.00802   -0.01695   -0.01445   -0.01524    0.00047   -0.01895   -0.01780    0.00017
  -0.00728    0.00029    0.00487   -0.00455   -0.01132   -0.00711   -0.00695   -0.01013   -0.00455
  -0.00074   -0.00606   -0.00333   -0.00674   -0.00501    0.00326    0.00461   -0.00405   -0.00944
   0.00301    0.00454    0.00902    0.02249    0.01242   -0.00955    0.01258    0.01610    0.00232
  -0.00682   -0.01875   -0.00185   -0.00482   -0.00586    0.00107   -0.00742   -0.00546   -0.00784
   0.01076    0.01619    0.00074   -0.00533   -0.00502    0.01868    0.00527   -0.00240    0.01083
   0.00205    0.00920    0.00715    0.00496    0.00514    0.00000    0.00498    0.00614    0.00849
  -0.00623   -0.02164   -0.03502   -0.01930   -0.01648   -0.00131    0.00000   -0.02169   -0.01444
   0.00084    0.00281    0.02596   -0.00006    0.01057    0.01305    0.00489    0.00163    0.01117
   0.00041    0.00027    0.00263   -0.00478    0.00172   -0.00704    0.00772   -0.00036    0.00416
   0.00676    0.03292   -0.01210    0.00243    0.00289    0.00308    0.00141    0.00257    0.02465
   0.00077    0.00258   -0.00695   -0.00458   -0.00861    0.02664    0.00201   -0.00455    0.00125
  -0.00207   -0.02213   -0.00299   -0.01035   -0.01314   -0.01889    0.00537   -0.01318   -0.01950
   0.00894    0.01671    0.00803    0.01638    0.00969   -0.00074    0.00318    0.01206    0.01253
   0.02292    0.04146    0.02653    0.01724    0.03061   -0.00222    0.04111    0.01973    0.02452
  -0.00174    0.00853    0.00113    0.01572    0.00651    0.00927   -0.00999    0.01029    0.00726
  -0.00164    0.00852   -0.00808    0.00551    0.00430   -0.00396   -0.01355    0.00581    0.00845
   0.00666    0.00299    0.00567    0.00600    0.00135   -0.00090    0.01812    0.00164    0.00102
   0.00751    0.01534    0.00937    0.00712    0.01792    0.02722    0.00303    0.01223    0.00959
  -0.00612   -0.03655   -0.01274   -0.02472   -0.01084    0.00580   -0.01899   -0.01344   -0.02278
  -0.00064   -0.00592   -0.00127    0.00036   -0.00379    0.01719    0.00205   -0.00196   -0.00465
   0.01002    0.01265    0.02908    0.01193    0.00912    0.01091    0.02522    0.01517    0.01020
   0.01345    0.02326    0.00739    0.01324    0.01143    0.01383    0.01080    0.01192    0.02048
   0.01425    0.01443    0.00163    0.00560    0.00857   -0.02506    0.01396    0.00424    0.00706
  -0.01138   -0.01734   -0.01188    0.00166   -0.00315   -0.01395   -0.01170   -0.00262   -0.00762
  -0.01340    0.00394    0.02463    0.03141    0.01799   -0.02584   -0.00069    0.02010    0.00607
   0.00858   -0.00947    0.01530   -0.01367   -0.00652    0.00134    0.02383   -0.00932   -0.00421
   0.00533    0.00571    0.00055    0.00041    0.00136    0.00463    0.00694    0.00059    0.00796
  -0.00500    0.01118   -0.00609   -0.00142   -0.00410   -0.01884   -0.00299   -0.00551    0.01976
   0.00812    0.01251    0.00850   -0.00347   -0.00431   -0.00642    0.00578   -0.00147    0.00838
   0.00542    0.00274    0.03992    0.01070    0.00494   -0.02441    0.00890    0.00980    0.01097
  -0.02729   -0.05383    0.00289   -0.01804   -0.01537   -0.02929   -0.01849   -0.02101   -0.03830
   0.01175    0.02705    0.00580    0.00889    0.00430    0.01162   -0.00314    0.00599    0.01991
  -0.00543   -0.02670   -0.00514   -0.00157   -0.00153   -0.00068   -0.01278   -0.00307   -0.01531
   0.03031    0.00272    0.02348    0.05283    0.03739    0.00843    0.05167    0.03655    0.00791
   0.00420    0.00429   -0.00335   -0.00751   -0.00199    0.01072    0.00884   -0.00318   -0.00183
   0.00371    0.01470    0.00304   -0.00342    0.00368    0.01536    0.00383    0.00048    0.01260
   0.00750    0.00937    0.00311    0.00041    0.01507    0.00847    0.00921    0.01053    0.00292
   0.00361    0.00821    0.00547    0.01459    0.01454   -0.00725   -0.00343    0.01337    0.00222
   0.00048   -0.02785    0.00235    0.00139   -0.00280   -0.00249    0.00115   -0.00288   -0.02448
   0.00924    0.00345    0.00356    0.00255    0.00653    0.01893    0.02239    0.00749    0.00489
   0.00313   -0.00573   -0.00212   -0.00055   -0.00433    0.01105    0.00069   -0.00214    0.00228
   0.00668    0.02478    0.00775    0.01136    0.00473   -0.00282    0.01321    0.00842    0.02399
  -0.00403   -0.04435   -0.05426   -0.01155   -0.00935    0.00324   -0.01315   -0.01205   -0.02269
   0.01345    0.00040    0.00238    0.00344   -0.00046    0.00000    0.01212    0.00017   -0.00250
   0.01642    0.00055    0.02305    0.00851    0.00636    0.01827    0.01872    0.00456   -0.00497
  -0.00841   -0.00521    0.00632   -0.00067    0.00148   -0.02347    0.00856   -0.00070   -0.00199
   0.01308    0.04457    0.01361    0.02665    0.02238    0.00179    0.00483    0.02352    0.03116
   0.01133   -0.02518   -0.01731    0.00305   -0.00485    0.00059    0.01760   -0.00032   -0.01549
  -0.00275   -0.00867    0.00775    0.01674    0.01146   -0.00783    0.00095    0.01085   -0.00583
   0.01336    0.02004    0.02122   -0.00736   -0.00642    0.02123    0.03643   -0.00649    0.01579
  -0.00528   -0.01964    0.00617    0.00114   -0.00019    0.00015   -0.00834    0.00057   -0.01647
  -0.00377    0.01935    0.01045    0.01689    0.01853    0.00408   -0.01310    0.01502    0.02253
  -0.03832   -0.05069    0.00000    0.00000   -0.02466   -0.01360   -0.04883   -0.03093   -0.04114
   0.00511    0.01517   -0.01299   -0.00405    0.00132   -0.00268   -0.00573   -0.00194    0.00822
  -0.01530   -0.03754   -0.01439   -0.01731   -0.01767   -0.00845   -0.02442   -0.02001   -0.02370
   0.01058    0.01292   -0.01189   -0.01840   -0.01386    0.01570    0.00793   -0.01227    0.01285
   0.00285   -0.00294    0.00451    0.00860    0.00681   -0.00035    0.00578    0.00796   -0.00392
  -0.00316    0.00769    0.00203    0.00572   -0.00416   -0.00873    0.00192   -0.00085    0.01257
  -0.00250   -0.00642   -0.00481    0.00250   -0.00011    0.01284   -0.00762    0.00050   -0.01018
  -0.00553   -0.00644    0.00496    0.01451    0.00977    0.01725   -0.00538    0.01500   -0.00262
   0.00199    0.03218    0.01477    0.00746    0.00711   -0.00591    0.01938    0.00803    0.02303
   0.03234    0.04276    0.02654    0.02931    0.01479    0.01585    0.03928    0.01913    0.03661
   0.01065    0.02258    0.01391    0.01406    0.01305    0.02176    0.01510    0.01475    0.02277
  -0.00471    0.00943   -0.00053    0.00540    0.00279    0.00734   -0.00303    0.00276    0.00476
  -0.00076    0.01527   -0.00771    0.00221    0.00904    0.00688   -0.01455    0.00841    0.01317
  -0.00484   -0.00296   -0.02958   -0.03886   -0.02482   -0.00644   -0.01012   -0.02615   -0.00559
  -0.02103   -0.02844   -0.03151   -0.03389   -0.03155   -0.01280   -0.03561   -0.03490   -0.02182
   0.00252   -0.00377   -0.00102   -0.00542   -0.01048    0.01722    0.00098   -0.00890   -0.00742
  -0.01552   -0.01421    0.00451   -0.00299   -0.00281   -0.01757   -0.00466   -0.00523   -0.00121
  -0.01597   -0.01598   -0.01362   -0.00573   -0.01116   -0.03918   -0.00803   -0.00947   -0.00562
  -0.00983    0.02444    0.00838    0.00778    0.00056   -0.01403   -0.00281    0.00653    0.03187
   0.00304    0.01340    0.00624    0.00193    0.00795    0.00572    0.01837    0.00697    0.00860
   0.01165    0.01695    0.01274    0.01316    0.02193    0.01791    0.00261    0.01900    0.01176
   0.00423   -0.00254    0.00074   -0.00211   -0.00430    0.01535    0.00352   -0.00337   -0.00764
   0.00107    0.00816    0.00051    0.00681    0.00660   -0.00257   -0.00308    0.00814    0.00238
   0.00393    0.00642    0.00549    0.00420    0.00710    0.01124    0.01808    0.00473    0.00478
   0.00213    0.00856   -0.00150    0.00368    0.00455   -0.00415    0.00956   -0.00081    0.00843
   0.00539    0.01465    0.00253    0.00000    0.00133    0.00537    0.00990    0.00000    0.01017
   0.00112   -0.00807    0.01491   -0.00661   -0.00201   -0.02481    0.03490   -0.00083   -0.00623
  -0.01188   -0.00415    0.03932   -0.01039   -0.00895   -0.01469    0.00000   -0.00945    0.00173
  -0.00325    0.01846   -0.00626   -0.00699   -0.00724    0.00975   -0.02922   -0.00586    0.01508
  -0.00647    0.00474   -0.02924   -0.01790   -0.01011   -0.02903   -0.01828   -0.01567    0.00068
  -0.00089   -0.02009    0.00598    0.00601    0.00086   -0.00721    0.00680    0.00068   -0.01768
  -0.00323    0.00504   -0.01528   -0.00984   -0.00190    0.01882   -0.01698   -0.00655   -0.00382
   0.00720    0.00489    0.01135   -0.00695   -0.00171    0.00000    0.01825   -0.00320    0.00195
   0.01393   -0.00666    0.00000    0.00333    0.00285    0.00698    0.02101    0.00287   -0.00950
  -0.00509    0.00153    0.04257    0.00501   -0.00773   -0.02056    0.03353   -0.00334    0.00086
  -0.00363   -0.00680    0.00337   -0.00816   -0.00861   -0.01110    0.01392   -0.00936   -0.00399
   0.00032    0.01038   -0.00484   -0.01084   -0.00437   -0.00373    0.00891   -0.00954    0.00551
  -0.00200   -0.02686    0.00012   -0.00634   -0.00534    0.01347    0.00599   -0.00411   -0.02344
   0.01607    0.01647   -0.00055    0.01038    0.00930    0.03294    0.00080    0.01050    0.01268
   0.01776    0.00971   -0.01005    0.00132   -0.00300    0.00956    0.02855    0.00303    0.00703
  -0.00114   -0.00743    0.00582    0.00076    0.00804    0.00685    0.00424    0.00416   -0.01107
   0.00213    0.00410    0.00260   -0.00142   -0.00387    0.00096    0.00343   -0.00136   -0.00118
  -0.00997   -0.01789   -0.00599   -0.01034   -0.00632   -0.00224   -0.00946   -0.00775   -0.01203
   0.00363    0.01424   -0.00273   -0.00008    0.00707    0.01764   -0.01723    0.00162    0.00745
   0.00097   -0.03185    0.00384   -0.00168    0.00233    0.00522   -0.00435    0.00231   -0.02681
   0.00780   -0.00754    0.00230    0.00197    0.00817    0.01519    0.00253    0.00413   -0.00721
   0.00770    0.02276    0.00744    0.01335    0.00891    0.00335    0.01775    0.01089    0.01706
   0.00615    0.01018   -0.00259   -0.00466   -0.00163    0.00668    0.00000   -0.00372   -0.00059
   0.00292   -0.00904    0.00572    0.00403    0.00376   -0.00349    0.01353    0.00193   -0.00626
  -0.00178   -0.01642   -0.00047    0.00159   -0.00071   -0.00548   -0.01329    0.00054   -0.01758
  -0.00097    0.01799   -0.00771    0.02040    0.01078    0.00183    0.00000    0.01425    0.00966
  -0.01588   -0.00713    0.00000    0.00284    0.00000   -0.00584   -0.01931   -0.00244    0.00139
  -0.00115   -0.01498    0.00224    0.00395   -0.00069    0.00735   -0.00962    0.00192   -0.01408
   0.00559   -0.00045    0.01481    0.01756    0.01349    0.00000    0.02436    0.01022    0.01341
  -0.00147   -0.00040   -0.00405    0.00096    0.00757   -0.00685   -0.01048    0.00567    0.00239
   0.00241    0.00458    0.00000    0.00920    0.01174    0.00153    0.00439    0.01099   -0.00605
  -0.01067   -0.00070   -0.02726   -0.02641   -0.02149    0.00449   -0.03327   -0.02444   -0.00651
  -0.01283   -0.02519   -0.00811   -0.01081   -0.01834   -0.00396   -0.02123   -0.00616   -0.02143
   0.00985    0.03089   -0.01306    0.01173    0.00312   -0.00329    0.00772    0.00703    0.01987
   0.00394    0.02309    0.00666    0.01254    0.01015    0.00323   -0.00514    0.01349    0.01315
   0.00391    0.01256    0.01526    0.01858    0.01993   -0.00114    0.01147    0.01881    0.01224
   0.00051    0.02606   -0.00467   -0.00398    0.00670    0.00132    0.00316    0.00356    0.02001
  -0.01411   -0.02566   -0.02858   -0.02125   -0.02471   -0.02741   -0.02155   -0.02491   -0.01730
   0.00334   -0.00278    0.00740    0.00691    0.00394    0.01591    0.02157    0.00597   -0.00511
   0.00430   -0.00969    0.00271   -0.00299   -0.00568    0.01106   -0.00053   -0.00404   -0.00873
   0.00473    0.00695   -0.00403   -0.00404    0.00176    0.00443    0.00451   -0.00021    0.00165
  -0.00222   -0.01660    0.00437   -0.01006   -0.00997    0.01393   -0.00057   -0.01057   -0.01382
   0.00498    0.02210    0.00177    0.01316    0.00505   -0.00055   -0.01075    0.00850    0.01553
  -0.02411   -0.02966    0.00000   -0.01783   -0.00417   -0.02341   -0.04090   -0.01509   -0.01371
   0.00807    0.02402    0.00311   -0.00272    0.00403    0.00253    0.00278    0.00132    0.01390
   0.00224   -0.02346   -0.02305   -0.02048   -0.00971   -0.03167   -0.00854   -0.00720   -0.00878
   0.00877    0.03181    0.00779    0.00846    0.01287    0.00416    0.01892    0.01134    0.02543
  -0.00637    0.00750    0.00399   -0.00248   -0.00060   -0.00465   -0.00394   -0.00036    0.00777
   0.00877    0.01516    0.00437   -0.00145    0.00606    0.01690    0.00878    0.00707    0.00491
   0.00481    0.02024    0.01212    0.01556    0.01400   -0.00381    0.01314    0.01423    0.01082
   0.00502    0.00739   -0.00199    0.00856    0.00808    0.00573   -0.00005    0.00924    0.00371
   0.00720    0.01421   -0.00252    0.00241    0.01172    0.01019   -0.00230    0.00626    0.01395
  -0.00750    0.04605    0.01171    0.00816   -0.00127   -0.02730    0.00811    0.00458    0.04724
   0.00001   -0.00329    0.00084    0.00208    0.00494    0.00613   -0.00722    0.00359   -0.00465
  -0.00247   -0.01169   -0.01329   -0.01582    0.00050    0.00000   -0.02838   -0.00523   -0.02627
   0.00363   -0.01699    0.00084   -0.00599   -0.00158   -0.00072    0.00998   -0.00357   -0.01415
   0.00047   -0.00131    0.00773    0.00746    0.01097    0.00057    0.00480    0.00796   -0.00803
  -0.00961   -0.02273   -0.01188   -0.01004   -0.01949   -0.00134   -0.02291   -0.01336   -0.01695
   0.00731    0.00555   -0.01154    0.00332    0.00204    0.02033    0.00102    0.00265    0.00167
   0.00098    0.00020    0.00610    0.00245   -0.00080   -0.00995    0.01266   -0.00072    0.00684
   0.02491    0.02188    0.06172    0.05146    0.04763   -0.00439    0.05440    0.05046    0.01123
   0.00173    0.01501   -0.00596    0.01961    0.01143   -0.01041   -0.00611    0.01590    0.01187
   0.00371    0.00380    0.00043    0.00713    0.00891    0.00306   -0.00204    0.00801    0.00432
   0.00861   -0.00237    0.00718    0.00489    0.00535    0.00519   -0.00816    0.00591   -0.00340
  -0.00021    0.01248   -0.00165   -0.00145    0.00210   -0.00652    0.00022    0.00089    0.01183
  -0.00603   -0.00770   -0.01600   -0.00399   -0.00674    0.00430   -0.02644   -0.00475   -0.00883
   0.00332    0.00290    0.00004   -0.00234   -0.00675    0.01002    0.00030   -0.00399    0.00152
  -0.00214   -0.04391   -0.05037   -0.03517   -0.02218   -0.00290   -0.02144   -0.02439   -0.04054
   0.00024   -0.00470    0.00736    0.00008   -0.00363   -0.00860    0.00309   -0.00076   -0.01020
   0.00734   -0.00650    0.00819    0.00393   -0.00023    0.02253    0.00871    0.00094   -0.01040
   0.00201    0.01868   -0.00105    0.00211    0.00272   -0.00072    0.00347    0.00550    0.01371
   0.02581    0.07301    0.02138    0.02086    0.02250    0.03862    0.03022    0.02122    0.05198
  -0.01486   -0.02637   -0.00332   -0.00127    0.00179   -0.01460   -0.03002    0.00055   -0.01632
  -0.00144    0.00638   -0.00122    0.00822    0.00405    0.01051   -0.01049    0.00697    0.00638
   0.00417   -0.00437    0.00392    0.00289    0.00215    0.02815   -0.00534   -0.00113   -0.00178
  -0.00400    0.00486   -0.00698   -0.00031   -0.00650    0.01661   -0.00342   -0.00220    0.00820
   0.00688    0.00852    0.00214    0.00504    0.00184   -0.00271    0.00072    0.00250   -0.00117
  -0.00579   -0.00888    0.00763   -0.00357   -0.00315   -0.01189   -0.00185   -0.00265    0.00106
  -0.00601   -0.00867   -0.01030   -0.01676   -0.01663   -0.00267   -0.01149   -0.01521   -0.00652
  -0.00007    0.01156    0.00549    0.00816    0.00177    0.00449   -0.01046    0.00776    0.00851
   0.00230    0.00298    0.01114    0.00451    0.00722    0.00768    0.00181    0.00650    0.00350
  -0.03536   -0.03132   -0.04774   -0.03540   -0.05482   -0.03883   -0.05236   -0.04882   -0.01369
   0.00323    0.03780    0.00015    0.00283    0.00261   -0.02110    0.00193    0.00302    0.02618
  -0.00442   -0.00084   -0.00159   -0.00456   -0.00985    0.01373    0.00922   -0.00832    0.01190
   0.00741   -0.00922   -0.02027    0.01456    0.00000   -0.00920   -0.01256    0.01041   -0.01011
   0.01683    0.00196    0.00530    0.01249    0.00844    0.02310   -0.00640    0.00981   -0.00823
   0.00503   -0.00413   -0.00365    0.00322   -0.00352    0.01896    0.00024   -0.00262   -0.01350
   0.00798    0.01769    0.00502    0.00978    0.00692    0.00010    0.00193    0.00648    0.01503
   0.00831    0.01486    0.00958    0.00854   -0.00287   -0.00098    0.00776    0.00713    0.02117
  -0.00262    0.01224    0.01335    0.01643    0.00872    0.00231    0.01026    0.01108    0.02103
   0.00685    0.03437   -0.01010    0.01514    0.00278    0.01022    0.02102    0.00078    0.02214
  -0.00765   -0.01188   -0.00425    0.00053   -0.00029    0.00314   -0.00620   -0.00342   -0.00677
   0.00634    0.01095    0.01087   -0.00080   -0.00347    0.04815    0.00492   -0.00264   -0.00663
   0.00788    0.01746   -0.00181    0.01268    0.00741    0.01783   -0.00113    0.01186    0.01006
   0.02242    0.03679    0.02074    0.01565    0.02470    0.03240    0.02416    0.02040    0.02689
  -0.01476   -0.02492    0.00075    0.00264   -0.00535   -0.00115    0.00559   -0.00374   -0.01766
  -0.02111   -0.01094   -0.02406   -0.03601   -0.02646   -0.00953   -0.02887   -0.02661   -0.00362
   0.00798    0.01394    0.01352    0.02413    0.01963   -0.01017    0.00000    0.02045    0.01253
   0.00311   -0.00066    0.00083   -0.00640   -0.00572    0.01219   -0.00852   -0.00512    0.00203
  -0.00657   -0.01062   -0.00340    0.00328   -0.00992   -0.01142   -0.01583   -0.00726    0.00024
  -0.00868   -0.03555   -0.03403   -0.04738   -0.05095    0.00291   -0.04030   -0.04522   -0.04117
  -0.00501   -0.00928    0.01059   -0.01217   -0.00965   -0.00643    0.00986   -0.01053   -0.00544
   0.00832   -0.00414    0.00313    0.00155    0.00461    0.00152    0.00670    0.00430   -0.01254
  -0.01251   -0.02159   -0.02413   -0.02630    0.00000    0.00000   -0.03410   -0.03072   -0.01830
  -0.00239    0.01740   -0.01988   -0.01160   -0.00189   -0.00342   -0.02328   -0.00506    0.01227
  -0.00966   -0.00229    0.00328   -0.00607   -0.00908   -0.01679   -0.00543   -0.00933   -0.00577
   0.01733    0.00819   -0.00386    0.01215    0.00916    0.02402    0.00605    0.00996    0.00425
   0.00289    0.00641    0.00609    0.01104    0.00564   -0.00102    0.00275    0.00761    0.00968
   0.00816    0.01905   -0.01148   -0.00020   -0.00333    0.01866   -0.00892    0.00250    0.01170
   0.00445    0.01155    0.00000    0.00000    0.00000    0.00470    0.00000    0.00000    0.01003
   0.00976    0.02241   -0.00018   -0.00025    0.00123    0.02071   -0.00396    0.00106    0.01267
   0.01569    0.01012    0.01436    0.02054    0.01616    0.00213    0.01972    0.01412    0.00686
  -0.01015   -0.04274   -0.00269   -0.00695   -0.01080    0.00103   -0.00242   -0.00776   -0.03098
   0.00362    0.00966   -0.00016    0.00300   -0.00333    0.02669   -0.00326   -0.00007    0.00039
  -0.00233   -0.00081   -0.01591    0.02476    0.01716   -0.00044   -0.00136    0.02090    0.00067
   0.00201    0.00681   -0.01444   -0.00437    0.00453   -0.01875   -0.00673    0.00038    0.01050
  -0.00319    0.00062    0.01765    0.02737    0.01630   -0.02530    0.01580    0.01762    0.00400
   0.01699    0.03232    0.00650    0.02701    0.01175    0.00425   -0.00285    0.02101    0.02405
  -0.00312   -0.02245   -0.00322   -0.00687   -0.00310   -0.00544    0.00724   -0.00585   -0.01935
  -0.01322   -0.02124   -0.00274   -0.01863   -0.01709   -0.02701    0.00002   -0.01619   -0.01237
   0.00419    0.01861   -0.00837   -0.00806   -0.00902    0.01228   -0.00506   -0.00664    0.00074
  -0.00146   -0.00033    0.00237    0.00674    0.00420   -0.00794   -0.00615    0.00496    0.00629
   0.00517   -0.01060    0.00441   -0.00284    0.00795    0.00372    0.01144   -0.00006   -0.01365
   0.00414   -0.00168    0.00000    0.00000    0.00000    0.01321    0.00000    0.00368   -0.00081
   0.01644    0.04050   -0.00095    0.01370    0.01283    0.00000    0.00133    0.01336    0.02902
  -0.00218    0.00868    0.00140   -0.00747   -0.00447    0.01536    0.00000   -0.00336    0.00267
  -0.00450    0.00689    0.00418    0.00542    0.00664    0.00414    0.00624    0.00398    0.00536
   0.00115   -0.00318    0.01289    0.00971    0.00682    0.01614    0.00884    0.00923   -0.00684
  -0.01328   -0.00240   -0.00138   -0.01873   -0.01164    0.00898   -0.00313   -0.01704    0.00169
  -0.00972   -0.02058    0.00644   -0.01228   -0.00302   -0.02601    0.00218   -0.01182   -0.00490
   0.04412    0.05133    0.06837    0.02611    0.02820    0.00000    0.05729    0.02838    0.03597
   0.00011    0.00161    0.00596   -0.00517   -0.00206   -0.01153    0.01525   -0.00340    0.00665
  -0.00685   -0.02463   -0.04663   -0.04561   -0.01317   -0.00376    0.00400   -0.01272   -0.01149
  -0.00780    0.00966   -0.02153   -0.01987   -0.01271   -0.00447   -0.00976   -0.01099    0.00986
  -0.00487   -0.00780    0.00120   -0.00977   -0.00807   -0.01126    0.00016   -0.00922   -0.01054
   0.00719    0.00757    0.02322    0.00814    0.00301    0.00081    0.01421    0.00659    0.01307
  -0.02759   -0.05732    0.00035   -0.02364   -0.02575   -0.03107   -0.01228   -0.02645   -0.04309
   0.00348    0.01131    0.02065    0.01322    0.01426    0.01457    0.01268    0.01577    0.01319
   0.01643    0.02678    0.01739    0.02418    0.01960   -0.00162    0.02377    0.01987    0.01888
   0.01440    0.01538    0.02908    0.02643    0.02666    0.01160    0.02917    0.02894    0.01182
   0.00054    0.01695   -0.00204    0.01417    0.00498   -0.00448   -0.00928    0.00912    0.01013
   0.00351    0.00879   -0.00309   -0.00287   -0.00372   -0.02008    0.00291   -0.00205    0.00340
   0.00026   -0.01012   -0.01179   -0.01724   -0.00976    0.00771    0.00041   -0.01399   -0.00293
   0.00312    0.01130   -0.00589   -0.00478   -0.00317    0.00093   -0.00427   -0.00395    0.00409
   0.00776    0.01745    0.01348    0.00161    0.00690    0.00750    0.00296    0.00273   -0.00051
   0.02735    0.00829    0.02994    0.02387    0.02238   -0.02473    0.04890    0.02135    0.00541
   0.00877    0.01548    0.00279    0.02614    0.01552    0.01960   -0.00744    0.01597    0.01201
  -0.00154   -0.00133    0.00644    0.00292    0.01182   -0.02337    0.01767    0.00642    0.00574
   0.00896    0.01405   -0.00223   -0.00398   -0.00116    0.00902   -0.00134   -0.00125    0.01141
  -0.00190   -0.01222    0.00000   -0.00605   -0.00579   -0.00813   -0.00511   -0.00776   -0.00581
  -0.00945   -0.00412   -0.01280    0.00016    0.00060   -0.02898   -0.01604   -0.00190   -0.00444
   0.02532    0.10062    0.04303    0.05163    0.05032    0.01590    0.04025    0.06704    0.06895
   0.00602    0.01011    0.00860    0.00582    0.00351    0.00805    0.01203    0.00462    0.00637
  -0.00515    0.00667    0.00350   -0.00137   -0.00009   -0.00802   -0.00886    0.00225    0.00448
   0.00421    0.00634    0.00449    0.00583    0.00763    0.00425    0.00887    0.00538    0.00055
  -0.01395   -0.00972    0.00000   -0.01205   -0.00982   -0.01387   -0.00616   -0.01053   -0.00105
