   0.78700    3.07300    0.69300    1.43800    0.00000    2.00000    1.05500
   2.43300    3.55000    1.18200    1.62400    0.00000    0.00000    4.81100
   0.20200    0.66700    0.58200    1.36100    0.00000    0.00000    4.74800
   1.59500    3.39300    1.29200    2.12200    0.00000    3.00000    3.47700
   0.45400    2.85500    1.33100    1.32500    0.00000    2.00000    7.04500
   2.12700    2.21600    0.58200    0.83900    0.00000    0.00000    3.62000
   1.88600    2.09400    0.82700    0.86000    0.00000    0.00000    4.23900
   1.39500    2.18300    0.93000    0.84600    0.00000    0.00000    4.22400
   0.53800    3.01400    0.56000    1.98700    0.00000    1.00000    3.49600
   2.19300    3.10300    0.13400    1.52100    0.00000    0.00000    3.26700
   4.80400    3.00500    1.68300    0.77400    0.00000    0.00000    7.28700
   4.03800    3.11300    1.59300    1.31900    1.00000    1.00000    6.14300
   4.92600    2.26000    1.44300    0.90200    0.00000    0.00000    6.00600
  -1.16900    2.81700    1.01200    1.52100    0.00000    3.00000    2.06900
   1.09700    3.35100    0.49600    1.46600    0.00000    0.00000    2.39200
   0.65500    2.13700    0.22300    1.17900    0.00000    0.00000    3.28800
   3.84200    2.89300    1.23600    0.90700    0.00000    0.00000    6.04700
   2.68800    2.46900    0.58200    0.91300    0.00000    0.00000    4.00200
   1.39300    3.61100    0.33100    2.01700    0.00000    0.00000    2.85900
   3.79500    2.12600    0.97700    0.77100    0.00000    0.00000    5.28400
   2.29600    2.56800    0.38900    1.01200    0.00000    0.00000    3.51300
  -0.19700    3.35100    0.79700    2.45600    2.00000    0.00000    3.90300
   1.94700    3.41000    0.22300    1.27800    1.00000    2.00000    2.73700
   2.08100    1.12600    1.07900    1.44000    1.00000    1.00000    3.47000
   3.61700    1.96200    1.34500    0.78300    0.00000    0.00000    5.75200
  -1.96000    2.24200    1.09600    1.90700    0.00000    1.00000    3.39600
   5.33900    4.37200    0.13400    1.25400    0.00000    0.00000    6.56900
   2.59200    3.32300    0.40500    1.17000    0.00000    2.00000    4.57700
   4.19000    1.92500    1.36400    0.42100    0.00000    0.00000    5.59100
   3.79500    2.47700    0.83000    0.98300    0.00000    0.00000    4.74300
   1.58700    3.27700    0.22300    1.86900    0.00000    0.00000    2.08500
  -0.47300    2.42900    0.40500    1.95400    0.00000    0.00000    0.93100
   2.21700    4.88000    0.13400    1.85300    0.00000    0.00000    4.77000
  -0.54400    2.08500    0.56000    2.45100    0.00000    0.00000    1.18000
   1.43300    2.77700    0.56000    1.12700    1.00000    0.00000    4.76700
   1.97400    2.73900    0.00000    1.30000    1.00000    1.00000    2.95300
   0.43000    2.81500    0.56000    1.58500    1.00000    1.00000    4.59000
   2.19300    3.01200    0.22300    1.02300    0.00000    0.00000    3.85700
   0.09400    1.59400    0.22300    1.33300    2.00000    0.00000    6.29700
   4.23400    4.13700    0.22300    1.54200    0.00000    1.00000    5.19400
   0.70600    3.21900    0.40500    1.60500    0.00000    0.00000    1.08800
   1.97600    3.04100    0.94700    1.29800    0.00000    1.00000    6.60700
   3.61800    4.05000    0.69300    1.38100    0.00000    2.00000    5.49000
   2.35400    2.43500    1.11300    1.10900    0.00000    1.00000    2.83900
   2.21200    2.02500    0.93200    0.85100    1.00000    0.00000    4.67200
   1.85100    3.59100    0.58000    1.68500    0.00000    1.00000    4.11700
   1.78300    2.98200    0.49600    1.15100    0.00000    1.00000    3.52200
   0.48900    2.23800    1.51300    2.07800    0.00000    0.00000    4.51300
   1.59100    2.72800    0.22300    0.95300    0.00000    0.00000    2.37100
   3.12400    3.25200    0.00000    1.41700    0.00000    0.00000    3.29900
   2.06000    3.46200    0.40500    1.71700    0.00000    1.00000    4.20800
   0.14300    2.08600    0.33100    1.22100    1.00000    0.00000    3.81500
   3.31400    1.92500    1.16000    0.80100    0.00000    0.00000    5.19200
   3.39500    3.31500    0.22300    0.96000    0.00000    0.00000    4.62900
   1.79500    3.31600    0.22300    1.57100    1.00000    0.00000    3.97900
   2.12700    2.08600    0.64000    0.83800    0.00000    0.00000    4.45900
   2.12700    2.08600    0.64000    0.83800    0.00000    0.00000    3.99500
   1.89000    3.35800    1.34800    1.32800    0.00000    0.00000    3.85200
   1.06000    2.72600    0.49600    1.17900    0.00000    1.00000    2.26900
  -1.35800    3.42300    1.19000    1.99300    0.00000    4.00000    3.68900
   3.87600    3.46500    0.00000    0.83700    0.00000    0.00000    4.80900
   2.21400    3.24000    0.56000    0.88900    0.00000    0.00000    4.54400
   3.18400    3.38000    0.87400    0.90300    0.00000    1.00000    5.27800
   2.10200    2.72800    0.13400    0.92300    0.00000    0.00000    3.42000
   3.04600    2.30900    0.90700    0.87100    0.00000    0.00000    3.78200
   2.55800    3.73800    1.13100    1.58400    1.00000    2.00000    4.42200
   2.94200    2.62000    0.49900    0.99000    0.00000    0.00000    4.40200
   1.20900    3.03500    0.22300    1.66200    0.00000    0.00000    2.21700
   1.85900    2.83400    0.13400    0.95000    0.00000    0.00000    3.47000
   3.80600    3.98000    0.22300    1.57800    0.00000    0.00000    4.81900
  -0.31600    2.24000    0.40500    1.20300    0.00000    0.00000    2.28600
   1.85900    2.83400    0.13400    0.95000    0.00000    0.00000    2.82700
   4.57000    4.82900    0.33100    1.52100    4.00000    4.00000    6.34700
   1.24600    2.68500    0.40500    1.14500    0.00000    0.00000    3.11000
   1.61000    2.25100    0.63800    0.87100    1.00000    0.00000    4.41600
   3.81800    2.37400    1.16000    0.97900    0.00000    1.00000    5.04800
   3.29100    3.60900    0.81100    1.20800    0.00000    0.00000    4.38000
   3.37400    3.73900    0.00000    1.20400    0.00000    1.00000    5.43400
   2.35900    2.45400    1.07500    0.95100    0.00000    0.00000    6.31700
  -0.02200    3.98000    0.45200    2.01300    0.00000    0.00000    1.81000
   2.74900    4.78500    1.26300    1.47100    1.00000    4.00000    9.61200
   1.15500    3.08000    0.82700    1.07900    2.00000    0.00000    5.47800
   0.54800    1.96100    0.13400    1.21500    1.00000    0.00000    2.56700
   1.34800    2.18900    0.58000    0.86300    0.00000    0.00000    3.11500
   3.90600    4.41300    0.56000    1.17000    1.00000    2.00000    7.89900
   4.63300    3.88800    0.69300    0.97800    0.00000    2.00000    6.60000
  -0.17200    1.94600    0.22300    1.92900    0.00000    0.00000    0.53400
   0.84600    2.51200    0.13400    1.29300    0.00000    0.00000    2.81100
   0.34700    2.56000    0.13400    1.75800    0.00000    0.00000    2.28300
  -0.93700    3.20100    0.69300    2.00400    0.00000    0.00000    0.33000
   6.51500    3.46500    2.17100    0.88800    0.00000    0.00000    3.62300
   1.12100    3.28100    0.69300    1.80800    0.00000    2.00000    3.09500
   4.41600    3.25200    0.49900    0.83200    0.00000    0.00000    4.38400
   1.58700    2.87500    0.58200    2.31100    0.00000    0.00000    3.07500
   2.64600    2.74000    1.04000    1.60300    0.00000    1.00000    4.21500
   2.99100    2.44200    0.93400    0.98400    0.00000    1.00000    4.20800
   4.26800    3.59300    1.23600    1.16600    0.00000    0.00000    7.60700
   4.43600    3.39000    0.93400    0.88900    0.00000    0.00000    5.26400
   2.57300    2.63600    0.82700    0.99900    0.00000    0.00000    4.39300
  -0.31700    1.12600    0.13400    1.43100    0.00000    0.00000    1.39900
   2.55300    2.37500    1.02600    1.09000    0.00000    1.00000    3.89500
   2.85100    3.00000    0.00000    0.93800    1.00000    0.00000    3.51300
   2.22600    1.43900    1.07900    1.86700    0.00000    0.00000    3.40200
   2.23900    2.37700    0.82700    0.93800    0.00000    0.00000    5.14600
   0.46800    2.11100    0.13400    1.25300    0.00000    0.00000    2.91400
   1.34800    2.12500    0.63800    0.83100    0.00000    0.00000    2.93900
   0.80000    2.74800    0.22300    1.70500    0.00000    0.00000    1.58900
   2.05400    3.43600    1.22500    1.83900    0.00000    0.00000    5.08700
   1.46700    2.34400    0.58200    1.59000    0.00000    0.00000    3.10900
   2.60400    2.42900    0.83000    1.69600    0.00000    0.00000    3.39100
   2.23900    2.37700    0.82700    0.93800    0.00000    0.00000    5.08300
   3.45100    3.40200    0.60400    1.51700    0.00000    0.00000    5.08600
   1.22900    2.32900    0.71100    0.86800    0.00000    1.00000    3.09700
   1.94000    3.48500    0.22300    1.61400    0.00000    0.00000    2.85300
   2.22600    2.02400    0.83000    1.76100    0.00000    0.00000    2.92800
   1.27100    3.06500    0.92300    1.31700    0.00000    0.00000    2.01500
   0.20400    2.53600    0.49600    1.48200    0.00000    1.00000    3.03000
  -0.56400    1.42900    0.22300    1.80400    0.00000    0.00000    2.72000
   1.62200    3.92100    0.25100    1.39800    0.00000    0.00000    3.41600
   4.63900    4.53200    0.40500    1.18900    2.00000    2.00000    5.54100
   2.11600    1.96500    1.02800    0.76200    0.00000    0.00000    5.30300
   1.14500    3.40700    1.54800    1.65300    0.00000    0.00000    6.25800
   3.65900    2.35100    1.58600    1.25000    0.00000    4.00000    6.41600
   3.39900    4.32700    0.56000    1.25400    2.00000    5.00000    6.68300
   1.58700    3.36900    0.13400    1.61400    0.00000    0.00000    2.22600
   2.51000    3.33200    0.13400    1.51900    0.00000    0.00000    3.41500
   3.26700    3.73900    0.00000    1.25000    2.00000    2.00000    4.63800
   1.65500    3.10100    1.53500    1.32600    0.00000    1.00000    6.23800
   2.51000    3.25200    0.22300    1.07700    0.00000    0.00000    4.02000
   3.21000    2.62000    0.49900    0.99000    0.00000    0.00000    4.23000
   3.26700    3.73900    0.00000    1.25000    1.00000    2.00000    2.14900
   1.81700    1.50000    0.83000    1.89100    0.00000    0.00000    2.92000
   1.31300    1.63400    0.71300    1.19000    0.00000    0.00000    2.78200
   3.31800    2.98700    1.07600    0.92100    0.00000    1.00000    6.07700
   2.00500    2.25200    1.07500    0.88500    0.00000    0.00000    5.30300
   1.85900    2.83400    0.13400    1.23700    0.00000    0.00000    3.03000
   6.16600    3.33700    1.44300    0.91300    0.00000    0.00000    7.42900
  -0.22600    2.12600    0.40500    1.12700    0.00000    0.00000    3.20600
   1.53900    2.52800    0.58000    1.29700    0.00000    0.00000    3.02500
   1.29400    3.42600    0.69300    1.48800    0.00000    1.00000    3.02500
   4.05400    3.79300    0.13400    0.93000    0.00000    0.00000    6.03800
   4.44900    3.69000    1.15900    1.29500    0.00000    2.00000    5.74900
   2.12700    2.21600    0.58200    0.83900    0.00000    0.00000    4.35300
   1.94000    2.16000    1.16000    1.60700    0.00000    0.00000    3.13000
   3.46700    4.28500    0.13400    1.71000    0.00000    0.00000    5.38000
   1.06000    2.72600    0.49600    1.10800    0.00000    1.00000    3.10000
   2.63700    3.01200    0.22300    0.76000    0.00000    0.00000    4.53800
   4.06300    2.08500    1.07900    0.89500    0.00000    0.00000    4.89000
   2.45900    3.61300    1.33600    0.83900    0.00000    0.00000    4.88600
   2.59000    3.42600    0.85000    1.79200    0.00000    0.00000    4.37700
   4.76400    3.68400    1.27500    1.07200    0.00000    1.00000    7.69100
   2.43300    2.30400    1.02800    1.12400    0.00000    0.00000    4.63500
   3.07600    2.68400    0.98800    1.22600    0.00000    1.00000    4.40400
   1.76900    2.21700    0.87200    0.87500    0.00000    0.00000    4.18200
   1.12100    3.15900    0.96500    1.58400    0.00000    2.00000    3.77000
   2.12700    2.21600    0.58200    0.83900    0.00000    0.00000    3.97900
   1.70100    2.50800    0.58000    0.94100    0.00000    0.00000    3.24200
  -0.45000    2.00000    0.69300    1.12800    2.00000    2.00000    4.36600
   2.06000    3.46200    0.40500    1.71700    0.00000    1.00000    4.09700
  -0.38000    1.63600    0.33100    1.26500    1.00000    1.00000    2.76600
  -0.16500    3.31100    0.97200    2.20800    0.00000    3.00000    4.24400
   2.27400    3.66900    0.22300    1.59900    0.00000    0.00000    3.66500
   1.39800    2.88800    0.25100    1.77100    0.00000    0.00000    2.98300
   1.11900    1.81400    1.31600    1.07400    0.00000    1.00000    3.35000
   0.88300    2.12500    0.73000    1.53700    0.00000    0.00000    3.00700
   1.23900    3.02300    0.56000    1.34900    1.00000    0.00000    3.91700
   0.07600    2.50700    0.40500    1.50000    0.00000    2.00000    2.85100
   4.33200    4.53500    0.56000    1.13700    1.00000    2.00000    8.57100
   2.60800    2.91000    0.00000    1.00000    0.00000    0.00000    3.44700
   3.31400    1.92500    1.16000    0.80100    0.00000    0.00000    4.49900
   1.96900    1.94500    0.88900    0.83500    0.00000    0.00000    3.92700
   1.37300    3.02600    0.40500    1.78700    0.00000    1.00000    2.55100
   1.58000    2.96100    0.40500    1.38800    0.00000    0.00000    3.07000
   1.23900    4.19100    0.76200    2.19500    0.00000    0.00000    2.61800
   2.45900    1.66700    1.27800    1.50000    0.00000    2.00000    3.95500
   2.64600    1.88600    1.11500    0.65300    0.00000    0.00000    4.34200
   3.11000    1.73300    1.07700    0.81000    0.00000    0.00000    4.63000
   1.06400    2.80200    0.22300    1.60000    0.00000    1.00000    1.99900
   1.76900    2.51200    0.22300    0.92900    1.00000    0.00000    3.91900
   2.23900    2.37700    0.82700    0.93800    0.00000    0.00000    3.91000
   3.10500    3.64500    0.22300    1.15500    0.00000    0.00000    5.17800
   2.94200    3.17900    0.00000    1.06300    0.00000    0.00000    3.82200
   0.99600    1.09400    1.23600    1.46100    0.00000    1.00000    1.91100
   1.20900    1.27900    1.16000    1.71400    0.00000    0.00000    2.93600
   2.24100    2.43000    0.49600    0.94600    0.00000    0.00000    3.44100
   0.15800    1.83100    1.18200    1.90100    0.00000    2.00000    1.23400
   1.66700    2.47700    0.40500    0.87600    1.00000    0.00000    4.72500
   4.63900    4.53200    0.40500    1.18900    1.00000    4.00000    5.30700
   1.51500    2.78100    0.71100    1.14700    0.00000    0.00000    3.84600
  -0.38600    1.50000    0.40500    1.66900    0.00000    1.00000    2.66100
   1.74800    2.47900    0.88700    0.95400    0.00000    0.00000    5.34100
   4.17900    3.59600    0.97200    0.94100    0.00000    1.00000    4.82800
   2.20900    3.55700    0.33100    1.30100    2.00000    1.00000    4.71100
   0.20200    2.02600    0.22300    1.66700    0.00000    1.00000    0.85500
   2.82100    3.62900    0.33100    1.47800    0.00000    1.00000    3.24000
   3.38600    3.86700    0.13400    1.17400    0.00000    0.00000    4.06400
   3.19000    2.41700    1.02800    1.16200    0.00000    1.00000    4.16900
   5.17600    3.97900    1.30600    1.40400    0.00000    1.00000    4.23900
   2.35700    3.46100    0.22300    1.11100    0.00000    1.00000    3.39300
   2.02600    2.21900    0.60400    1.53700    0.00000    0.00000    3.26200
   3.10900    1.84400    1.27500    0.80400    0.00000    0.00000    6.72000
   2.51000    3.25200    0.22300    1.07700    0.00000    0.00000    4.22000
   3.98800    2.97800    1.24600    1.10300    0.00000    1.00000    6.53500
   1.94000    2.71900    0.89100    2.29200    0.00000    0.00000    3.28900
   3.58700    3.38900    0.22300    0.84900    0.00000    1.00000    4.10800
   2.23900    2.37700    0.82700    0.93800    0.00000    0.00000    5.00500
   1.61900    3.08000    0.40500    1.60900    0.00000    2.00000    3.52800
   4.59400    2.08600    1.68500    0.39600    0.00000    0.00000    6.72000
   3.31400    2.01900    1.12600    0.79300    0.00000    0.00000    4.73000
   6.20300    5.92600    0.13400    1.67100    0.00000    0.00000    4.62800
   4.76000    3.73900    0.00000    0.70000    0.00000    0.00000    7.34600
   3.34500    3.81400    0.33100    1.22500    0.00000    1.00000    3.69800
   0.70600    3.21900    0.40500    1.60500    0.00000    0.00000    1.13400
   4.09100    4.07300    0.69300    1.17100    0.00000    2.00000    5.22400
   2.27800    3.65100    1.15100    0.91100    0.00000    2.00000    4.54000
  -0.05900    2.99300    0.81100    1.23200    0.00000    2.00000    5.39500
   1.53300    3.10300    0.13400    1.34400    0.00000    0.00000    3.17400
   2.28800    3.67000    0.72800    2.11000    0.00000    3.00000    2.96400
   0.96700    3.02900    0.33100    2.13000    0.00000    1.00000    1.88500
   1.44200    3.08000    0.22300    1.58300    1.00000    0.00000    3.72700
   2.35700    2.85700    1.42100    2.28200    0.00000    0.00000    4.29500
   2.81300    3.53200    0.13400    1.11000    0.00000    0.00000    4.16500
   3.89600    2.86200    1.54000    1.22600    0.00000    0.00000    6.17100
   2.50200    3.92100    0.13400    1.78900    0.00000    0.00000    3.86100
   3.76200    3.04400    1.02800    0.95900    1.00000    0.00000    5.95000
   3.57400    2.90000    1.27500    0.91300    0.00000    1.00000    6.56400
   2.81300    3.46100    0.22300    1.12000    0.00000    0.00000    4.47000
   1.70100    2.50800    0.58000    0.94100    0.00000    0.00000    3.76600
   1.31700    2.80400    1.11000    0.61800    0.00000    6.00000    6.25400
   1.06000    2.72600    0.49600    1.17900    0.00000    1.00000    3.66100
   0.07600    2.50700    0.40500    1.50000    2.00000    0.00000    3.93600
   0.73600    1.78300    0.62900    0.75000    1.00000    0.00000    3.46000
   1.88200    3.52000    0.22300    1.59000    0.00000    0.00000    2.88300
   2.50200    3.73400    0.22300    1.28200    0.00000    0.00000    3.38700
   2.15200    3.00300    0.13400    1.03200    0.00000    0.00000    4.17100
   3.73700    3.07300    1.49300    1.27900    0.00000    0.00000    6.64500
   1.76900    2.40500    0.13400    0.84300    0.00000    0.00000    3.21000
   1.45900    3.43200    0.63800    1.38500    0.00000    1.00000    5.33900
  -0.40600    2.11800    0.95600    2.53900    0.00000    0.00000    3.84500
   2.42000    3.11000    0.00000    1.07900    2.00000    0.00000    3.97400
   0.89300    2.35900    0.40500    0.81400    0.00000    0.00000    6.40000
   1.56400    3.58800    0.25100    1.50600    0.00000    0.00000    3.57000
   2.61900    2.53600    0.76400    1.16500    0.00000    1.00000    4.19100
   0.34700    2.39600    0.22300    1.77800    0.00000    0.00000    1.12100
   1.31200    2.96100    0.40500    1.18900    0.00000    0.00000    2.60400
   2.44600    3.70000    0.22300    1.55600    0.00000    1.00000    3.66200
   1.06400    0.66700    1.03000    0.90600    0.00000    0.00000    5.55800
   3.12700    3.31500    0.22300    0.79900    0.00000    0.00000    4.50700
   1.97100    3.54200    1.38000    1.26400    0.00000    0.00000    6.28400
   2.26900    2.21700    0.76400    0.85900    1.00000    0.00000    5.30800
   3.94800    3.24900    2.07100    1.32700    0.00000    0.00000    6.44600
   3.35800    3.63000    0.13400    1.47600    0.00000    0.00000    4.30500
   3.55700    4.22300    0.63800    1.11700    0.00000    1.00000    8.16900
   2.57600    3.78800    0.69300    1.36500    0.00000    2.00000    4.66400
   2.90400    4.13500    0.58000    1.26300    1.00000    2.00000    5.53800
  -0.78600    1.25100    0.25100    1.12600    0.00000    0.00000    5.07200
   2.46100    2.45600    0.64000    0.93700    0.00000    0.00000    4.28600
   0.57500    2.48200    1.30300    1.41500    0.00000    0.00000    4.91900
   4.23000    3.75600    0.00000    0.96400    0.00000    0.00000    4.42500
   2.37100    2.20600    1.30000    1.36000    0.00000    0.00000    4.73900
   2.19300    3.10300    0.13400    1.01600    0.00000    0.00000    3.65100
   3.29100    3.66900    0.48600    1.37400    0.00000    0.00000    3.70100
   2.84100    2.29700    0.76200    0.79800    0.00000    0.00000    3.55500
   2.50900    1.82200    0.82900    0.83400    0.00000    0.00000    3.73100
   2.29400    3.02300    0.56000    1.16800    0.00000    1.00000    3.92400
   1.02000    2.93800    1.38500    1.22500    0.00000    2.00000    4.59300
   2.97400    3.33300    0.40500    0.96300    1.00000    0.00000    4.63200
  -1.30600    1.00000    0.40500    1.50000    2.00000    0.00000    2.38100
   3.61700    1.96200    1.34500    0.78300    0.00000    0.00000    5.35200
   2.72900    2.08000    0.89100    0.81600    0.00000    0.00000    4.33200
   1.44200    3.08000    0.22300    1.58300    0.00000    1.00000    2.27100
   3.45800    2.07700    1.23600    0.82900    0.00000    1.00000    4.42400
   1.74800    2.47900    0.88700    0.95400    0.00000    0.00000    4.20800
   1.13200    2.43000    0.49600    0.83000    1.00000    0.00000    4.62800
   2.20600    2.23300    0.46000    0.78900    1.00000    0.00000    4.96000
   4.06600    3.89800    0.88700    1.45000    0.00000    0.00000    5.99900
   0.98100    2.81900    0.33100    1.27100    0.00000    1.00000    2.73600
   0.05200    2.52300    0.56000    1.60200    1.00000    1.00000    4.38400
   3.30500    3.38000    1.74900    1.13500    0.00000    1.00000    4.95100
   4.20700    3.32300    1.23200    1.13400    0.00000    0.00000    6.52500
   2.10200    2.82400    0.22300    1.00000    1.00000    0.00000    3.36000
   2.81300    3.46100    0.22300    1.28100    0.00000    0.00000    4.41600
   2.35800    1.98300    1.71400    2.10500    0.00000    0.00000    5.06200
   4.37900    4.23700    0.22300    1.56500    0.00000    0.00000    5.26800
   0.47900    2.12600    0.40500    1.69000    1.00000    1.00000    3.57300
  -0.53400    2.36600    0.40500    1.73500    0.00000    0.00000    0.24200
   1.79500    3.13400    0.22300    1.31900    0.00000    0.00000    2.73900
   1.20900    3.14300    0.13400    1.64100    0.00000    0.00000    2.69200
   1.39500    2.18300    0.93000    0.84600    0.00000    0.00000    4.73900
   0.60200    1.88300    0.71100    1.16200    0.00000    0.00000    2.92400
   2.84100    2.29700    0.76200    0.79800    0.00000    0.00000    3.60800
   1.71700    2.81900    0.73200    1.48300    0.00000    0.00000    2.94100
   5.08900    4.21600    0.22300    1.24800    0.00000    0.00000    5.89600
   0.80000    2.03400    0.64000    1.72700    0.00000    0.00000    2.58600
   1.94000    3.56600    0.13400    1.59500    0.00000    0.00000    3.71900
   1.67200    1.00000    0.83000    1.43200    0.00000    1.00000    2.85600
   1.74600    3.69100    0.71100    1.07300    0.00000    2.00000    5.47200
   0.78700    3.07300    0.69300    1.85100    0.00000    2.00000    4.01600
   2.24100    2.43000    0.49600    0.94600    0.00000    0.00000    3.66000
   3.61700    2.01900    1.31700    0.77000    0.00000    0.00000    5.93000
   2.60400    1.92000    1.07900    1.73800    0.00000    0.00000    3.40800
   2.35200    3.04600    0.00000    1.33300    0.00000    2.00000    4.07500
   3.22500    2.11100    1.47700    1.29800    0.00000    0.00000    5.73000
   2.46300    2.06500    1.06200    0.85200    0.00000    0.00000    4.39900
  -0.93700    3.15500    0.63800    2.12800    0.00000    0.00000    1.10200
   0.80000    2.03400    0.64000    1.72700    0.00000    0.00000    2.07200
   1.34800    2.12500    0.63800    0.83100    0.00000    0.00000    3.53100
   0.65200    2.95500    0.33100    1.31300    0.00000    0.00000    2.96100
   2.94200    3.17900    0.00000    1.06300    0.00000    0.00000    4.09100
   3.29100    3.60900    0.81100    1.20800    0.00000    0.00000    4.24700
   3.90900    2.08600    1.50100    0.76600    0.00000    0.00000    6.09300
   0.56200    2.54200    0.42900    1.89100    0.00000    0.00000    2.12000
   2.27400    3.66900    0.22300    1.77800    0.00000    0.00000    3.60400
   2.79900    1.97500    0.80200    0.77500    1.00000    0.00000    4.22700
   0.82800    2.22200    0.71100    0.84900    0.00000    0.00000    3.64100
   2.40200    3.45200    0.33100    1.47600    1.00000    0.00000    3.87000
   0.08700    2.12600    0.25100    1.71900    0.00000    0.00000    2.45800
   3.10900    1.84400    1.27500    0.80400    0.00000    0.00000    6.78400
   1.99600    3.04900    0.76200    1.25800    0.00000    2.00000    4.36900
   3.29100    3.60900    0.81100    1.18900    0.00000    0.00000    5.11500
  -0.38600    1.33300    0.75400    1.14800    0.00000    1.00000    3.48700
   2.06600    2.91800    0.22300    0.94400    3.00000    0.00000    4.59000
   0.84600    2.51200    0.13400    1.29300    0.00000    0.00000    2.01600
   2.50200    3.86000    0.22300    1.42900    0.00000    0.00000    3.91900
   2.00500    3.10200    0.69300    1.31600    0.00000    2.00000    3.45100
   3.23400    4.07700    0.95600    1.90900    0.00000    0.00000    4.44800
   2.23900    2.37700    0.82700    0.93800    0.00000    0.00000    3.75900
   1.20900    3.03500    0.22300    1.94100    0.00000    0.00000    2.10700
   4.73800    4.32400    0.00000    1.20500    0.00000    1.00000    4.30200
   1.18800    1.88300    0.91600    1.20700    0.00000    1.00000    1.15300
   1.57900    3.38000    0.70200    1.52700    0.00000    1.00000    3.84100
   1.46600    2.57000    1.02800    2.13700    0.00000    0.00000    2.97300
   2.04200    1.41700    0.89800    0.64800    0.00000    0.00000    4.42100
   1.06400    2.54400    0.22300    1.24500    0.00000    0.00000    1.40800
   1.39100    2.43400    1.17000    0.99600    1.00000    0.00000    3.57500
   2.19300    3.10300    0.13400    1.01600    0.00000    0.00000    3.22000
   2.78200    3.26000    0.40500    0.92100    0.00000    0.00000    4.57800
   0.80000    2.87800    0.13400    2.10200    0.00000    0.00000    1.93200
   3.10500    3.64500    0.22300    1.15500    0.00000    0.00000    4.81000
   3.12600    3.18100    0.60400    1.52000    0.00000    0.00000    4.68000
   1.06400    2.80200    0.22300    1.60000    0.00000    1.00000    1.84200
   4.65800    2.37700    1.27800    0.97400    0.00000    0.00000    5.37200
   2.22300    3.06700    1.28600    1.30900    0.00000    0.00000    5.31800
   3.21000    2.62000    0.49900    0.99000    0.00000    0.00000    4.33000
   1.96800    2.58300    0.76200    1.10400    0.00000    1.00000    3.88200
  -0.12900    3.19900    0.56000    2.03300    0.00000    0.00000    1.02000
   2.10200    2.82400    0.22300    1.00000    1.00000    0.00000    3.56000
   2.72600    3.69000    0.22300    1.06200    0.00000    0.00000    3.59900
   3.85400    3.78000    0.00000    1.18200    0.00000    0.00000    4.93800
   2.57000    2.11000    0.77300    0.77300    0.00000    1.00000    3.36000
   2.72900    1.96200    0.93400    0.81900    0.00000    0.00000    4.29600
   0.80000    2.74800    0.22300    2.04800    0.00000    0.00000    1.46200
   1.53300    2.82400    0.22300    1.05100    0.00000    0.00000    4.05000
   3.11800    5.15800    0.13400    1.79100    0.00000    0.00000    6.04000
  -0.53400    2.66500    0.25100    1.76200    0.00000    0.00000    1.79500
   1.83400    2.63400    0.22300    0.93900    0.00000    0.00000    3.92600
  -0.53400    2.66500    0.25100    1.76200    0.00000    0.00000    1.81700
   0.58600    2.43500    0.33100    1.53200    0.00000    1.00000    2.01400
   4.20600    4.13900    0.49600    1.43000    0.00000    1.00000    5.76700
   2.12900    3.52000    0.22300    1.56200    1.00000    0.00000    3.62900
   2.45900    2.12600    0.83000    1.45500    1.00000    0.00000    4.18400
   4.67300    3.59600    0.60400    1.51500    0.00000    0.00000    5.36300
   1.88600    2.09400    0.82700    0.86000    0.00000    0.00000    5.39000
   1.75600    3.11100    0.40500    1.05000    0.00000    2.00000    5.16900
   2.65000    3.90500    0.56000    1.39900    1.00000    0.00000    4.94700
   2.72300    3.23500    1.13100    0.99600    0.00000    0.00000    5.35400
   2.93800    1.88600    1.15300    0.52300    0.00000    0.00000    4.73700
   0.14300    2.12600    0.25100    1.11400    0.00000    0.00000    2.15700
   2.18600    3.17100    0.13400    1.01100    0.00000    0.00000    3.98400
   2.24200    3.33200    0.13400    1.06800    0.00000    0.00000    3.80600
   2.57300    2.16400    1.43700    1.22700    0.00000    2.00000    6.20700
   3.47800    2.12600    0.83000    0.89900    0.00000    0.00000    4.19400
   3.21300    2.62400    1.62100    1.50200    0.00000    0.00000    6.31400
   1.69700    2.64100    0.49600    1.07700    0.00000    1.00000    3.53700
   1.39500    2.21500    0.88700    0.88800    0.00000    0.00000    4.33000
   2.78600    3.43600    0.33100    0.95100    0.00000    0.00000    4.33800
   3.76400    1.92500    1.31800    0.59500    0.00000    0.00000    4.70500
   3.90900    4.30500    0.22300    1.34800    3.00000    2.00000    5.19200
   0.11300    2.42800    0.95600    2.60900    0.00000    0.00000    1.30100
   1.50600    2.38600    0.22300    0.85700    0.00000    0.00000    3.51300
   2.92200    3.24700    0.63800    0.88900    0.00000    1.00000    4.68000
   4.29500    4.28800    0.86500    1.32700    0.00000    0.00000    5.64200
   0.40800    1.63600    0.64000    1.69500    0.00000    0.00000    3.86100
   2.34500    3.40200    0.49600    1.45000    1.00000    0.00000    4.55700
  -0.12900    2.30900    0.76200    1.11800    0.00000    2.00000    2.71500
  -0.91700    2.70400    0.56000    1.96500    0.00000    0.00000    0.15000
   3.25900    3.40700    0.00000    1.11100    0.00000    0.00000    4.27900
   2.19300    3.01200    0.22300    1.02300    0.00000    0.00000    3.92000
   2.63700    3.01200    0.22300    0.76000    0.00000    0.00000    4.62000
   2.64000    2.12200    1.62100    1.51100    0.00000    0.00000    5.67700
   4.63400    2.12600    1.27800    0.89600    0.00000    0.00000    5.36100
   2.92700    2.92800    1.11300    1.18500    0.00000    1.00000    4.14100
   2.51000    3.33200    0.13400    1.29400    0.00000    0.00000    3.43600
   1.70000    2.47700    0.40500    0.87600    0.00000    1.00000    2.47400
   3.14800    3.47500    0.40500    0.87500    1.00000    2.00000    4.80300
   1.44200    3.08000    0.22300    1.58300    0.00000    1.00000    3.06100
   2.42000    3.08700    0.22300    0.96000    1.00000    0.00000    3.97900
   2.97400    3.33300    0.40500    0.96300    1.00000    0.00000    5.63000
   0.99600    1.52300    1.02800    1.51200    0.00000    1.00000    2.69300
   2.45900    2.12600    0.83000    1.45500    0.00000    1.00000    5.82000
   3.06200    4.24700    0.58000    1.36000    2.00000    1.00000    5.06600
   1.09100    2.30900    0.76200    0.84500    1.00000    0.00000    3.60100
   3.05100    3.33200    0.13400    0.90900    0.00000    0.00000    4.89100
   1.85900    2.72800    0.22300    0.95300    0.00000    0.00000    3.75500
   1.70100    2.50800    0.58000    0.94100    0.00000    0.00000    3.79900
   3.65900    3.86700    0.00000    1.40000    2.00000    0.00000    5.67800
   3.31400    2.01900    1.12600    0.79300    0.00000    0.00000    4.73700
   3.50300    3.89600    0.13400    1.57100    0.00000    0.00000    4.82200
   3.95800    3.46500    0.00000    0.80200    0.00000    0.00000    4.98400
   1.11200    2.28300    1.07000    1.22300    0.00000    0.00000    4.27800
   3.31500    3.55400    0.62900    0.94500    0.00000    0.00000    3.45900
   2.23300    3.05000    0.40500    0.86800    1.00000    3.00000    6.19500
   1.79800    2.98600    0.96100    1.66900    0.00000    4.00000    3.15200
   1.10700    3.02400    0.45200    2.69800    0.00000    0.00000    0.45000
   2.10200    2.82400    0.22300    1.00000    0.00000    1.00000    2.87000
   1.58600    3.38600    0.25100    1.22500    0.00000    0.00000    3.08600
   2.05600    2.19800    0.79800    0.79000    0.00000    1.00000    3.32800
   1.11700    3.28200    0.56000    1.74900    0.00000    2.00000    3.75700
   1.68000    2.59400    0.25100    0.86100    0.00000    0.00000    3.11200
   2.24800    3.50900    0.85400    1.47800    0.00000    0.00000    2.83200
   1.80100    2.82400    0.22300    1.05100    0.00000    0.00000    3.16800
   2.10200    2.23300    0.64000    0.92000    0.00000    1.00000    3.61500
   0.65500    2.46200    0.22300    1.62500    0.00000    1.00000    1.35200
   2.64200    3.73400    0.22300    1.45000    2.00000    1.00000    3.84000
   2.22200    3.19500    0.49600    1.13300    0.00000    1.00000    4.44600
   2.42900    2.21700    0.84500    0.79300    1.00000    0.00000    5.18900
   1.85900    2.83400    0.13400    0.95000    0.00000    0.00000    3.12000
   1.61000    2.11000    0.58000    0.80500    0.00000    0.00000    3.78700
   1.79500    3.13400    0.22300    1.31900    0.00000    0.00000    4.80400
   4.05300    2.80300    1.50100    1.12400    0.00000    0.00000    5.38500
   0.87400    2.59100    0.33100    1.62900    0.00000    0.00000    2.39500
   1.60200    2.64700    1.28600    1.27800    0.00000    0.00000    4.50800
   5.93400    3.37600    1.27800    0.91500    0.00000    0.00000    4.86200
   1.09900    2.49500    0.56000    0.83500    1.00000    0.00000    4.02300
   3.90900    3.70900    1.37100    1.47800    0.00000    1.00000    5.56800
   2.04800    3.31400    0.33100    1.39700    3.00000    0.00000    4.47300
   1.70100    2.50800    0.58000    0.94100    0.00000    0.00000    3.34500
  -0.31700    1.42900    0.22300    1.75000    1.00000    0.00000    3.07600
   2.24200    3.33200    0.13400    1.29400    0.00000    0.00000    3.37400
   3.95300    4.00500    0.22300    1.54500    0.00000    1.00000    5.05500
   1.74800    2.43900    0.93000    0.92400    0.00000    0.00000    5.00700
   1.33500    2.86600    0.22300    1.28800    2.00000    0.00000    3.41100
   0.21500    3.81000    1.02500    1.05500    0.00000    2.00000    3.83800
   0.75700    3.52600    0.71100    1.59600    0.00000    3.00000    3.42300
