   0.00000    0.00000    0.00000    0.00000    3.26700    2.11900    1.25000    0.00000    4.86700
   0.00000   37.30000   67.82800    1.00000    3.69600    3.11700    1.14900    0.00000    5.17000
   0.00000   46.15000   54.99900    0.00000    2.11000    3.86600    1.52100    0.00000    5.29100
   0.00000    9.23000   11.00000    0.00000    2.72300    2.32100    1.16500    0.00000    7.33700
   0.00000    0.00000    0.00000    0.00000    2.94200    1.98900    1.06300    0.00000    4.50200
   0.00000   26.02000   32.89700    2.00000    1.85900    1.90800    0.91700    1.00000    5.31200
   0.00000   42.52000   44.31300    0.00000    2.77700    2.64300    1.05500    0.00000    4.57000
   0.00000    0.00000    0.00000    0.00000    3.37400    2.11800    1.20400    0.00000    3.52200
   0.00000   57.28000   71.69400    3.00000    2.12400    3.45500    1.06900    2.00000    4.30500
   0.00000   43.24000   59.40900    0.00000    4.39600    3.54200    0.91000    3.00000    4.57900
   0.00000   20.23000   42.68300    1.00000    0.34700    1.33400    1.76800    0.00000    0.93500
   0.00000    0.00000    0.00000    0.00000    3.79500    1.97500    0.65700    0.00000    5.42000
   2.00000   49.41000   71.18000    1.00000    4.76100    3.53700    1.14700    2.00000    4.30700
   0.00000   20.23000   42.68300    1.00000    3.61700    2.07400    0.34000    0.00000    5.61000
   0.00000   34.14000   50.29000    0.00000    1.41500    2.07400    1.10800    0.00000    5.00100
   0.00000    0.00000    0.00000    0.00000    4.41600    2.60500    0.72300    0.00000    5.62600
   0.00000    0.00000    0.00000    0.00000    5.98900    2.73300    0.52900    0.00000    6.98900
   1.00000   72.68000   73.32400    1.00000    0.40300    2.35500    1.42400    4.00000    2.57200
   1.00000   49.57000   64.63000    0.00000   -0.25900    1.98900    1.10300    3.00000    3.34000
   0.00000  100.87000  112.49400    0.00000    3.27500    2.66100    1.24300    2.00000    5.63600
   0.00000   45.82000   50.74700    0.00000    3.11000    2.16000    0.47800    1.00000    4.66000
   2.00000   59.32000   78.20400    0.00000    3.90700    3.93400    0.90800    1.00000    9.06300
   0.00000    0.00000    0.00000    0.00000    2.22600    1.26500    0.57000    0.00000    3.71800
   0.00000    0.00000    0.00000    0.00000    2.85100    1.98900    0.93800    0.00000    3.53300
   0.00000    0.00000    0.00000    0.00000    2.87600    1.85700    0.69900    0.00000    3.91800
   0.00000   26.02000   32.89700    2.00000    2.72900    1.97500    0.46200    1.00000    5.43000
   0.00000   20.23000   42.68300    1.00000    1.50600    1.85700    0.85300    0.00000    3.85000
   0.00000   42.52000   44.31300    0.00000    1.47300    2.24100    1.15800    0.00000    4.07200
   0.00000   38.33000   54.15600    1.00000    2.22200    2.72500    1.01200    1.00000    5.94200
   0.00000  111.87000  144.17700    1.00000    2.70200    2.62600    1.04700    2.00000    6.00000
   1.00000  203.06000  358.24400    6.00000    0.95700    5.83900    1.34500    0.00000    4.56600
   0.00000   77.82000   99.36500    4.00000    3.04800    2.81300    0.79100    4.00000    4.63200
   0.00000   28.24000    0.00000    0.00000    1.17300    1.66700    0.66700    0.00000    2.42100
   0.00000    0.00000    0.00000    0.00000    3.38600    2.28400    0.80500    0.00000    4.14700
   1.00000   67.51000  103.97300    1.00000    3.20400    3.34400    0.93800    0.00000    2.95500
   0.00000   45.82000   50.74700    0.00000    2.50900    2.10800    0.61700    1.00000    3.84000
   0.00000   12.47000   14.12400    0.00000    3.82700    3.36200    1.37300    1.00000    5.10200
   1.00000   69.48000  142.26200    0.00000    4.09600    3.88400    1.16900    2.00000    5.74200
   0.00000   20.23000   42.68300    1.00000    2.12700    1.90800    0.63300    0.00000    4.23800
   0.00000   20.23000   42.68300    1.00000    3.92100    2.49400    1.22900    0.00000    6.36000
   0.00000   18.46000   22.00000    0.00000    1.26200    2.14700    1.57600    0.00000    2.27200
   0.00000   26.02000   32.89700    2.00000    2.12700    1.92400    0.59700    1.00000    6.40900
   0.00000    0.00000    0.00000    0.00000    4.41600    2.59100    0.72300    0.00000    5.64100
   0.00000    0.00000    0.00000    0.00000    6.23200    2.72800    0.49300    0.00000    7.61000
   0.00000    0.00000    0.00000    0.00000    1.81700    1.33400    0.71800    0.00000    2.49000
   0.00000    0.00000    0.00000    0.00000    5.47200    2.65700    0.57700    0.00000    6.67000
   2.00000  124.73000   67.25700    0.00000    1.02000    2.96900    0.94600    1.00000    5.60000
   0.00000   38.57000    6.24900    0.00000    0.59000    1.70000    1.19000    2.00000    2.23200
   0.00000   20.23000   42.68300    1.00000    2.29600    1.92400    0.52100    0.00000    4.46400
   0.00000    0.00000    0.00000    0.00000    5.16500    3.11100    0.73200    0.00000    6.21900
   2.00000   52.60000   72.29000    0.00000    6.33800    4.16000    1.40200    0.00000    6.19400
   2.00000  118.65000  210.60000    1.00000    3.77300    3.75900    0.95000    1.00000    4.50100
   0.00000    0.00000    0.00000    0.00000    1.81700    1.22500    0.50200    0.00000    3.25400
   1.00000   58.20000  116.23200    2.00000    3.50800    3.28100    0.80300    2.00000    7.80200
   0.00000    0.00000    0.00000    0.00000    4.33200    2.70000    0.75800    0.00000    5.40600
   0.00000   38.33000   54.15600    1.00000    1.73700    2.47200    0.63800    1.00000    6.84800
   0.00000   75.74000   93.69400    3.00000    2.19500    4.36500    1.08600    2.00000    5.13200
   0.00000  138.45000  281.24500    6.00000    1.44200    3.87800    1.20500    0.00000    5.29100
   0.00000   88.03000   86.37800    2.00000    3.18500    2.93000    1.13000    5.00000    4.48500
   0.00000   66.05000   93.43000    1.00000    1.34800    2.11900    0.78400    1.00000    4.01600
   0.00000   32.67000   47.53600    0.00000    3.22300    2.77300    0.88100    2.00000    4.40300
   0.00000    0.00000    0.00000    0.00000    3.56200    2.28100    1.15000    0.00000    5.54800
   0.00000   12.89000   16.78600    0.00000    2.06600    2.28400    0.86700    1.00000    3.53000
   2.00000   55.84000   75.41400    0.00000    1.90700    2.89200    1.43900    1.00000    3.53600
   1.00000   57.53000  110.51200    2.00000    1.64300    2.09000    0.81400    0.00000    3.06800
   0.00000   20.23000   42.68300    1.00000    3.12700    2.60500    0.79700    0.00000    4.66800
   1.00000   37.30000   67.82800    1.00000    4.54800    3.10100    1.13700    0.00000    4.56000
   1.00000   23.79000   31.05900    0.00000   -0.31700    1.15500    1.40300    1.00000    1.05700
   0.00000  110.96000   13.84300    0.00000    1.97100    2.52000    1.01200    0.00000    8.20700
   0.00000    9.23000   11.00000    0.00000    5.45300    2.88700    0.49500    0.00000    6.72300
   0.00000    0.00000    0.00000    0.00000    3.87600    2.53900    0.83700    0.00000    4.90900
   0.00000  132.42000  196.33200    2.00000    4.47800    4.98400    1.08700    4.00000    5.44000
   0.00000   20.23000   42.68300    1.00000    5.08900    3.04900    1.24700    0.00000    6.06400
   0.00000    0.00000    0.00000    0.00000    3.67700    2.34400    0.86800    0.00000    4.98000
   1.00000   74.57000  147.15300    2.00000    1.78900    3.37300    1.17500    3.00000    3.43200
   0.00000   20.23000   42.68300    1.00000    3.31400    2.02700    0.40900    0.00000    4.49500
   1.00000   74.92000  138.78300    1.00000    3.16000    2.82700    1.14000    2.00000    5.30100
   0.00000    0.00000    0.00000    0.00000    3.47800    1.92400    0.57500    0.00000    4.13800
   2.00000   52.60000   72.29000    0.00000    4.73700    3.90700    1.59500    0.00000    5.74900
   0.00000   26.02000   32.89700    2.00000    1.85900    1.91800    0.91700    1.00000    5.16800
   0.00000  103.67000  119.50500    1.00000    3.54600    2.84700    1.21100    3.00000    3.72500
   0.00000   15.79000    0.00000    1.00000    1.83400    2.17600    0.81000    1.00000    5.06900
   0.00000    0.00000    0.00000    0.00000    2.22600    1.40100    0.82600    0.00000    3.33900
   0.00000   20.23000   42.68300    1.00000    0.80000    1.40100    1.69800    0.00000    1.82000
   0.00000   20.23000   42.68300    1.00000    2.19300    1.96000    1.02000    0.00000    4.03800
   0.00000   45.82000   50.74700    0.00000    2.24100    2.11900    0.94200    1.00000    4.01000
   1.00000   87.66000  139.99500    3.00000    1.58900    3.51400    1.33900    2.00000    3.81900
   1.00000   36.26000   60.14400    0.00000    3.30000    3.46900    1.10200    2.00000    4.92000
   1.00000  122.91000  210.53700    3.00000    0.86800    3.59000    1.46200    3.00000    2.62600
   0.00000  336.43000  551.09800   16.00000   -5.19900    4.30000    1.37300    7.00000    3.07700
   0.00000   38.77000   22.15600    0.00000    2.77900    2.63900    0.85900    0.00000    4.00100
   1.00000   37.30000   67.82800    1.00000    0.99600    1.74600    1.54700    0.00000    3.35800
   1.00000   44.45000   16.78600    0.00000    3.26500    2.13400    0.63700    1.00000    6.13100
   0.00000   45.61000   28.26900    0.00000    3.09200    2.81400    0.94800    1.00000    5.54800
   0.00000   20.23000   42.68300    1.00000    3.12700    2.57000    0.79700    0.00000    5.38000
   0.00000   41.57000   57.28000    1.00000    3.18000    3.29200    1.01400    2.00000    4.99200
   0.00000    0.00000   44.88000    0.00000    2.41900    1.50900    0.73100    0.00000    3.95400
   0.00000  347.32000  571.95200   18.00000   -6.44600    4.62400    1.39000    5.00000    3.08800
   0.00000   75.13000  100.77400    3.00000    4.51200    3.66200    0.70200    5.00000    6.65000
   0.00000   20.23000   42.68300    1.00000    2.27400    2.00500    1.59600    0.00000    3.11500
   1.00000   80.74000   61.16600    2.00000   -0.31000    1.91800    0.57800    2.00000    4.22100
   0.00000   54.57000   41.02800    0.00000    5.20800    3.69100    1.58500    0.00000    6.38300
   0.00000   54.57000   41.02800    0.00000    3.23400    2.90100    1.98400    0.00000    4.86200
   0.00000   37.30000   67.82800    1.00000    1.66700    2.03100    0.86700    0.00000    4.46200
   0.00000   26.02000   32.89700    2.00000    2.72900    1.97900    0.46200    1.00000    5.16000
   0.00000   94.89000   20.76500    0.00000    2.49200    2.65900    1.19400    0.00000    6.79000
   0.00000   91.64000  101.49400    0.00000    1.88600    2.28700    0.76900    2.00000    3.59100
   0.00000   54.74000   39.24700    0.00000    3.11500    2.70600    0.94600    0.00000    6.07500
   1.00000   46.53000   78.82800    1.00000    2.37800    2.47200    0.98800    0.00000    3.47400
   0.00000   56.15000   36.02200    2.00000   -0.27300    1.55900    0.87600    2.00000    3.82500
   0.00000   35.25000   43.89700    2.00000    1.24600    2.03100    1.08100    1.00000    4.01100
   0.00000   56.15000   36.02200    2.00000    3.11200    2.99700    0.70100    2.00000    3.53100
   0.00000   91.64000  101.49400    0.00000    2.23900    2.33400    0.88400    2.00000    3.71800
   0.00000   12.89000   16.78600    0.00000    2.06600    2.28400    0.86700    1.00000    3.71100
   1.00000   35.53000   47.14500    0.00000    4.57900    3.87500    0.92700    0.00000    8.06700
   1.00000   75.99000   73.77400    1.00000    0.05700    2.09300    1.12300    2.00000    6.96400
   0.00000   94.83000  178.34000    3.00000    1.66100    3.39100    0.94200    0.00000    3.96100
   0.00000  157.69000  194.92400    1.00000    1.54300    2.52700    0.64700    3.00000    3.43000
   1.00000   83.67000   84.18400    1.00000    0.34900    2.39700    2.09200    1.00000    5.76000
   1.00000   68.01000   92.59300    3.00000   -0.28300    2.17000    0.89300    3.00000    3.77500
   0.00000   77.76000  153.19500    3.00000    0.55900    2.13700    0.76700    0.00000    3.66900
   0.00000   38.80000    0.00000    1.00000    0.84500    1.15500    1.17700    0.00000    5.56200
   1.00000   43.09000   58.04200    2.00000    2.48100    2.13300    0.50600    1.00000    2.34800
   0.00000   40.46000   85.36700    2.00000   -1.05300    1.33400    1.82700    0.00000    0.12200
   0.00000    7.76000    0.00000    0.00000    2.12200    2.70000    1.05300    2.00000    5.01000
   1.00000  237.75000  223.04700    8.00000    0.08300    3.24900    1.04000    7.00000    2.92800
   0.00000    0.00000   59.84000    0.00000    1.81700    1.43000    1.98800    0.00000    2.01800
   0.00000    0.00000    0.00000    0.00000    3.47800    1.90800    0.57500    0.00000    4.78700
   0.00000   73.58000   63.84200    2.00000    0.89400    3.13600    1.38800    3.00000    3.00800
   0.00000   92.31000   70.94100    2.00000    2.19500    3.08200    0.99900    3.00000    7.04400
   0.00000   96.31000   77.72700    1.00000    1.12600    3.53600    1.15700    3.00000    3.59400
   0.00000    0.00000    0.00000    0.00000    6.23200    2.76600    0.49300    0.00000    7.50900
   1.00000   54.37000   92.97300    1.00000    3.37400    3.06100    0.91000    0.00000    3.59900
   0.00000    0.00000    0.00000    0.00000    3.94500    2.34400    0.67800    0.00000    5.50000
   0.00000    9.23000   11.00000    0.00000    0.80000    1.50900    2.00300    0.00000    1.73000
   0.00000    3.24000    3.12400    0.00000    9.14800    5.49700    1.55900    1.00000    5.96000
   0.00000   60.13000   76.44800    0.00000    2.28800    2.84800    1.59100    4.00000    3.22000
   1.00000   46.53000   78.82800    1.00000    2.35400    2.45500    0.74300    0.00000    3.78300
   0.00000    9.23000   11.00000    0.00000    1.58700    1.84000    1.05000    0.00000    2.77800
   1.00000   35.53000   47.14500    0.00000    0.53800    1.95200    1.92800    0.00000    2.51100
   0.00000  110.96000   13.84300    0.00000    3.08900    3.01500    0.88900    0.00000    6.44200
   0.00000    0.00000    0.00000    0.00000    4.76000    2.86800    0.70000    0.00000    6.28100
   0.00000   47.56000   65.15500    1.00000    1.19100    2.89900    1.26500    1.00000    3.47000
   0.00000   40.46000   85.36700    2.00000    5.25500    3.00100    0.48500    0.00000    4.83800
   1.00000   26.30000   36.14500    0.00000    0.99600    1.72300    1.80500    0.00000    2.82700
   0.00000    0.00000    0.00000    0.00000    6.47000    2.80500    0.46900    0.00000    8.78000
   0.00000    0.00000    0.00000    0.00000    5.47200    2.70300    0.57700    0.00000    6.20900
   2.00000  110.45000  141.04700    1.00000    2.76700    3.48800    1.21600    2.00000    4.07100
   0.00000    0.00000   14.96000    0.00000    2.02600    1.26500    0.72200    0.00000    3.57700
   1.00000   32.67000   45.05500    0.00000    3.35500    3.09700    0.88900    2.00000    4.82100
   0.00000   50.94000   76.13200    1.00000    3.77000    3.09100    1.08100    3.00000    4.01000
   1.00000   35.53000   47.14500    0.00000    4.57900    3.87500    1.12400    0.00000    7.69300
   1.00000   84.58000  129.73600    4.00000    0.92500    3.17800    1.26300    2.00000    3.90200
   0.00000   26.02000   32.89700    2.00000    3.31400    2.01800    0.36600    1.00000    5.43000
   0.00000   20.23000   42.68300    1.00000    2.12700    1.92400    0.63300    0.00000    4.42600
   0.00000   55.05000   61.74700    0.00000    4.29600    3.05500    0.60300    1.00000    5.87800
   0.00000  140.02000  119.20900    4.00000   -0.81200    2.47800    0.92600    3.00000    7.37800
   0.00000   17.07000   25.14500    0.00000    4.91200    2.65900    0.49100    0.00000    6.39400
   0.00000    0.00000    0.00000    0.00000    3.26700    2.11900    1.25000    0.00000    5.37300
   0.00000    0.00000    0.00000    0.00000    2.94200    1.91800    1.06300    0.00000    3.65300
   0.00000    0.00000    0.00000    0.00000    3.12400    1.80000    1.41700    0.00000    4.34000
   0.00000  165.15000  185.89700    0.00000    0.57500    2.60800    1.80900    3.00000    3.85000
   0.00000    0.00000    0.00000    0.00000    2.41900    1.22500    0.66700    0.00000    3.74000
   2.00000   88.90000   33.57100    0.00000    4.40500    2.45600    0.56800    2.00000    6.39900
   0.00000   29.46000   53.68300    1.00000    2.73600    2.18300    0.62000    0.00000    5.52700
   1.00000   26.30000   36.14500    0.00000    0.58600    1.57700    1.88100    0.00000    2.09000
   0.00000    0.00000    0.00000    0.00000    6.16600    2.95900    0.57000    0.00000    8.27100
   0.00000   18.46000   22.00000    0.00000    1.46600    2.15000    1.22000    0.00000    2.93700
   0.00000    0.00000    0.00000    0.00000    4.76000    2.85900    0.70000    0.00000    6.17300
   2.00000   52.60000   72.29000    0.00000    2.57700    2.70700    1.31300    0.00000    3.60300
   1.00000   90.37000  131.63500    3.00000    0.33200    2.70600    1.31300    3.00000    2.07200
   0.00000    0.00000    0.00000    0.00000    4.58800    2.74400    0.80700    0.00000    6.19000
   0.00000   36.60000   20.26300    0.00000    1.35400    1.89000    2.07300    3.00000    1.43000
   0.00000   62.73000   86.37800    2.00000    2.27300    2.47800    1.25400    5.00000    3.33100
   0.00000   34.14000   50.29000    0.00000    0.07600    1.65400    1.49300    0.00000    3.32300
   1.00000   49.33000   85.83900    2.00000    1.06000    2.27200    1.00700    1.00000    4.21600
   0.00000   63.22000   80.14400    0.00000    1.93600    3.85200    1.15100    0.00000    8.02800
   0.00000    0.00000    0.00000    0.00000    5.12400    2.51500    0.45600    0.00000    6.77700
   1.00000   67.79000  107.83900    2.00000    2.34700    3.24300    1.40000    1.00000    3.91700
   0.00000   40.46000   85.36700    2.00000    3.30600    2.83200    0.91700    0.00000    4.30100
   0.00000   20.23000   42.68300    1.00000    2.72900    1.97500    0.50000    0.00000    4.79700
   0.00000    0.00000    0.00000    0.00000    2.60400    1.43000    0.50500    0.00000    3.84200
   1.00000  115.47000   84.47900    4.00000    0.03800    2.27800    0.54400    5.00000    4.00600
   0.00000   45.61000   28.26900    0.00000    2.27500    2.44500    1.29000    1.00000    4.47400
   0.00000    0.00000    0.00000    0.00000    2.25500    1.80000    0.91700    0.00000    2.48000
   0.00000    0.00000    0.00000    0.00000    3.55800    1.97800    1.00000    0.00000    6.72000
   0.00000   57.53000  110.51200    2.00000    3.31000    3.26700    1.16900    0.00000    4.53500
   0.00000   50.93000    0.00000    0.00000    0.55200    2.48500    1.14700    3.00000    2.54000
   0.00000   88.03000   86.37800    2.00000    2.27300    2.57500    1.15900    5.00000    3.63000
   0.00000  129.62000  165.83400    6.00000    2.70300    3.07800    0.77500    7.00000    4.40400
   0.00000   12.53000   11.00000    0.00000    4.21400    2.68700    0.50400    0.00000    6.21000
   2.00000   64.16000   92.47000    0.00000    3.61300    4.24500    1.17500    4.00000    4.83500
   0.00000    0.00000    0.00000    0.00000    5.98900    2.75800    0.52900    0.00000    8.16000
   0.00000  119.33000  134.93100    0.00000    0.28900    2.58700    1.98900    2.00000    3.33900
   4.00000  166.75000  250.10200    6.00000    1.63200    5.36900    1.14500    6.00000    4.27000
   0.00000   17.07000   25.14500    0.00000    1.44200    1.84000    1.58000    0.00000    4.03900
   0.00000   12.03000   18.01100    1.00000    2.19300    2.13400    1.11700    1.00000    5.46000
   0.00000   38.33000   54.15600    1.00000    2.37800    2.58700    1.05500    1.00000    4.76200
   0.00000    0.00000    0.00000    0.00000    3.56200    2.11900    1.15000    0.00000    4.31700
   0.00000   56.15000   36.02200    2.00000    1.94500    2.46100    0.80500    2.00000    3.35100
   0.00000   87.43000   55.41100    2.00000   -1.22200    1.57500    1.36200    1.00000    6.61800
   0.00000   39.94000  104.28900    0.00000    4.28100    3.35700    1.00200    3.00000    4.71300
   1.00000   84.32000  125.10800    2.00000    0.13900    2.74800    1.26700    2.00000    2.35900
   1.00000  181.62000  324.87300    7.00000   -0.87500    3.59500    0.94500    2.00000    6.43000
   1.00000   43.37000   61.29000    0.00000    3.62600    3.37300    1.11100    0.00000    5.54100
   0.00000   26.02000   32.89700    2.00000    2.72900    1.97500    0.46200    1.00000    5.43700
   1.00000   20.31000   28.26900    0.00000   -0.27300    1.40100    2.07300    1.00000    0.70400
   1.00000   61.82000   73.32400    0.00000    0.73600    2.40500    1.54600    4.00000    3.02800
   0.00000  115.41000   71.51200    0.00000    1.60200    2.68700    1.28800    1.00000    7.34100
   0.00000   12.53000   11.00000    0.00000   -0.56400    1.50000    1.73300    0.00000    2.33200
   0.00000   12.03000   18.01100    1.00000    1.85900    1.98900    1.06200    1.00000    5.79000
   0.00000   21.26000   73.89100    1.00000    4.15300    3.38300    1.12100    1.00000    5.78300
   0.00000  137.46000  152.24100    0.00000    2.35900    2.52700    0.82500    3.00000    4.39000
   0.00000   20.23000   42.68300    1.00000    1.20900    1.43000    0.47600    0.00000    3.00200
   0.00000   12.53000   11.00000    0.00000    1.53300    2.27400    1.02600    0.00000    4.01800
   0.00000   45.82000   50.74700    0.00000    3.11000    2.16500    0.47800    1.00000    4.43400
   0.00000    0.00000    0.00000    0.00000    3.47800    1.91800    0.57500    0.00000    4.30400
   0.00000   21.26000   29.01100    1.00000    2.82600    2.70900    1.18400    1.00000    5.03600
   0.00000   39.72000   65.97100    1.00000    3.28900    3.76700    1.12900    1.00000    5.75400
   0.00000    0.00000    0.00000    0.00000    3.21000    1.92400    0.78800    0.00000    4.93300
   0.00000   29.46000   53.68300    1.00000    3.02800    2.22500    0.54800    0.00000    6.17600
   1.00000   20.31000   28.26900    0.00000    0.19800    1.78200    1.55900    1.00000    4.90600
   0.00000   61.35000   36.02200    2.00000   -0.27300    1.47500    0.87600    2.00000    3.39200
   0.00000   95.96000    6.24900    0.00000    0.45400    2.07200    0.80000    2.00000    4.85800
   1.00000   23.79000   31.05900    0.00000    0.09400    1.33400    1.11500    1.00000    3.78000
   0.00000   13.14000    9.50700    0.00000    3.74300    2.99500    0.78300    0.00000    4.73700
   0.00000   94.88000  104.61800    0.00000    4.06600    3.01600    1.31400    3.00000    7.01200
   0.00000    0.00000    0.00000    0.00000    3.26700    2.31800    0.96300    0.00000    4.10000
   0.00000   12.89000   16.78600    0.00000    2.66000    2.40800    0.97600    1.00000    3.61800
   0.00000   20.23000   42.68300    1.00000    1.85900    1.92400    0.94900    0.00000    3.71000
   0.00000   26.02000   32.89700    2.00000    2.19300    2.03100    0.99200    1.00000    4.17900
   0.00000    0.00000    0.00000    0.00000    2.08100    1.50900    0.68500    0.00000    4.32200
   0.00000    0.00000    0.00000    0.00000    3.25900    2.04800    1.11100    0.00000    3.77200
   1.00000  114.19000  100.65200    3.00000    0.82100    3.06000    1.08200    6.00000    2.53300
   0.00000  121.26000    6.24900    0.00000    0.45400    2.22700    0.67700    2.00000    6.05900
   0.00000   26.02000   32.89700    2.00000    3.61700    2.07400    0.28800    1.00000    5.55900
   0.00000   20.23000   42.68300    1.00000    3.90900    2.12000    0.28100    0.00000    5.56000
   0.00000  111.56000   99.40000    2.00000    0.65800    3.42600    1.18900    4.00000    2.68500
   0.00000  121.26000    6.24900    0.00000    2.86900    3.09500    0.86200    2.00000    6.18800
   0.00000    9.23000   11.00000    0.00000    1.85900    1.98900    1.16400    0.00000    3.43200
   0.00000    3.24000    3.12400    0.00000    2.19300    2.04800    1.24100    1.00000    4.38500
   0.00000   12.89000   16.78600    0.00000    0.46800    1.80000    1.03800    1.00000    1.81500
   0.00000   91.64000  101.49400    0.00000    2.23900    2.29600    0.88400    2.00000    5.44100
   0.00000   91.49000  117.37600    5.00000   -0.32900    1.86800    1.62100    5.00000    1.98300
   0.00000   71.84000   83.64400    2.00000    1.96900    2.16800    0.53100    2.00000    4.48900
   0.00000    0.00000    0.00000    0.00000    2.22600    1.40100    0.57000    0.00000    3.49200
   0.00000   65.82000   80.76500    0.00000    3.69200    3.88300    1.08700    3.00000    6.75600
   0.00000    0.00000    0.00000    0.00000    5.45300    2.83700    0.73500    0.00000    6.85800
   0.00000   26.02000   32.89700    2.00000    2.72900    1.97500    0.46200    1.00000    4.74200
   0.00000   12.03000   18.01100    1.00000    1.58700    1.65400    1.73200    1.00000    2.35200
   1.00000   46.53000   78.82800    1.00000    2.08600    2.45500    0.94100    0.00000    3.04700
   0.00000  105.86000   19.91000    0.00000    0.62300    2.11600    0.50800    2.00000    5.92200
   0.00000    3.24000    3.12400    0.00000    4.76100    3.27300    1.05200    1.00000    5.55100
   0.00000  115.41000   71.51200    0.00000    1.91900    2.72000    1.29100    1.00000    7.67100
   1.00000   58.11000   32.89700    2.00000   -0.31700    1.22500    0.57500    1.00000    3.63800
   0.00000   29.46000   53.68300    1.00000    1.62900    2.35300    1.20000    0.00000    2.61400
   0.00000  118.22000  238.56200    5.00000    2.20100    3.83000    1.21400    0.00000    6.42400
   0.00000   20.23000   42.68300    1.00000    1.85900    1.91800    0.94900    0.00000    3.76000
   1.00000   20.31000   28.26900    0.00000    2.82100    2.50200    1.28300    1.00000    3.07800
   0.00000   20.23000   42.68300    1.00000    3.04600    2.02700    0.60200    0.00000    5.63200
   0.00000    0.00000    0.00000    0.00000    4.06300    1.96000    0.49900    0.00000    4.75000
   0.00000    0.00000    0.00000    0.00000    3.56200    2.03100    1.15000    0.00000    5.45000
   0.00000   54.57000   41.02800    0.00000    3.74200    3.13600    1.77300    0.00000    6.04200
   0.00000   26.02000   32.89700    2.00000    3.31400    2.03100    0.36600    1.00000    4.76100
   0.00000    0.00000    0.00000    0.00000    2.22600    1.40100    0.82600    0.00000    3.63100
   1.00000   46.53000   78.82800    1.00000    2.75800    2.85600    1.02200    0.00000    3.79400
   0.00000   20.23000   42.68300    1.00000    3.61700    2.07400    0.34000    0.00000    5.76000
