  28.00000  322.50000  148.60000    0.00000  185.80000    8.50000  951.00000  709.50000   52.42638
  90.00000  333.00000    0.00000    0.00000  192.00000    0.00000  931.20000  842.60000   41.68020
  28.00000  143.70000  170.20000  132.60000  191.60000    8.50000  814.10000  805.30000   29.87086
 180.00000  331.00000    0.00000    0.00000  192.00000    0.00000  978.00000  825.00000   38.99676
 180.00000  380.00000    0.00000    0.00000  228.00000    0.00000  932.00000  670.00000   53.10413
  56.00000  229.68000    0.00000  118.16000  195.23000    6.13000 1028.10000  757.63000   31.35047
 100.00000  295.71000    0.00000   95.64000  171.54000    8.87000  955.14000  859.20000   52.04165
 270.00000  380.00000   95.00000    0.00000  228.00000    0.00000  932.00000  594.00000   41.15138
  28.00000  166.09000    0.00000  163.27000  176.46000    4.49000 1058.60000  780.09000   21.53923
   7.00000  427.50000   47.50000    0.00000  228.00000    0.00000  932.00000  594.00000   35.07640
 100.00000  213.50000    0.00000  174.24000  159.21000   11.66000 1043.60000  771.90000   52.95865
  28.00000  148.00000  175.00000    0.00000  171.00000    2.00000 1000.00000  828.00000   26.91714
   3.00000  425.00000  106.30000    0.00000  153.50000   16.50000  852.10000  887.10000   33.39822
  90.00000  393.00000    0.00000    0.00000  192.00000    0.00000  940.00000  758.00000   48.79422
  28.00000  300.00000    0.00000  120.00000  212.00000   10.00000  878.00000  728.00000   23.83519
   3.00000  213.76000   98.06000   24.52000  181.74000    6.65000 1066.00000  785.52000   13.18278
  14.00000  246.83000    0.00000  125.08000  143.30000   11.99000 1086.80000  800.89000   42.21662
 365.00000  342.00000   38.00000    0.00000  228.00000    0.00000  932.00000  670.00000   56.14196
  28.00000  202.00000   11.00000  141.00000  206.00000    1.72000  942.00000  801.00000   21.96671
  28.00000  173.81000   93.37000  159.90000  172.34000    9.73000 1007.20000  746.60000   37.81086
   7.00000  288.00000  192.00000    0.00000  192.00000    0.00000  932.00000  717.80000   23.52354
  28.00000  186.20000  124.10000    0.00000  185.70000    0.00000 1083.40000  764.30000   17.59681
  28.00000  149.00000  118.00000   92.00000  183.00000    7.00000  953.00000  780.00000   23.51803
  28.00000  436.00000    0.00000    0.00000  218.00000    0.00000  838.40000  719.70000   23.84897
   7.00000  425.00000  106.30000    0.00000  153.50000   16.50000  852.10000  887.10000   49.20101
  28.00000  160.00000  128.00000  122.00000  182.00000    6.40000  824.00000  879.00000   39.39666
  28.00000  236.00000    0.00000    0.00000  194.00000    0.00000  968.00000  885.00000   18.41590
  28.00000  234.00000  156.00000    0.00000  189.00000    5.85000  981.00000  760.00000   39.30013
   3.00000  359.00000   19.00000  141.00000  154.00000   10.91000  942.00000  801.00000   25.11663
  14.00000  173.81000   93.37000  159.90000  172.34000    9.73000 1007.20000  746.60000   29.55094
  28.00000  148.00000    0.00000  182.00000  181.00000   15.00000  839.00000  884.00000   15.52010
  56.00000  387.00000   20.00000   94.00000  157.00000   14.32000  938.00000  845.00000   56.33708
  28.00000  520.00000    0.00000    0.00000  175.00000    5.20000  870.00000  805.00000   51.02122
  90.00000  236.00000  157.00000    0.00000  192.00000    0.00000  972.60000  749.10000   47.78207
  28.00000  336.50000    0.00000    0.00000  181.90000    3.40000  985.80000  816.80000   44.86834
  28.00000  387.00000   20.00000   94.00000  157.00000   13.93000  938.00000  845.00000   46.68442
  28.00000  305.00000    0.00000  100.00000  196.00000   10.00000  959.00000  705.00000   30.12321
 180.00000  500.00000    0.00000    0.00000  200.00000    0.00000 1125.00000  613.00000   51.04191
  28.00000  298.20000    0.00000  107.00000  209.70000   11.10000  879.60000  744.20000   31.87516
   3.00000  251.37000    0.00000  118.27000  192.94000    5.75000 1043.60000  754.30000   11.98309
   7.00000  379.50000  151.20000    0.00000  153.90000   15.90000 1134.30000  605.00000   47.09811
   3.00000  153.00000  102.00000    0.00000  192.00000    0.00000  888.00000  943.10000    4.78221
 180.00000  237.50000  237.50000    0.00000  228.00000    0.00000  932.00000  594.00000   36.25196
 100.00000  212.57000    0.00000  100.39000  159.35000   10.37000 1003.80000  903.79000   47.73932
  28.00000  233.81000    0.00000   94.58000  197.89000    4.56700  947.04000  852.16000   22.83545
  28.00000  316.10000  210.70000    0.00000  185.70000    0.00000  977.00000  689.30000   38.70029
  14.00000  277.00000    0.00000    0.00000  191.00000    0.00000  968.00000  856.00000   21.26344
  28.00000  225.00000    0.00000    0.00000  181.00000    0.00000 1113.00000  833.00000   17.34032
  28.00000  154.80000    0.00000  142.80000  193.30000    9.10000 1047.40000  696.70000   12.45952
  14.00000  212.07000    0.00000  121.62000  180.31000    5.69000 1057.60000  779.32000   20.91870
  28.00000  260.90000  100.50000   78.30000  200.60000    8.60000  864.50000  761.50000   32.40124
 100.00000  212.00000    0.00000  124.78000  159.00000    7.84000 1085.40000  799.54000   47.81516
  28.00000  159.00000  149.00000  116.00000  175.00000   15.00000  953.00000  720.00000   27.67557
  28.00000  151.00000    0.00000  185.00000  167.00000   16.00000 1074.00000  678.00000   13.45857
  14.00000  275.07000    0.00000  121.35000  159.48000    9.90000 1053.60000  777.50000   38.76924
  28.00000  213.72000   98.05000   24.51000  181.71000    6.86000 1065.80000  785.38000   45.70536
  28.00000  385.00000    0.00000  136.00000  158.00000   20.00000  903.00000  768.00000   55.55108
  56.00000  238.05000    0.00000   94.11000  186.66000    7.00000  949.91000  847.01000   39.58971
  28.00000  213.50000    0.00000  174.24000  154.61000   11.66000 1052.30000  775.48000   45.93979
 100.00000  167.00000   75.40000  167.00000  164.03000    7.91000 1007.30000  770.10000   56.81282
  28.00000  203.50000  305.30000    0.00000  203.50000    0.00000  963.40000  630.00000   41.68434
  28.00000  322.00000    0.00000    0.00000  203.00000    0.00000  974.00000  800.00000   25.17966
  28.00000  183.90000  122.60000    0.00000  203.50000    0.00000  959.20000  800.00000   24.04616
  56.00000  218.23000   54.64000  123.78000  140.75000   11.91000 1075.70000  792.67000   61.99079
   7.00000  491.00000   26.00000  123.00000  210.00000    3.93000  882.00000  699.00000   33.48883
   3.00000  165.00000  128.50000  132.10000  175.06000    8.08000 1005.80000  746.60000   19.41564
   7.00000  305.30000  203.50000    0.00000  203.50000    0.00000  965.40000  631.00000   25.89396
 365.00000  427.50000   47.50000    0.00000  228.00000    0.00000  932.00000  594.00000   43.69830
  14.00000  222.36000    0.00000   96.67000  189.29000    4.46000  967.08000  870.32000   24.44882
  14.00000  167.35000  129.90000  128.62000  175.46000    7.79000 1006.30000  746.60000   31.81242
 180.00000  349.00000    0.00000    0.00000  192.00000    0.00000 1047.00000  806.00000   41.05140
   7.00000  389.90000  189.00000    0.00000  145.90000   22.00000  944.70000  755.80000   59.09499
  28.00000  141.90000  166.60000  129.70000  173.50000   10.90000  882.60000  785.30000   44.61186
  28.00000  284.00000   15.00000  141.00000  179.00000    5.46000  842.00000  801.00000   43.73346
  28.00000  321.40000    0.00000  127.90000  182.50000   11.50000  870.10000  779.70000   37.26549
 100.00000  218.85000    0.00000  124.13000  158.49000   11.33000 1078.70000  794.91000   46.22937
  28.00000  154.00000  174.00000  185.00000  228.00000    7.00000  845.00000  612.00000   24.33850
  28.00000  144.00000    0.00000  175.00000  158.00000   18.00000  943.00000  844.00000   15.41668
   3.00000  286.30000  200.90000    0.00000  144.70000   11.20000 1004.60000  803.70000   24.40056
 365.00000  332.50000  142.50000    0.00000  228.00000    0.00000  932.00000  594.00000   41.05278
  90.00000  190.00000  190.00000    0.00000  228.00000    0.00000  932.00000  670.00000   42.32693
  28.00000  355.90000    0.00000  141.60000  193.30000   11.00000  801.40000  778.40000   40.86869
  28.00000  318.80000  212.50000    0.00000  155.70000   14.30000  852.10000  880.40000   55.49592
  28.00000  152.00000  178.00000  139.00000  168.00000   18.00000  944.00000  695.00000   36.34917
   3.00000  212.52000    0.00000  100.37000  159.32000    8.71000 1007.80000  903.59000   13.54131
  28.00000  203.50000  135.70000    0.00000  185.70000    0.00000 1076.20000  759.30000   22.62998
  28.00000  321.00000  164.00000    0.00000  190.00000    5.00000  870.00000  774.00000   57.21272
  14.00000  385.00000    0.00000    0.00000  186.00000    0.00000  966.00000  763.00000   27.92378
   7.00000  359.00000   19.00000  141.00000  154.00000   10.91000  942.00000  801.00000   35.75426
  28.00000  164.60000    0.00000  150.40000  181.60000   11.70000 1023.30000  728.90000   18.03393
   7.00000  425.00000  106.30000    0.00000  153.50000   16.50000  852.10000  887.10000   49.20101
   3.00000  173.00000  116.00000    0.00000  192.00000    0.00000  946.80000  856.80000    6.94095
  28.00000  231.75000    0.00000  121.62000  173.96000    6.72000 1056.40000  778.45000   33.72917
  28.00000  313.30000  145.00000    0.00000  178.50000    8.00000  867.20000  824.00000   40.92523
  56.00000  387.00000   20.00000   94.00000  157.00000   13.93000  938.00000  845.00000   47.96685
  28.00000  136.00000  162.00000  126.00000  172.00000   10.00000  923.00000  764.00000   29.06831
  56.00000  277.19000   97.82000   24.46000  160.70000   11.19000 1061.70000  782.46000   66.82401
   7.00000  239.60000  359.40000    0.00000  185.70000    0.00000  941.60000  664.30000   25.42236
   3.00000  531.30000    0.00000    0.00000  141.80000   28.20000  852.10000  893.70000   41.29961
  28.00000  332.50000  142.50000    0.00000  228.00000    0.00000  932.00000  594.00000   33.01901
  28.00000  356.00000  119.00000    0.00000  160.00000    9.03000 1061.00000  657.00000   58.99846
  28.00000  159.80000  250.00000    0.00000  168.40000   12.20000 1049.30000  688.20000   39.45595
  14.00000  525.00000    0.00000    0.00000  189.00000    0.00000 1125.00000  613.00000   48.40122
  90.00000  525.00000    0.00000    0.00000  189.00000    0.00000 1125.00000  613.00000   58.78472
  28.00000  313.30000  262.20000    0.00000  175.50000    8.60000 1046.90000  611.80000   59.79825
  56.00000  182.04000   45.21000  121.97000  170.21000    8.19000 1059.40000  780.65000   43.49904
   3.00000  212.07000    0.00000  121.62000  180.31000    5.69000 1057.60000  779.32000   12.47262
   7.00000  424.00000   22.00000  132.00000  178.00000    8.48000  822.00000  750.00000   39.00464
 100.00000  194.68000    0.00000  100.52000  170.17000    7.48000  998.00000  901.80000   44.27815
   7.00000  339.20000    0.00000    0.00000  185.70000    0.00000 1069.20000  754.30000   21.17932
 100.00000  181.38000    0.00000  167.01000  169.59000    7.56000 1055.60000  777.80000   45.36752
  28.00000  289.00000  133.70000    0.00000  194.90000    5.50000  924.10000  760.10000   46.24729
  56.00000  251.37000    0.00000  118.27000  192.94000    5.75000 1043.60000  754.30000   39.26566
  14.00000  212.00000    0.00000  124.78000  159.00000    7.84000 1085.40000  799.54000   31.35047
   3.00000  379.50000  151.20000    0.00000  153.90000   15.90000 1134.30000  605.00000   28.59946
   7.00000  382.00000    0.00000    0.00000  186.00000    0.00000 1047.00000  739.00000   24.00066
  28.00000  450.10000   50.00000    0.00000  200.00000    3.00000 1124.40000  613.20000   39.37597
 100.00000  213.76000   98.06000   24.52000  181.74000    6.65000 1066.00000  785.52000   49.97322
  28.00000  167.35000  129.90000  128.62000  175.46000    7.79000 1006.30000  746.60000   41.20309
   7.00000  475.00000  118.80000    0.00000  181.10000    8.90000  852.10000  781.50000   55.59934
  28.00000  165.00000    0.00000  150.00000  182.00000   12.00000 1023.00000  729.00000   18.02980
   7.00000  135.70000  203.50000    0.00000  185.70000    0.00000 1076.20000  759.30000    7.50701
   7.00000  166.80000  250.20000    0.00000  203.50000    0.00000  975.60000  692.60000   15.74832
   7.00000  337.90000  189.00000    0.00000  174.90000    9.50000  944.70000  755.80000   35.10122
   3.00000  425.00000  106.30000    0.00000  151.40000   18.60000  936.00000  803.70000   36.30091
  90.00000  349.00000    0.00000    0.00000  192.00000    0.00000 1047.00000  806.00000   39.48629
   7.00000  290.20000  193.50000    0.00000  185.70000    0.00000  998.20000  704.30000   21.85915
  28.00000  339.20000    0.00000    0.00000  185.70000    0.00000 1069.20000  754.30000   31.89999
  28.00000  147.00000  115.00000   89.00000  202.00000    9.00000  860.00000  829.00000   19.98791
  28.00000  296.00000    0.00000    0.00000  186.00000    0.00000 1090.00000  769.00000   25.17966
   3.00000  182.04000   45.21000  121.97000  170.21000    8.19000 1059.40000  780.65000    7.31534
  28.00000  261.90000  110.50000   86.10000  195.40000    5.00000  895.20000  732.60000   33.71882
  28.00000  425.00000  106.30000    0.00000  151.40000   18.60000  936.00000  803.70000   61.79773
   7.00000  281.00000    0.00000    0.00000  186.00000    0.00000 1104.00000  774.00000   14.49968
 180.00000  525.00000    0.00000    0.00000  189.00000    0.00000 1125.00000  613.00000   61.92184
   3.00000  250.00000    0.00000   95.69000  187.42000    5.53000  956.86000  861.17000   13.81710
   3.00000  277.00000    0.00000    0.00000  191.00000    0.00000  968.00000  856.00000   11.36256
  28.00000  280.00000  129.00000  100.00000  172.00000    9.00000  825.00000  805.00000   52.82076
  28.00000  273.00000    0.00000   90.00000  199.00000   11.00000  931.00000  762.00000   32.23990
  91.00000  425.00000  106.30000    0.00000  151.40000   18.60000  936.00000  803.70000   66.69991
   3.00000  469.00000  117.20000    0.00000  137.80000   32.20000  852.10000  840.50000   40.19645
  28.00000  288.00000  121.00000    0.00000  177.00000    7.00000  908.00000  829.00000   42.13388
  28.00000  298.00000    0.00000  107.00000  186.00000    6.00000  879.00000  815.00000   42.63720
  56.00000  401.80000   94.70000    0.00000  147.40000   11.40000  946.80000  852.10000   73.69809
  14.00000  251.37000    0.00000  118.27000  192.94000    5.75000 1043.60000  754.30000   20.72565
 270.00000  475.00000    0.00000    0.00000  228.00000    0.00000  932.00000  594.00000   42.13112
  28.00000  272.60000    0.00000   89.60000  198.70000   10.60000  931.30000  762.20000   32.24541
  56.00000  251.81000    0.00000   99.94000  146.14000   12.35000 1006.00000  899.76000   44.14025
  90.00000  277.00000    0.00000    0.00000  191.00000    0.00000  968.00000  856.00000   31.25395
  28.00000  277.00000  117.00000   91.00000  191.00000    7.00000  946.00000  666.00000   43.57488
   7.00000  350.00000    0.00000    0.00000  186.00000    0.00000 1050.00000  770.00000   20.27749
 100.00000  173.54000   50.05000  173.53000  164.77000    6.47000 1006.20000  793.50000   56.06129
 100.00000  182.04000   45.21000  121.97000  170.21000    8.19000 1059.40000  780.65000   48.67011
  28.00000  393.00000    0.00000    0.00000  192.00000    0.00000  940.60000  785.60000   39.60488
  14.00000  166.09000    0.00000  163.27000  176.46000    4.49000 1058.60000  780.09000   25.48303
  28.00000  162.00000  190.00000  148.00000  179.00000   19.00000  838.00000  741.00000   33.75674
  28.00000  305.30000  203.50000    0.00000  203.50000    0.00000  965.40000  631.00000   43.37700
  56.00000  250.00000    0.00000   95.69000  187.42000    5.53000  956.86000  861.17000   38.32797
  90.00000  305.30000  203.50000    0.00000  203.50000    0.00000  965.40000  631.00000   54.59891
   3.00000  318.80000  212.50000    0.00000  155.70000   14.30000  852.10000  880.40000   25.20035
  90.00000  153.00000  102.00000    0.00000  192.00000    0.00000  888.00000  943.10000   26.32281
  56.00000  425.00000  106.30000    0.00000  153.50000   16.50000  852.10000  887.10000   64.30053
  28.00000  424.00000   22.00000  132.00000  178.00000    8.48000  822.00000  750.00000   62.05284
  28.00000  122.60000  183.90000    0.00000  203.50000    0.00000  958.20000  800.10000   24.29093
 180.00000  339.00000    0.00000    0.00000  197.00000    0.00000  968.00000  781.00000   36.44570
  90.00000  139.60000  209.40000    0.00000  192.00000    0.00000 1047.00000  806.90000   39.35805
   3.00000  277.05000    0.00000   97.39000  160.60000   11.83000  973.90000  875.61000   23.13881
   7.00000  157.00000  236.00000    0.00000  192.00000    0.00000  935.40000  781.20000   16.88940
  28.00000  173.54000   50.05000  173.53000  164.77000    6.47000 1006.20000  793.50000   38.20387
  28.00000  315.00000  137.00000    0.00000  145.00000    5.90000 1130.00000  745.00000   81.75117
   3.00000  491.00000   26.00000  123.00000  201.00000    3.93000  822.00000  699.00000   29.54897
  90.00000  475.00000    0.00000    0.00000  228.00000    0.00000  932.00000  594.00000   42.22903
  56.00000  213.50000    0.00000  174.24000  154.61000   11.66000 1052.30000  775.48000   51.43491
   7.00000  362.60000  189.00000    0.00000  164.90000   11.60000  944.70000  755.80000   55.89582
  28.00000  190.00000  190.00000    0.00000  228.00000    0.00000  932.00000  670.00000   40.85697
 100.00000  251.37000    0.00000  118.27000  192.94000    5.75000 1043.60000  754.30000   40.14819
  14.00000  213.76000   98.06000   24.52000  181.74000    6.65000 1066.00000  785.52000   17.83674
  28.00000  298.00000    0.00000  107.00000  210.00000   11.00000  880.00000  744.00000   31.87448
  28.00000  158.80000  238.20000    0.00000  185.70000    0.00000 1040.60000  734.30000   21.06625
  28.00000  251.37000    0.00000  118.27000  188.45000    6.35000 1028.40000  757.73000   32.66048
  28.00000  237.50000  237.50000    0.00000  228.00000    0.00000  932.00000  594.00000   30.07977
  56.00000  213.76000   98.06000   24.52000  181.74000    6.65000 1066.00000  785.52000   47.13258
  28.00000  237.00000   92.00000   71.00000  247.00000    6.00000  853.00000  695.00000   28.62704
  14.00000  229.68000    0.00000  118.16000  195.23000    6.13000 1028.10000  757.63000   22.31834
  28.00000  149.00000  117.60000   91.70000  182.90000    7.10000  953.40000  780.30000   23.52423
  56.00000  388.60000   97.10000    0.00000  157.90000   12.10000  852.10000  925.70000   55.19945
  28.00000  314.00000  145.30000  113.20000  178.90000    8.00000  869.10000  690.20000   46.23419
 365.00000  380.00000    0.00000    0.00000  228.00000    0.00000  932.00000  670.00000   52.51670
  28.00000  290.20000  193.50000    0.00000  185.70000    0.00000  998.20000  704.30000   33.04314
   3.00000  359.00000   19.00000  141.00000  154.00000   10.91000  942.00000  801.00000   23.63918
  28.00000  375.00000    0.00000    0.00000  186.00000    0.00000 1038.00000  758.00000   38.21076
   3.00000  424.00000   22.00000  132.00000  178.00000    8.48000  882.00000  750.00000   32.01139
  28.00000  374.30000    0.00000    0.00000  190.20000    6.70000 1013.20000  730.40000   39.05606
  28.00000  190.68000    0.00000  125.40000  162.14000    7.77000 1090.00000  804.01000   26.40004
  90.00000  332.50000  142.50000    0.00000  228.00000    0.00000  932.00000  594.00000   37.72192
   7.00000  382.00000    0.00000    0.00000  185.00000    0.00000 1047.00000  739.00000   24.00066
  28.00000  439.00000  177.00000    0.00000  186.00000   11.10000  884.90000  707.90000   65.99664
   3.00000  439.00000  177.00000    0.00000  186.00000   11.10000  884.90000  707.90000   39.30013
  28.00000  212.52000    0.00000  100.37000  159.32000    8.71000 1007.80000  903.59000   31.64005
   3.00000  141.30000  212.00000    0.00000  203.50000    0.00000  971.80000  748.50000    4.82771
   3.00000  212.57000    0.00000  100.39000  159.35000   10.37000 1003.80000  903.79000   13.33447
  28.00000  300.00000    0.00000    0.00000  184.00000    0.00000 1075.00000  795.00000   26.84820
  28.00000  252.50000    0.00000    0.00000  185.70000    0.00000 1111.60000  784.30000   19.76521
  28.00000  151.80000  178.10000  138.70000  167.50000   18.30000  944.00000  694.60000   36.34986
   3.00000  310.00000    0.00000    0.00000  192.00000    0.00000 1012.00000  830.00000   11.85209
  28.00000  144.80000    0.00000  133.60000  180.80000   11.10000  979.50000  811.50000   13.20209
  28.00000  228.00000  342.10000    0.00000  185.70000    0.00000  955.80000  674.30000   39.69934
  28.00000  213.50000    0.00000  174.24000  159.21000   11.66000 1043.60000  771.90000   44.63668
  28.00000  133.10000  210.20000    0.00000  195.70000    3.10000  949.40000  795.30000   28.93800
  28.00000  140.00000  164.00000  128.00000  237.00000    6.00000  869.00000  656.00000   35.22533
   3.00000  393.00000    0.00000    0.00000  192.00000    0.00000  940.60000  785.60000   19.19915
  28.00000  380.00000   95.00000    0.00000  228.00000    0.00000  932.00000  594.00000   36.44777
   3.00000  139.60000  209.40000    0.00000  192.00000    0.00000 1047.00000  806.90000    8.06342
  91.00000  425.00000  106.30000    0.00000  153.50000   16.50000  852.10000  887.10000   65.19685
  28.00000  162.00000  214.00000  164.00000  202.00000   10.00000  820.00000  680.00000   30.64721
  28.00000  238.10000    0.00000    0.00000  185.70000    0.00000 1118.80000  789.30000   17.57612
   7.00000  250.00000    0.00000    0.00000  182.00000    0.00000 1100.00000  820.00000   12.73462
  28.00000  382.00000    0.00000    0.00000  186.00000    0.00000 1047.00000  739.00000   37.42476
  91.00000  375.00000   93.80000    0.00000  126.60000   23.40000  852.10000  992.60000   62.50100
  56.00000  362.60000  189.00000    0.00000  164.90000   11.60000  944.70000  755.80000   77.29715
 180.00000  139.60000  209.40000    0.00000  192.00000    0.00000 1047.00000  806.90000   44.20782
   3.00000  233.81000    0.00000   94.58000  197.89000    4.56700  947.04000  852.16000   10.38351
 180.00000  198.60000  132.40000    0.00000  192.00000    0.00000  978.40000  825.50000   41.71950
  28.00000  194.68000    0.00000  100.52000  165.62000    7.48000 1006.40000  905.90000   25.72435
  91.00000  362.60000  189.00000    0.00000  164.90000   11.60000  944.70000  755.80000   79.29663
   7.00000  475.00000    0.00000    0.00000  228.00000    0.00000  932.00000  594.00000   38.60376
   3.00000  183.90000  122.60000    0.00000  203.50000    0.00000  959.20000  800.00000    4.90355
  28.00000  425.00000  106.30000    0.00000  153.50000   16.50000  852.10000  887.10000   60.29468
  28.00000  540.00000    0.00000    0.00000  162.00000    2.50000 1055.00000  676.00000   61.88737
  56.00000  173.81000   93.37000  159.90000  172.34000    9.73000 1007.20000  746.60000   48.98727
   3.00000  389.90000  189.00000    0.00000  145.90000   22.00000  944.70000  755.80000   40.59635
   7.00000  200.00000    0.00000    0.00000  180.00000    0.00000 1125.00000  845.00000    7.83934
  56.00000  337.90000  189.00000    0.00000  174.90000    9.50000  944.70000  755.80000   59.89478
  56.00000  277.05000    0.00000   97.39000  160.60000   11.83000  973.90000  875.61000   51.03501
  28.00000  153.10000  145.00000  113.00000  178.50000    8.00000  867.20000  824.00000   26.23318
  28.00000  167.00000  187.00000  195.00000  185.00000    7.00000  898.00000  636.00000   23.89034
 100.00000  167.95000   42.08000  163.83000  121.75000    5.72000 1058.70000  780.11000   39.23118
  56.00000  446.00000   24.00000   79.00000  162.00000   11.64000  967.00000  712.00000   55.25461
   3.00000  446.00000   24.00000   79.00000  162.00000   11.64000  967.00000  712.00000   23.34566
   3.00000  388.60000   97.10000    0.00000  157.90000   12.10000  852.10000  925.70000   28.09615
  56.00000  165.00000    0.02000  143.57000  163.81000    0.00000 1005.60000  900.90000   36.56291
 270.00000  500.00000    0.00000    0.00000  200.00000    0.00000 1125.00000  613.00000   55.15808
  28.00000  154.80000  183.40000    0.00000  193.30000    9.10000 1047.40000  696.70000   18.28766
   3.00000  213.74000    0.00000  174.74000  154.79000   10.16000 1053.50000  776.35000   17.57474
   7.00000  252.00000    0.00000    0.00000  186.00000    0.00000 1111.00000  784.00000   11.46599
  91.00000  469.00000  117.20000    0.00000  137.80000   32.20000  852.10000  840.50000   70.69887
  14.00000  322.00000    0.00000    0.00000  203.00000    0.00000  974.00000  800.00000   20.77391
 100.00000  190.68000    0.00000  125.40000  162.14000    7.77000 1090.00000  804.01000   40.56877
  56.00000  376.00000    0.00000    0.00000  214.60000    0.00000 1003.50000  762.36000   36.30091
  91.00000  374.00000  189.20000    0.00000  170.10000   10.10000  926.10000  756.70000   64.90038
  28.00000  144.00000   15.00000  195.00000  176.00000    6.00000 1021.00000  709.00000   15.34084
  28.00000  155.20000  183.90000  143.20000  193.80000    9.20000  879.60000  698.50000   28.99109
  28.00000  151.60000    0.00000  111.90000  184.40000    7.90000  992.00000  815.90000   12.18097
  90.00000  133.00000  200.00000    0.00000  192.00000    0.00000  927.40000  839.20000   36.58842
  28.00000  313.30000  145.00000    0.00000  178.50000    8.00000 1001.90000  688.70000   41.05347
  28.00000  312.90000  160.50000    0.00000  177.60000    9.60000  916.60000  759.50000   52.44637
   7.00000  286.30000  200.90000    0.00000  144.70000   11.20000 1004.60000  803.70000   37.99702
  28.00000  314.00000  145.00000  113.00000  179.00000    8.00000  869.00000  690.00000   46.22937
  56.00000  374.00000  189.20000    0.00000  170.10000   10.10000  926.10000  756.70000   63.39732
  28.00000  157.00000  236.00000    0.00000  192.00000    0.00000  935.40000  781.20000   33.66436
  91.00000  401.80000   94.70000    0.00000  147.40000   11.40000  946.80000  852.10000   75.49762
  28.00000  362.60000  189.00000    0.00000  164.90000   11.60000  944.70000  755.80000   71.29871
   3.00000  252.31000    0.00000   98.75000  146.25000   14.17000  987.76000  889.01000   21.78055
   7.00000  116.00000  173.00000    0.00000  192.00000    0.00000  909.80000  891.90000   10.08979
   3.00000  337.90000  189.00000    0.00000  174.90000    9.50000  944.70000  755.80000   24.09719
  28.00000  298.00000  137.00000  107.00000  201.00000    6.00000  878.00000  655.00000   53.52402
  56.00000  222.36000    0.00000   96.67000  189.29000    4.46000  967.08000  870.32000   29.44752
 100.00000  297.16000    0.00000  117.54000  174.80000    9.52000 1022.80000  753.45000   56.74387
   3.00000  249.10000    0.00000   98.75000  158.11000   12.80000  987.76000  889.01000   15.36153
  56.00000  249.10000    0.00000   98.75000  158.11000   12.80000  987.76000  889.01000   42.03046
  14.00000  167.00000   75.40000  167.00000  164.03000    7.91000 1007.30000  770.10000   32.90179
   3.00000  480.00000    0.00000    0.00000  192.00000    0.00000  936.20000  712.20000   24.40469
  90.00000  480.00000    0.00000    0.00000  192.00000    0.00000  936.00000  721.00000   54.27555
  28.00000  317.90000    0.00000  126.50000  209.70000    5.70000  860.50000  736.60000   40.06200
  56.00000  194.68000    0.00000  100.52000  165.62000    7.48000 1006.40000  905.90000   33.96359
  28.00000  136.00000  196.00000   98.00000  199.00000    6.00000  847.00000  783.00000   26.96541
  28.00000  102.00000  153.00000    0.00000  192.00000    0.00000  887.00000  942.00000   17.27551
  56.00000  531.30000    0.00000    0.00000  141.80000   28.20000  852.10000  893.70000   58.79851
  28.00000  333.00000   17.50000  163.00000  167.00000   17.90000  996.00000  652.00000   47.27737
   7.00000  500.00000    0.00000    0.00000  200.00000    0.00000 1125.00000  613.00000   33.21206
   3.00000  275.07000    0.00000  121.35000  159.48000    9.90000 1053.60000  777.50000   23.80071
 100.00000  250.00000    0.00000   95.69000  191.84000    5.33000  948.90000  857.20000   41.16172
  28.00000  313.00000  145.00000    0.00000  178.00000    8.00000  867.00000  824.00000   44.38846
  14.00000  251.37000    0.00000  118.27000  188.45000    6.35000 1028.40000  757.73000   24.42813
  28.00000  298.10000    0.00000  107.00000  186.40000    6.10000  879.00000  815.20000   42.64409
  14.00000  339.00000    0.00000    0.00000  197.00000    0.00000  968.00000  781.00000   27.04125
  28.00000  153.00000  145.00000  113.00000  178.00000    8.00000 1002.00000  689.00000   25.55888
  28.00000  313.80000    0.00000  112.60000  169.90000   10.10000  925.30000  782.90000   38.46104
  14.00000  194.68000    0.00000  100.52000  170.17000    7.48000  998.00000  901.80000   24.28334
  91.00000  439.00000  177.00000    0.00000  186.00000   11.10000  884.90000  707.90000   73.29819
  28.00000  359.00000   19.00000  141.00000  154.00000   10.91000  942.00000  801.00000   62.93537
   3.00000  157.00000  236.00000    0.00000  192.00000    0.00000  935.40000  781.20000    9.69472
  28.00000  250.00000  180.00000   95.00000  159.00000    9.45000  860.00000  800.00000   67.86512
 180.00000  540.00000    0.00000    0.00000  173.00000    0.00000 1125.00000  613.00000   71.62277
  28.00000  160.20000  188.00000  146.40000  203.20000   11.30000  828.70000  709.70000   35.31427
  14.00000  213.50000    0.00000  174.24000  159.21000   11.66000 1043.60000  771.90000   29.59231
  14.00000  194.68000    0.00000  100.52000  165.62000    7.48000 1006.40000  905.90000   24.98661
  14.00000  213.72000   98.05000   24.51000  181.71000    6.86000 1065.80000  785.38000   30.38521
  28.00000  387.00000   20.00000   94.00000  157.00000   14.32000  938.00000  845.00000   50.23522
   3.00000  331.00000    0.00000    0.00000  192.00000    0.00000 1025.00000  821.00000   14.30663
  28.00000  148.00000    0.00000  137.00000  158.00000   16.00000 1002.00000  830.00000   17.95396
  28.00000  143.00000  169.40000  142.70000  190.70000    8.40000  967.40000  643.50000   29.72607
  28.00000  446.00000   24.00000   79.00000  162.00000   11.64000  967.00000  712.00000   44.42294
   3.00000  192.00000  288.00000    0.00000  192.00000    0.00000  929.80000  716.10000   12.78840
  56.00000  178.03000  129.80000  118.60000  179.94000    3.57000 1007.30000  746.80000   48.58737
  28.00000  200.00000  200.00000    0.00000  190.00000    0.00000 1145.00000  660.00000   49.24927
  28.00000  298.00000    0.00000  107.00000  164.00000   13.00000  953.00000  784.00000   35.85965
  28.00000  167.00000   75.40000  167.00000  164.03000    7.91000 1007.30000  770.10000   41.40993
  56.00000  290.35000    0.00000   96.18000  168.08000    9.41000  961.18000  865.00000   45.08484
  28.00000  275.00000  180.00000  120.00000  162.00000   10.35000  830.00000  765.00000   76.23536
  90.00000  307.00000    0.00000    0.00000  193.00000    0.00000  968.00000  812.00000   32.92248
   7.00000  387.00000   20.00000   94.00000  157.00000   13.93000  938.00000  845.00000   45.89842
  28.00000  397.00000    0.00000    0.00000  185.70000    0.00000 1040.60000  734.30000   33.08244
  28.00000  170.30000  155.50000    0.00000  185.70000    0.00000 1026.60000  724.30000   25.72642
   3.00000  200.00000  133.00000    0.00000  192.00000    0.00000  965.40000  806.20000   11.41428
 120.00000  349.00000    0.00000    0.00000  192.00000    0.00000 1056.00000  809.00000   40.85835
 365.00000  190.00000  190.00000    0.00000  228.00000    0.00000  932.00000  670.00000   53.69225
  28.00000  251.37000    0.00000  118.27000  192.94000    5.75000 1043.60000  754.30000   33.27411
  28.00000  505.00000    0.00000   60.00000  195.00000    0.00000 1030.00000  630.00000   64.01785
   7.00000  158.80000  238.20000    0.00000  185.70000    0.00000 1040.60000  734.30000    9.61750
  14.00000  213.74000    0.00000  174.74000  154.79000   10.16000 1053.50000  776.35000   33.72917
   7.00000  296.00000    0.00000    0.00000  192.00000    0.00000 1085.00000  765.00000   14.20321
  90.00000  540.00000    0.00000    0.00000  173.00000    0.00000 1125.00000  613.00000   69.65776
  28.00000  385.00000    0.00000    0.00000  186.00000    0.00000  966.00000  763.00000   31.35047
  28.00000  336.00000    0.00000    0.00000  182.00000    3.00000  986.00000  817.00000   44.86420
   7.00000  141.30000  212.00000    0.00000  203.50000    0.00000  971.80000  748.50000   10.39385
  56.00000  194.68000    0.00000  100.52000  170.17000    7.48000  998.00000  901.80000   43.38872
  28.00000  266.00000  112.00000   87.00000  178.00000   10.00000  910.00000  745.00000   39.41734
  28.00000  313.00000    0.00000  113.00000  178.00000    8.00000 1002.00000  689.00000   36.80423
  28.00000  275.07000    0.00000  121.35000  159.48000    9.90000 1053.60000  777.50000   51.33149
   3.00000  376.00000    0.00000    0.00000  214.60000    0.00000 1003.50000  762.36000   16.27853
   7.00000  255.00000    0.00000    0.00000  192.00000    0.00000  889.80000  945.00000   10.22217
   3.00000  116.00000  173.00000    0.00000  192.00000    0.00000  909.80000  891.90000    6.28044
  28.00000  255.30000   98.80000   77.00000  188.60000    6.50000  919.00000  749.30000   33.79880
  14.00000  295.71000    0.00000   95.64000  171.54000    8.87000  955.14000  859.20000   35.23222
 100.00000  178.03000  129.80000  118.60000  179.94000    3.57000 1007.30000  746.80000   49.99390
  56.00000  359.00000   19.00000  141.00000  154.00000   10.91000  942.00000  801.00000   68.75061
  14.00000  233.81000    0.00000   94.58000  197.89000    4.56700  947.04000  852.16000   22.13907
  56.00000  251.37000    0.00000  118.27000  188.45000    5.75000 1028.40000  757.73000   36.96970
   7.00000  375.00000   93.80000    0.00000  126.60000   23.40000  852.10000  992.60000   45.69847
  28.00000  387.00000   20.00000   94.00000  157.00000   11.61000  938.00000  845.00000   46.68442
  28.00000  167.95000   42.08000  163.83000  121.75000    5.72000 1058.70000  780.11000   24.24198
  56.00000  250.00000    0.00000   95.69000  191.84000    5.33000  948.90000  857.20000   39.64487
  90.00000  296.00000    0.00000    0.00000  192.00000    0.00000 1085.00000  765.00000   29.39236
   7.00000  310.00000    0.00000    0.00000  192.00000    0.00000 1012.00000  830.00000   17.24379
 100.00000  229.68000    0.00000  118.16000  195.23000    6.13000 1028.10000  757.63000   40.85835
 100.00000  213.50000    0.00000  174.24000  154.61000   11.66000 1052.30000  775.48000   59.30183
  28.00000  218.85000    0.00000  124.13000  158.49000   11.33000 1078.70000  794.91000   30.21973
  28.00000  156.00000  178.00000  187.00000  221.00000    7.00000  854.00000  614.00000   29.41305
  28.00000  145.00000    0.00000  134.00000  181.00000   11.00000  979.00000  812.00000   13.19657
  56.00000  375.00000   93.80000    0.00000  126.60000   23.40000  852.10000  992.60000   60.19815
 365.00000  475.00000    0.00000    0.00000  228.00000    0.00000  932.00000  594.00000   41.93462
  28.00000  136.40000  161.60000  125.80000  171.60000   10.40000  922.60000  764.40000   29.07313
  56.00000  284.00000   15.00000  141.00000  179.00000    5.46000  842.00000  801.00000   44.52045
 100.00000  251.37000    0.00000  118.27000  188.45000    6.35000 1028.40000  757.73000   44.20920
  28.00000  190.34000    0.00000  125.18000  166.61000    9.88000 1079.00000  798.90000   24.84872
  14.00000  500.00000    0.00000    0.00000  200.00000    0.00000 1125.00000  613.00000   36.93523
 100.00000  251.81000    0.00000   99.94000  146.14000   12.35000 1006.00000  899.76000   45.36752
   3.00000  339.00000    0.00000    0.00000  197.00000    0.00000  968.00000  781.00000   13.22415
   3.00000  480.00000    0.00000    0.00000  192.00000    0.00000  936.00000  721.00000   24.39366
   3.00000  349.00000    0.00000    0.00000  192.00000    0.00000 1047.00000  806.00000   14.98921
  91.00000  286.30000  200.90000    0.00000  144.70000   11.20000 1004.60000  803.70000   76.80073
  28.00000  322.20000    0.00000  115.60000  196.00000   10.40000  817.90000  813.40000   31.17879
   3.00000  375.00000   93.80000    0.00000  126.60000   23.40000  852.10000  992.60000   28.99936
  28.00000  145.00000    0.00000  179.00000  202.00000    8.00000  824.00000  869.00000   10.53519
  28.00000  184.00000   86.00000  190.00000  213.00000    6.00000  923.00000  623.00000   22.93197
  28.00000  252.31000    0.00000   98.75000  146.25000   14.17000  987.76000  889.01000   50.60064
  28.00000  143.60000    0.00000  174.90000  158.40000   17.90000  942.70000  844.50000   15.42358
  90.00000  254.00000    0.00000    0.00000  198.00000    0.00000  968.00000  863.00000   26.94472
  56.00000  295.71000    0.00000   95.64000  171.54000    8.87000  955.14000  859.20000   48.71837
  28.00000  168.88000   42.22000  124.25000  158.33000   10.83000 1080.80000  796.15000   31.11605
  28.00000  157.00000  214.00000  152.00000  200.00000    9.00000  819.00000  704.00000   33.05348
   7.00000  193.50000  290.20000    0.00000  185.70000    0.00000  998.20000  704.30000   17.20036
 365.00000  236.00000    0.00000    0.00000  193.00000    0.00000  968.00000  885.00000   25.08314
  28.00000  296.00000    0.00000  107.00000  221.00000   11.00000  819.00000  778.00000   31.41942
  14.00000  249.10000    0.00000   98.75000  158.11000   12.80000  987.76000  889.01000   28.68220
  56.00000  172.38000   13.61000  172.37000  156.76000    4.14000 1006.30000  856.40000   35.85275
  28.00000  239.60000  359.40000    0.00000  185.70000    0.00000  941.60000  664.30000   39.43527
  28.00000  133.00000  210.00000    0.00000  196.00000    3.00000  949.00000  795.00000   31.02642
 270.00000  525.00000    0.00000    0.00000  189.00000    0.00000 1125.00000  613.00000   67.11359
  28.00000  356.00000    0.00000  142.00000  193.00000   11.00000  801.00000  778.00000   40.86524
 100.00000  251.37000    0.00000  118.27000  188.45000    5.75000 1028.40000  757.73000   43.58178
  28.00000  153.00000  145.00000    0.00000  178.00000    8.00000 1000.00000  822.00000   19.00885
  28.00000  164.00000  163.00000  128.00000  197.00000    8.00000  961.00000  641.00000   27.23430
  28.00000  152.00000    0.00000  112.00000  184.00000    8.00000  992.00000  816.00000   12.17615
   7.00000  139.60000  209.40000    0.00000  192.00000    0.00000 1047.00000  806.90000   14.58931
   3.00000  181.38000    0.00000  167.01000  169.59000    7.56000 1055.60000  777.80000   13.62405
  28.00000  135.00000    0.00000  166.00000  180.00000   10.00000  961.00000  805.00000   13.29310
   3.00000  213.50000    0.00000  174.24000  159.21000   11.66000 1043.60000  771.90000   15.60974
   3.00000  167.35000  129.90000  128.62000  175.46000    7.79000 1006.30000  746.60000   14.94094
   3.00000  167.95000   42.08000  163.83000  121.75000    5.72000 1058.70000  780.11000    7.74971
  28.00000  310.00000  143.00000    0.00000  168.00000   10.00000  914.00000  804.00000   45.29857
  28.00000  154.80000  183.40000    0.00000  193.30000    9.10000  877.20000  867.70000   23.78692
   7.00000  108.30000  162.40000    0.00000  203.50000    0.00000  938.20000  849.00000    7.72351
  28.00000  312.70000    0.00000    0.00000  178.10000    8.00000  999.70000  822.20000   25.10382
  28.00000  388.60000   97.10000    0.00000  157.90000   12.10000  852.10000  925.70000   50.69717
   7.00000  439.00000  177.00000    0.00000  186.00000   11.10000  884.90000  707.90000   56.09577
   7.00000  173.00000  116.00000    0.00000  192.00000    0.00000  946.80000  856.80000   11.39221
  28.00000  200.00000  133.00000    0.00000  192.00000    0.00000  965.40000  806.20000   30.43968
  91.00000  425.00000  106.30000    0.00000  153.50000   16.50000  852.10000  887.10000   65.19685
  91.00000  425.00000  106.30000    0.00000  153.50000   16.50000  852.10000  887.10000   65.19685
  91.00000  379.50000  151.20000    0.00000  153.90000   15.90000 1134.30000  605.00000   56.49566
  28.00000  314.00000    0.00000  113.00000  170.00000   10.00000  925.00000  783.00000   38.45897
  28.00000  116.00000  173.00000    0.00000  192.00000    0.00000  909.80000  891.90000   22.34799
  14.00000  173.54000   50.05000  173.53000  164.77000    6.47000 1006.20000  793.50000   33.00522
 100.00000  277.19000   97.82000   24.46000  160.70000   11.19000 1061.70000  782.46000   66.94812
  28.00000  149.00000  153.00000  194.00000  192.00000    8.00000  935.00000  623.00000   24.57982
  28.00000  153.10000  145.00000  113.00000  178.50000    8.00000 1001.90000  688.70000   25.55956
  28.00000  500.00000    0.00000    0.00000  200.00000    0.00000 1125.00000  613.00000   44.09199
 100.00000  194.68000    0.00000  100.52000  165.62000    7.48000 1006.40000  905.90000   37.34202
  28.00000  155.00000  184.00000  143.00000  194.00000    9.00000  880.00000  699.00000   28.98557
  14.00000  302.00000    0.00000    0.00000  203.00000    0.00000  974.00000  817.00000   18.12632
   7.00000  300.00000    0.00000    0.00000  184.00000    0.00000 1075.00000  795.00000   15.57526
   7.00000  316.10000  210.70000    0.00000  185.70000    0.00000  977.00000  689.30000   24.43779
  28.00000  366.00000  187.00000    0.00000  191.00000    7.00000  824.00000  757.00000   65.90701
  56.00000  167.35000  129.90000  128.62000  175.46000    7.79000 1006.30000  746.60000   51.72449
  56.00000  218.85000    0.00000  124.13000  158.49000   11.33000 1078.70000  794.91000   37.26618
  90.00000  380.00000    0.00000    0.00000  228.00000    0.00000  932.00000  670.00000   52.90832
   7.00000  228.00000  342.10000    0.00000  185.70000    0.00000  955.80000  674.30000   21.91706
 100.00000  238.05000    0.00000   94.11000  186.66000    7.00000  949.91000  847.01000   44.29883
  90.00000  310.00000    0.00000    0.00000  192.00000    0.00000  970.00000  850.00000   34.68064
  28.00000  266.00000  114.00000    0.00000  228.00000    0.00000  932.00000  670.00000   45.85429
  28.00000  334.00000   17.60000  158.00000  189.00000   15.30000  967.00000  633.00000   44.32641
 270.00000  266.00000  114.00000    0.00000  228.00000    0.00000  932.00000  670.00000   51.73276
   7.00000  540.00000    0.00000    0.00000  173.00000    0.00000 1125.00000  613.00000   52.61391
  90.00000  183.90000  122.60000    0.00000  203.50000    0.00000  959.20000  800.00000   32.53293
  28.00000  182.04000   45.21000  121.97000  170.21000    8.19000 1059.40000  780.65000   31.26774
  28.00000  350.00000    0.00000    0.00000  186.00000    0.00000 1050.00000  770.00000   34.29454
   7.00000  331.00000    0.00000    0.00000  192.00000    0.00000 1025.00000  821.00000   17.43685
  56.00000  190.34000    0.00000  125.18000  161.85000    9.88000 1088.10000  802.59000   38.56239
  28.00000  236.00000  157.00000    0.00000  192.00000    0.00000  972.60000  749.10000   32.88456
 100.00000  233.81000    0.00000   94.58000  197.89000    4.56700  947.04000  852.16000   34.55654
   3.00000  173.54000   50.05000  173.53000  164.77000    6.47000 1006.20000  793.50000   23.07676
  14.00000  252.31000    0.00000   98.75000  146.25000   14.17000  987.76000  889.01000   42.29246
  28.00000  313.00000  161.00000    0.00000  178.00000   10.00000  917.00000  759.00000   52.44154
   7.00000  252.00000    0.00000    0.00000  185.00000    0.00000 1111.00000  784.00000   13.71368
  56.00000  181.38000    0.00000  167.01000  169.59000    7.56000 1055.60000  777.80000   35.57007
  28.00000  172.38000   13.61000  172.37000  156.76000    4.14000 1006.30000  856.40000   33.68780
   3.00000  295.71000    0.00000   95.64000  171.54000    8.87000  955.14000  859.20000   22.94576
  28.00000  266.20000  112.30000   87.50000  177.90000   10.40000  909.70000  744.50000   39.42148
  28.00000  287.00000  121.00000   94.00000  188.00000    9.00000  904.00000  696.00000   41.94083
   3.00000  362.60000  189.00000    0.00000  164.90000   11.60000  944.70000  755.80000   35.30117
  90.00000  250.20000  166.80000    0.00000  203.50000    0.00000  977.60000  694.10000   47.71450
   7.00000  238.10000    0.00000    0.00000  185.70000    0.00000 1118.80000  789.30000   10.33593
   7.00000  491.00000   26.00000  123.00000  201.00000    3.93000  822.00000  699.00000   37.92118
  28.00000  164.00000    0.00000  200.00000  181.00000   13.00000  849.00000  846.00000   15.08573
  56.00000  424.00000   22.00000  132.00000  178.00000    8.48000  822.00000  750.00000   65.69721
  91.00000  531.30000    0.00000    0.00000  141.80000   28.20000  852.10000  893.70000   59.19841
  28.00000  469.00000  117.20000    0.00000  137.80000   32.20000  852.10000  840.50000   66.89986
  28.00000  540.00000    0.00000    0.00000  162.00000    2.50000 1040.00000  676.00000   79.98611
   7.00000  400.00000    0.00000    0.00000  187.00000    0.00000 1025.00000  745.00000   30.14389
  14.00000  540.00000    0.00000    0.00000  173.00000    0.00000 1125.00000  613.00000   59.76378
 100.00000  165.00000  128.50000  132.10000  175.06000    8.08000 1005.80000  746.60000   55.02018
   7.00000  382.00000    0.00000    0.00000  186.00000    0.00000 1111.00000  784.00000   11.46599
  28.00000  194.68000    0.00000  100.52000  170.17000    7.48000  998.00000  901.80000   37.26618
  90.00000  500.00000    0.00000    0.00000  200.00000    0.00000 1125.00000  613.00000   47.22221
  28.00000  160.00000  250.00000    0.00000  168.00000   12.00000 1049.00000  688.00000   39.45182
  28.00000  427.50000   47.50000    0.00000  228.00000    0.00000  932.00000  594.00000   37.42752
   3.00000  401.80000   94.70000    0.00000  147.40000   11.40000  946.80000  852.10000   41.09966
  90.00000  236.00000    0.00000    0.00000  194.00000    0.00000  968.00000  885.00000   21.94602
  56.00000  313.30000  262.20000    0.00000  175.50000    8.60000 1046.90000  611.80000   64.90038
  28.00000  382.00000    0.00000    0.00000  185.00000    0.00000 1047.00000  739.00000   37.42476
  28.00000  272.80000  181.90000    0.00000  185.70000    0.00000 1012.40000  714.30000   31.38150
  28.00000  166.00000  259.70000    0.00000  183.20000   12.70000  858.80000  826.80000   37.91704
   3.00000  251.37000    0.00000  118.27000  188.45000    6.35000 1028.40000  757.73000   13.12073
  28.00000  331.00000  170.00000    0.00000  195.00000    8.00000  811.00000  802.00000   56.61287
   7.00000  359.00000   19.00000  141.00000  154.00000   10.91000  942.00000  801.00000   38.61066
  56.00000  251.37000    0.00000  118.27000  188.45000    6.35000 1028.40000  757.73000   36.63875
  28.00000  288.00000  192.00000    0.00000  192.00000    0.00000  932.00000  717.80000   38.80440
  90.00000  288.00000  192.00000    0.00000  192.00000    0.00000  932.00000  717.80000   50.52687
  28.00000  339.00000    0.00000    0.00000  185.00000    0.00000 1060.00000  754.00000   31.64695
  28.00000  500.00000    0.00000    0.00000  151.00000    9.00000 1033.00000  655.00000   69.83702
   3.00000  290.35000    0.00000   96.18000  168.08000    9.41000  961.18000  865.00000   22.50450
  28.00000  150.00000  236.80000    0.00000  173.80000   11.90000 1069.30000  674.80000   37.43165
  28.00000  362.60000  189.00000    0.00000  164.90000   11.60000  944.70000  755.80000   71.29871
  14.00000  172.38000   13.61000  172.37000  156.76000    4.14000 1006.30000  856.40000   29.75089
   7.00000  325.00000    0.00000    0.00000  184.00000    0.00000 1063.00000  783.00000   17.54027
   7.00000  210.70000  316.10000    0.00000  185.70000    0.00000  977.00000  689.30000   21.81985
 180.00000  350.00000    0.00000    0.00000  203.00000    0.00000  974.00000  775.00000   32.72253
 365.00000  307.00000    0.00000    0.00000  193.00000    0.00000  968.00000  812.00000   36.14923
  28.00000  325.60000  166.40000    0.00000  174.00000    8.90000  881.60000  790.00000   61.23581
  28.00000  181.90000  272.80000    0.00000  185.70000    0.00000 1012.40000  714.30000   27.93550
  56.00000  425.00000  106.30000    0.00000  151.40000   18.60000  936.00000  803.70000   64.90038
  56.00000  202.00000   11.00000  141.00000  206.00000    1.72000  942.00000  801.00000   23.24519
   3.00000  385.00000    0.00000    0.00000  186.00000    0.00000  966.00000  763.00000   14.69963
  56.00000  379.50000  151.20000    0.00000  153.90000   15.90000 1134.30000  605.00000   54.89608
  28.00000  446.00000   24.00000   79.00000  162.00000   11.61000  967.00000  712.00000   57.02656
  28.00000  139.60000  209.40000    0.00000  192.00000    0.00000 1047.00000  806.90000   28.23749
  28.00000  229.68000    0.00000  118.16000  195.23000    6.13000 1028.10000  757.63000   24.53845
   3.00000  362.60000  189.00000    0.00000  164.90000   11.60000  944.70000  755.80000   35.30117
   3.00000  122.60000  183.90000    0.00000  203.50000    0.00000  958.20000  800.10000    3.31983
 180.00000  322.00000    0.00000    0.00000  203.00000    0.00000  974.00000  800.00000   29.58542
  91.00000  337.90000  189.00000    0.00000  174.90000    9.50000  944.70000  755.80000   67.79618
  28.00000  350.00000    0.00000    0.00000  203.00000    0.00000  974.00000  775.00000   27.33772
  28.00000  148.50000  139.40000  108.60000  192.70000    6.10000  892.40000  780.00000   23.69660
  28.00000  516.00000    0.00000    0.00000  162.00000    8.20000  801.00000  802.00000   41.36856
  28.00000  140.00000  133.00000  103.00000  200.00000    7.00000  916.00000  753.00000   36.43881
   3.00000  323.70000  282.80000    0.00000  183.80000   10.30000  942.70000  659.90000   28.29610
   3.00000  222.36000    0.00000   96.67000  189.29000    4.46000  967.08000  870.32000   11.57630
 360.00000  139.60000  209.40000    0.00000  192.00000    0.00000 1047.00000  806.90000   44.69804
  90.00000  173.00000  116.00000    0.00000  192.00000    0.00000  946.80000  856.80000   32.10269
   3.00000  166.09000    0.00000  163.27000  176.46000    4.49000 1058.60000  780.09000   10.76272
  14.00000  212.52000    0.00000  100.37000  159.32000    8.71000 1007.80000  903.59000   26.31040
 100.00000  212.07000    0.00000  121.62000  180.31000    5.69000 1057.60000  779.32000   39.61040
