  -0.00759   -0.01784    0.01304    0.00508   -0.02594   -0.03326   -0.00610    0.00086   -0.00952
   0.00751    0.02815    0.01109    0.00761    0.00599    0.00391    0.00343    0.00619    0.02138
  -0.01744   -0.00849   -0.00421    0.00665    0.00315   -0.01799    0.00000    0.00388    0.00067
   0.00182    0.01582    0.01417    0.00811    0.01129    0.00068    0.01773    0.00852    0.01589
  -0.01322   -0.02124   -0.00274   -0.01863   -0.01709   -0.02701    0.00002   -0.01619   -0.01237
  -0.00528   -0.01964    0.00617    0.00114   -0.00019    0.00015   -0.00834    0.00057   -0.01647
  -0.00356   -0.01739    0.00255    0.00516    0.00337   -0.00852   -0.01060    0.00374   -0.00036
  -0.00647    0.00631    0.00278   -0.00940   -0.00434   -0.01570   -0.00107   -0.00416    0.00899
   0.00495    0.02759   -0.00067    0.00879    0.00806    0.01798   -0.01046    0.00736    0.00896
  -0.00486   -0.01648   -0.00292   -0.01189   -0.00522   -0.01188    0.00616   -0.00619   -0.01799
  -0.01486   -0.01301   -0.01913   -0.01803   -0.01594    0.01212   -0.02871   -0.01378   -0.00303
  -0.00021    0.01248   -0.00165   -0.00145    0.00210   -0.00652    0.00022    0.00089    0.01183
   0.00097   -0.03185    0.00384   -0.00168    0.00233    0.00522   -0.00435    0.00231   -0.02681
  -0.00250   -0.00642   -0.00481    0.00250   -0.00011    0.01284   -0.00762    0.00050   -0.01018
   0.00351    0.00879   -0.00309   -0.00287   -0.00372   -0.02008    0.00291   -0.00205    0.00340
   0.00032    0.01038   -0.00484   -0.01084   -0.00437   -0.00373    0.00891   -0.00954    0.00551
   0.02581    0.07301    0.02138    0.02086    0.02250    0.03862    0.03022    0.02122    0.05198
  -0.00175   -0.00775   -0.00510   -0.00498    0.00133    0.00748   -0.01253   -0.00163   -0.00182
   0.00976    0.02241   -0.00018   -0.00025    0.00123    0.02071   -0.00396    0.00106    0.01267
   0.00622    0.03526    0.01656    0.01498    0.01606    0.00357    0.01893    0.01509    0.02412
   0.01636    0.00609   -0.01915    0.00304    0.00102    0.01365   -0.00095    0.00360    0.00880
   0.00334   -0.00278    0.00740    0.00691    0.00394    0.01591    0.02157    0.00597   -0.00511
  -0.00335    0.00590    0.00301   -0.00181   -0.00237    0.00217    0.00071   -0.00256    0.00185
  -0.00414    0.00395    0.00459   -0.01129   -0.00808   -0.00738   -0.01057   -0.00767    0.00524
  -0.00089   -0.02009    0.00598    0.00601    0.00086   -0.00721    0.00680    0.00068   -0.01768
   0.01440    0.01538    0.02908    0.02643    0.02666    0.01160    0.02917    0.02894    0.01182
  -0.00557   -0.03503   -0.02414   -0.00630   -0.01590   -0.00284   -0.00777   -0.01097   -0.01030
  -0.00316    0.00769    0.00203    0.00572   -0.00416   -0.00873    0.00192   -0.00085    0.01257
   0.01000    0.04564    0.01183    0.01700    0.01832    0.00513    0.01373    0.02026    0.04374
  -0.00096   -0.01371   -0.02074   -0.01424   -0.01127    0.00136   -0.01194   -0.01262   -0.01307
   0.00719    0.00757    0.02322    0.00814    0.00301    0.00081    0.01421    0.00659    0.01307
  -0.01597   -0.01598   -0.01362   -0.00573   -0.01116   -0.03918   -0.00803   -0.00947   -0.00562
  -0.00319    0.00062    0.01765    0.02737    0.01630   -0.02530    0.01580    0.01762    0.00400
  -0.00556   -0.01644   -0.01007    0.00696    0.00331   -0.01221   -0.00986   -0.00018   -0.00713
  -0.01472   -0.07697   -0.01543   -0.03324   -0.02658   -0.03145   -0.00860   -0.03388   -0.05675
   0.00694   -0.00165    0.00192    0.00287   -0.00072    0.00057    0.00563    0.00057    0.00019
  -0.00146   -0.00033    0.00237    0.00674    0.00420   -0.00794   -0.00615    0.00496    0.00629
  -0.00020    0.00044    0.00077    0.00020    0.00000   -0.00614    0.00350    0.00021    0.00129
  -0.00754   -0.00634    0.00045   -0.00701   -0.00565    0.00007   -0.00458   -0.00670   -0.00502
   0.00230    0.00621    0.01784    0.00195    0.00485   -0.00785    0.02148    0.00293    0.00529
  -0.00235   -0.00924   -0.00275   -0.00064   -0.00369    0.00000   -0.00415   -0.00347   -0.00619
  -0.00601   -0.00867   -0.01030   -0.01676   -0.01663   -0.00267   -0.01149   -0.01521   -0.00652
   0.00332    0.01870    0.00353   -0.00216   -0.00212    0.02309    0.00611   -0.00329    0.01460
  -0.00647    0.00474   -0.02924   -0.01790   -0.01011   -0.02903   -0.01828   -0.01567    0.00068
   0.00417   -0.00437    0.00392    0.00289    0.00215    0.02815   -0.00534   -0.00113   -0.00178
   0.00798    0.01394    0.01352    0.02413    0.01963   -0.01017    0.00000    0.02045    0.01253
   0.02770    0.05156    0.03735    0.03011    0.01472    0.03667    0.03025    0.02035    0.03178
  -0.00229   -0.00559    0.00403   -0.00136   -0.00414    0.00952   -0.00134   -0.00386   -0.00716
   0.00292   -0.00904    0.00572    0.00403    0.00376   -0.00349    0.01353    0.00193   -0.00626
   0.01640    0.02771    0.02302    0.02425    0.01460    0.00715    0.02192    0.01813    0.01850
   0.00717    0.03100    0.01365    0.02386    0.00920   -0.00164    0.01233    0.01291    0.02647
  -0.00671   -0.02632   -0.00138   -0.01315   -0.00469   -0.00288    0.00100   -0.00985   -0.01311
   0.00393    0.00642    0.00549    0.00420    0.00710    0.01124    0.01808    0.00473    0.00478
   0.00312    0.01130   -0.00589   -0.00478   -0.00317    0.00093   -0.00427   -0.00395    0.00409
   0.00044   -0.01133    0.01047    0.00520    0.00437   -0.01669    0.00771    0.00438   -0.00681
  -0.01131   -0.00836    0.01030    0.00229    0.00718   -0.02677    0.01563    0.00439    0.00807
  -0.00685   -0.02463   -0.04663   -0.04561   -0.01317   -0.00376    0.00400   -0.01272   -0.01149
   0.00599    0.00704    0.00367   -0.00550   -0.00146    0.02147    0.00000   -0.00543    0.00120
  -0.00143    0.00089   -0.00324    0.00046   -0.00380    0.00197   -0.00327   -0.00055    0.00361
  -0.00242    0.02121   -0.01430    0.01456    0.00848    0.00067   -0.03274    0.01374    0.01605
  -0.00487   -0.00780    0.00120   -0.00977   -0.00807   -0.01126    0.00016   -0.00922   -0.01054
  -0.00518   -0.00359    0.00177    0.00016    0.00114    0.00424   -0.01131    0.00230   -0.00616
   0.00079    0.00033   -0.00257   -0.00296   -0.00471    0.00000   -0.00693   -0.00264   -0.00257
  -0.00154   -0.00133    0.00644    0.00292    0.01182   -0.02337    0.01767    0.00642    0.00574
  -0.00325    0.01846   -0.00626   -0.00699   -0.00724    0.00975   -0.02922   -0.00586    0.01508
  -0.00824    0.01287    0.00218    0.00730    0.00620   -0.02074   -0.00353    0.00674    0.01644
   0.01180    0.01568    0.00710    0.02040    0.01504    0.00158    0.00000    0.01692    0.00703
   0.00676    0.03292   -0.01210    0.00243    0.00289    0.00308    0.00141    0.00257    0.02465
   0.00252   -0.00377   -0.00102   -0.00542   -0.01048    0.01722    0.00098   -0.00890   -0.00742
   0.01308    0.04457    0.01361    0.02665    0.02238    0.00179    0.00483    0.02352    0.03116
   0.00224   -0.02346   -0.02305   -0.02048   -0.00971   -0.03167   -0.00854   -0.00720   -0.00878
  -0.00363   -0.00680    0.00337   -0.00816   -0.00861   -0.01110    0.01392   -0.00936   -0.00399
  -0.02411   -0.02966    0.00000   -0.01783   -0.00417   -0.02341   -0.04090   -0.01509   -0.01371
   0.02735    0.00829    0.02994    0.02387    0.02238   -0.02473    0.04890    0.02135    0.00541
  -0.00509    0.00153    0.04257    0.00501   -0.00773   -0.02056    0.03353   -0.00334    0.00086
   0.00213    0.00856   -0.00150    0.00368    0.00455   -0.00415    0.00956   -0.00081    0.00843
  -0.00874   -0.02681   -0.00452   -0.01572   -0.01178   -0.02504    0.01172   -0.01621   -0.02002
   0.00498    0.02210    0.00177    0.01316    0.00505   -0.00055   -0.01075    0.00850    0.01553
  -0.00868   -0.03555   -0.03403   -0.04738   -0.05095    0.00291   -0.04030   -0.04522   -0.04117
   0.00970   -0.01798    0.01303    0.01554    0.01138   -0.00270    0.01682    0.01277   -0.02159
  -0.01703   -0.01207   -0.01690   -0.02782   -0.02789   -0.00865   -0.02286   -0.02087   -0.01200
  -0.00488    0.00621   -0.00036   -0.00195   -0.00279   -0.00074   -0.00654   -0.00339    0.00527
  -0.01395   -0.00972    0.00000   -0.01205   -0.00982   -0.01387   -0.00616   -0.01053   -0.00105
   0.00173    0.01349    0.01242    0.00722    0.00712   -0.01163    0.00611    0.00540    0.01004
  -0.00225    0.02047   -0.00098   -0.00263   -0.00226   -0.01636   -0.01283   -0.00412    0.02576
  -0.00448   -0.01145    0.00367   -0.00719   -0.00368   -0.01348    0.00417   -0.00847   -0.00823
   0.00332    0.00290    0.00004   -0.00234   -0.00675    0.01002    0.00030   -0.00399    0.00152
  -0.00231   -0.00359    0.00286   -0.00737   -0.01058   -0.01941    0.01378   -0.00795   -0.00092
  -0.00726    0.02136    0.00829    0.00338   -0.00459   -0.01333    0.00440   -0.00007    0.01756
   0.02998    0.03678    0.02549    0.04002    0.01979    0.01617    0.02392    0.02299    0.02813
   0.00615    0.01018   -0.00259   -0.00466   -0.00163    0.00668    0.00000   -0.00372   -0.00059
   0.00505    0.00611    0.01313    0.00831    0.01058    0.00564   -0.00193    0.00950    0.00218
   0.00419    0.01861   -0.00837   -0.00806   -0.00902    0.01228   -0.00506   -0.00664    0.00074
   0.00790    0.02147    0.00148    0.00477    0.00365   -0.01341   -0.01546    0.00563    0.01135
   0.00350    0.00840   -0.00261   -0.01473   -0.01257   -0.00014   -0.00141   -0.00971    0.00404
  -0.00728    0.00029    0.00487   -0.00455   -0.01132   -0.00711   -0.00695   -0.01013   -0.00455
   0.00084    0.00281    0.02596   -0.00006    0.01057    0.01305    0.00489    0.00163    0.01117
  -0.00983    0.02444    0.00838    0.00778    0.00056   -0.01403   -0.00281    0.00653    0.03187
   0.00297    0.00469    0.00091   -0.00028    0.00517    0.00222   -0.00556    0.00294    0.00195
  -0.00003    0.03428   -0.00171    0.01544    0.00872    0.00128   -0.00686    0.00999    0.03402
   0.00421    0.00634    0.00449    0.00583    0.00763    0.00425    0.00887    0.00538    0.00055
   0.00037    0.00353   -0.00750    0.00815    0.00736    0.00494   -0.00384    0.00566   -0.00122
   0.00201    0.00681   -0.01444   -0.00437    0.00453   -0.01875   -0.00673    0.00038    0.01050
   0.00601   -0.00088    0.02064    0.00214   -0.01360    0.00289    0.01584   -0.00420    0.00189
   0.00610    0.01020   -0.01072   -0.01280    0.00851    0.02616    0.00000   -0.00099    0.00498
   0.00553    0.01278   -0.00568   -0.00309   -0.00449    0.01378    0.00905   -0.00465    0.00599
   0.00477    0.00179    0.00372    0.01225    0.00964    0.00000    0.00421    0.01264   -0.00304
   0.02242    0.03679    0.02074    0.01565    0.02470    0.03240    0.02416    0.02040    0.02689
   0.01028   -0.00928   -0.00038    0.00427    0.00617    0.00546    0.00296    0.00639   -0.01132
   0.01393   -0.00666    0.00000    0.00333    0.00285    0.00698    0.02101    0.00287   -0.00950
   0.00099   -0.00071    0.03085    0.00869    0.00998   -0.00627    0.01945    0.01294    0.00019
  -0.00211    0.01630   -0.00171    0.00090   -0.00444    0.00729   -0.01281   -0.00037    0.00955
   0.00311   -0.00066    0.00083   -0.00640   -0.00572    0.01219   -0.00852   -0.00512    0.00203
  -0.00437   -0.01000   -0.00053   -0.00556   -0.00590    0.00000    0.00758   -0.00640   -0.00631
  -0.01044   -0.03165   -0.00130   -0.00829   -0.01837   -0.01141   -0.00711   -0.01009   -0.01784
   0.00244    0.03711    0.01542    0.01303    0.02109    0.00141    0.01647    0.01968    0.04145
  -0.00972   -0.02058    0.00644   -0.01228   -0.00302   -0.02601    0.00218   -0.01182   -0.00490
   0.00896    0.01405   -0.00223   -0.00398   -0.00116    0.00902   -0.00134   -0.00125    0.01141
   0.00473    0.00695   -0.00403   -0.00404    0.00176    0.00443    0.00451   -0.00021    0.00165
  -0.00558   -0.01841   -0.02175   -0.00961   -0.00598    0.00203   -0.00821   -0.01183   -0.01854
   0.00515    0.02219    0.00005    0.00331    0.00819    0.00799    0.01141    0.00569    0.02473
  -0.01310   -0.00045   -0.00457    0.01830    0.00412    0.00257   -0.01362    0.00679    0.00933
   0.00072   -0.01453    0.01092   -0.00618   -0.00812    0.00180    0.01094   -0.00812   -0.01190
  -0.00484   -0.00296   -0.02958   -0.03886   -0.02482   -0.00644   -0.01012   -0.02615   -0.00559
   0.00054    0.01695   -0.00204    0.01417    0.00498   -0.00448   -0.00928    0.00912    0.01013
  -0.00183   -0.03563    0.00008    0.00468   -0.02428    0.02885    0.00000   -0.01376   -0.03004
  -0.00178   -0.01642   -0.00047    0.00159   -0.00071   -0.00548   -0.01329    0.00054   -0.01758
   0.00812    0.01251    0.00850   -0.00347   -0.00431   -0.00642    0.00578   -0.00147    0.00838
   0.00924    0.00345    0.00356    0.00255    0.00653    0.01893    0.02239    0.00749    0.00489
  -0.00144    0.00638   -0.00122    0.00822    0.00405    0.01051   -0.01049    0.00697    0.00638
  -0.00615   -0.00952   -0.02385   -0.02540   -0.02208    0.01471    0.00008   -0.01826   -0.00589
  -0.01552   -0.01421    0.00451   -0.00299   -0.00281   -0.01757   -0.00466   -0.00523   -0.00121
   0.00173    0.01501   -0.00596    0.01961    0.01143   -0.01041   -0.00611    0.01590    0.01187
  -0.00682   -0.01875   -0.00185   -0.00482   -0.00586    0.00107   -0.00742   -0.00546   -0.00784
  -0.00515    0.00667    0.00350   -0.00137   -0.00009   -0.00802   -0.00886    0.00225    0.00448
   0.01092    0.03228    0.00753    0.00679    0.00629    0.02545    0.00487    0.00856    0.02204
   0.00677    0.00660    0.01510    0.01357    0.01692   -0.00249    0.01628    0.01451    0.00667
   0.00230    0.01189   -0.02063    0.00263   -0.01050    0.03266   -0.02295   -0.00392    0.00330
  -0.00973   -0.01398   -0.01462   -0.01263   -0.01517   -0.01342   -0.01260   -0.01537   -0.00455
   0.00013   -0.00033    0.00148   -0.00324   -0.00894    0.00857    0.00080   -0.00444   -0.00033
   0.00775    0.02217    0.00140    0.01188    0.01435    0.00238    0.00576    0.01382    0.01963
  -0.00501   -0.00928    0.01059   -0.01217   -0.00965   -0.00643    0.00986   -0.01053   -0.00544
  -0.00373   -0.00434   -0.00943   -0.01627   -0.00714    0.00000   -0.00508   -0.00989   -0.00455
   0.00602    0.01011    0.00860    0.00582    0.00351    0.00805    0.01203    0.00462    0.00637
  -0.00019    0.00582   -0.00140    0.00144    0.00000    0.00036    0.00579    0.00419    0.00322
   0.00877    0.01548    0.00279    0.02614    0.01552    0.01960   -0.00744    0.01597    0.01201
   0.00817    0.01752    0.01125    0.01087    0.01914    0.00000    0.00000    0.00963    0.02400
   0.01699    0.03232    0.00650    0.02701    0.01175    0.00425   -0.00285    0.02101    0.02405
  -0.00381   -0.03100   -0.00890    0.00925    0.00619   -0.01052    0.00619    0.00699   -0.03002
   0.00840    0.01448    0.01592    0.00000    0.01602    0.00000    0.00000    0.01678    0.01023
  -0.00190   -0.01222    0.00000   -0.00605   -0.00579   -0.00813   -0.00511   -0.00776   -0.00581
   0.00877    0.03181    0.00779    0.00846    0.01287    0.00416    0.01892    0.01134    0.02543
  -0.00603   -0.00770   -0.01600   -0.00399   -0.00674    0.00430   -0.02644   -0.00475   -0.00883
   0.00319    0.01024    0.00582    0.01077    0.00775   -0.01428    0.01047    0.00899    0.00829
  -0.01355   -0.02492   -0.03289   -0.00846   -0.01526    0.00000   -0.02338   -0.01771   -0.01208
  -0.00247    0.00423    0.00061   -0.01240    0.00213    0.00000   -0.01002    0.00018    0.00073
   0.00241    0.00458    0.00000    0.00920    0.01174    0.00153    0.00439    0.01099   -0.00605
   0.00788    0.01746   -0.00181    0.01268    0.00741    0.01783   -0.00113    0.01186    0.01006
   0.00051    0.02606   -0.00467   -0.00398    0.00670    0.00132    0.00316    0.00356    0.02001
   0.00619    0.00876    0.02226    0.02502    0.01884   -0.00626    0.01952    0.02151    0.00711
   0.00618    0.00406    0.00562   -0.00082    0.00142    0.01853    0.00487    0.00009    0.00675
   0.00776    0.01745    0.01348    0.00161    0.00690    0.00750    0.00296    0.00273   -0.00051
   0.00295   -0.00136    0.00168    0.00267    0.00000   -0.00504   -0.00272    0.00525   -0.00408
   0.00802   -0.00783   -0.00105   -0.00589   -0.00114    0.02698   -0.00613   -0.00271   -0.01371
   0.00333    0.00588   -0.00056    0.00257    0.00384    0.01797    0.00478    0.00099   -0.00033
   0.00720    0.01421   -0.00252    0.00241    0.01172    0.01019   -0.00230    0.00626    0.01395
   0.00423   -0.00254    0.00074   -0.00211   -0.00430    0.01535    0.00352   -0.00337   -0.00764
  -0.00380   -0.01621    0.00069   -0.00318   -0.00276   -0.00809    0.00252   -0.00334   -0.01277
   0.01111    0.01376    0.00000   -0.00588    0.00573    0.00000    0.00000    0.00052    0.01596
  -0.01425   -0.00325   -0.00279   -0.00032   -0.00642   -0.00171   -0.02390   -0.00302    0.00482
   0.00041   -0.02027   -0.03368   -0.02026   -0.02477    0.01772   -0.01475   -0.02311   -0.02053
  -0.00312   -0.02245   -0.00322   -0.00687   -0.00310   -0.00544    0.00724   -0.00585   -0.01935
   0.00271   -0.00727    0.01247   -0.00159   -0.00518   -0.01134   -0.00320   -0.00569    0.00579
   0.00894    0.01671    0.00803    0.01638    0.00969   -0.00074    0.00318    0.01206    0.01253
  -0.00945   -0.00412   -0.01280    0.00016    0.00060   -0.02898   -0.01604   -0.00190   -0.00444
  -0.01909   -0.03561   -0.00053   -0.01564   -0.01745   -0.01513   -0.01629   -0.01974   -0.02592
   0.02309    0.02477    0.01137    0.01034    0.01241    0.02696    0.02058    0.01086    0.01378
  -0.00909   -0.02363    0.00000   -0.00447   -0.00531   -0.00400   -0.01651   -0.00582   -0.01502
   0.00003    0.00356   -0.00022    0.00278    0.00148    0.00806   -0.00781    0.00160   -0.00274
   0.00502    0.00540    0.00421    0.00963    0.00867   -0.00599    0.00000    0.00710    0.01233
   0.00112   -0.00807    0.01491   -0.00661   -0.00201   -0.02481    0.03490   -0.00083   -0.00623
  -0.02103   -0.02844   -0.03151   -0.03389   -0.03155   -0.01280   -0.03561   -0.03490   -0.02182
  -0.00210   -0.01923    0.00122   -0.00790    0.00023   -0.03566   -0.00709   -0.01117    0.00796
  -0.00147   -0.00040   -0.00405    0.00096    0.00757   -0.00685   -0.01048    0.00567    0.00239
  -0.01015   -0.04274   -0.00269   -0.00695   -0.01080    0.00103   -0.00242   -0.00776   -0.03098
   0.00392    0.01088   -0.01225   -0.00394    0.00674    0.00154   -0.01640   -0.00078    0.00711
   0.00424    0.01105   -0.00131   -0.00206    0.00000    0.00000    0.00508    0.00658    0.00904
   0.01002    0.01265    0.02908    0.01193    0.00912    0.01091    0.02522    0.01517    0.01020
  -0.00454   -0.01537    0.00138    0.00033   -0.00274    0.00036   -0.00468   -0.00215   -0.01556
   0.02532    0.10062    0.04303    0.05163    0.05032    0.01590    0.04025    0.06704    0.06895
  -0.01411   -0.02566   -0.02858   -0.02125   -0.02471   -0.02741   -0.02155   -0.02491   -0.01730
   0.00123    0.00667    0.00790    0.00000    0.00616    0.00370    0.00216    0.00000    0.00608
  -0.00346   -0.00893   -0.00403   -0.01168   -0.00760   -0.00041    0.00000   -0.01095   -0.00562
   0.00230    0.00298    0.01114    0.00451    0.00722    0.00768    0.00181    0.00650    0.00350
   0.01733    0.00819   -0.00386    0.01215    0.00916    0.02402    0.00605    0.00996    0.00425
   0.00269   -0.01363    0.03163   -0.01414   -0.00179    0.03130    0.02315   -0.00568   -0.00712
   0.02744    0.03604    0.02920    0.03023    0.02535    0.00080    0.04841    0.02704    0.03251
   0.04780    0.01562    0.03869    0.02750    0.02172    0.06123    0.06379    0.01564    0.01626
   0.00371    0.01470    0.00304   -0.00342    0.00368    0.01536    0.00383    0.00048    0.01260
  -0.01138   -0.01734   -0.01188    0.00166   -0.00315   -0.01395   -0.01170   -0.00262   -0.00762
  -0.00318    0.01396    0.00288    0.00313    0.00235    0.01069   -0.02266    0.00276    0.02451
   0.00734   -0.00650    0.00819    0.00393   -0.00023    0.02253    0.00871    0.00094   -0.01040
   0.00362    0.00966   -0.00016    0.00300   -0.00333    0.02669   -0.00326   -0.00007    0.00039
  -0.00696   -0.00619   -0.01016    0.00226    0.00055   -0.01984   -0.01696    0.00220   -0.00683
  -0.00400    0.00486   -0.00698   -0.00031   -0.00650    0.01661   -0.00342   -0.00220    0.00820
   0.00213    0.00410    0.00260   -0.00142   -0.00387    0.00096    0.00343   -0.00136   -0.00118
   0.00361    0.00821    0.00547    0.01459    0.01454   -0.00725   -0.00343    0.01337    0.00222
   0.00223    0.00245    0.00073    0.00197    0.00662   -0.00389    0.00000    0.00392    0.00730
  -0.00596   -0.00033    0.00508    0.00085   -0.00099   -0.00468    0.00309   -0.00159    0.00849
   0.00115   -0.00318    0.01289    0.00971    0.00682    0.01614    0.00884    0.00923   -0.00684
  -0.00483   -0.00027    0.00176   -0.01767   -0.00614    0.00000    0.00357   -0.01222    0.01545
  -0.00218    0.00868    0.00140   -0.00747   -0.00447    0.01536    0.00000   -0.00336    0.00267
   0.01076    0.01619    0.00074   -0.00533   -0.00502    0.01868    0.00527   -0.00240    0.01083
   0.01175    0.02705    0.00580    0.00889    0.00430    0.01162   -0.00314    0.00599    0.01991
   0.00688    0.00852    0.00214    0.00504    0.00184   -0.00271    0.00072    0.00250   -0.00117
  -0.00265    0.00685   -0.00213    0.00597   -0.00405    0.01425   -0.00723   -0.00062    0.00698
   0.01784    0.02222    0.02200    0.02367    0.01783    0.00200    0.02675    0.01905    0.01699
  -0.01486   -0.02637   -0.00332   -0.00127    0.00179   -0.01460   -0.03002    0.00055   -0.01632
   0.00133    0.01218    0.00337   -0.00142    0.00531   -0.00232    0.00375    0.00113    0.00953
   0.02341    0.06128   -0.00688    0.03781    0.00491    0.03329   -0.00425    0.01756    0.04284
   0.01133   -0.02518   -0.01731    0.00305   -0.00485    0.00059    0.01760   -0.00032   -0.01549
   0.00304    0.01340    0.00624    0.00193    0.00795    0.00572    0.01837    0.00697    0.00860
  -0.00164    0.00852   -0.00808    0.00551    0.00430   -0.00396   -0.01355    0.00581    0.00845
  -0.01303   -0.02039   -0.01383   -0.01756   -0.02113    0.00384   -0.03607   -0.01920   -0.02236
  -0.00665   -0.00095   -0.01997    0.00623    0.00679    0.03336   -0.00936    0.00338    0.00292
  -0.01054   -0.04330   -0.00101   -0.01434   -0.00755    0.00994    0.00540   -0.01009   -0.03201
   0.00261    0.01080    0.00128    0.00526    0.00305   -0.00675   -0.00325    0.00247    0.00862
   0.00212    0.00778    0.00000    0.00974    0.00340   -0.00834    0.00729    0.00530    0.01110
   0.00205    0.00920    0.00715    0.00496    0.00514    0.00000    0.00498    0.00614    0.00849
  -0.00097    0.01799   -0.00771    0.02040    0.01078    0.00183    0.00000    0.01425    0.00966
  -0.00368    0.00271    0.00581   -0.00227   -0.00399   -0.00214   -0.00409   -0.00556    0.00350
  -0.00543   -0.02670   -0.00514   -0.00157   -0.00153   -0.00068   -0.01278   -0.00307   -0.01531
   0.00360    0.00715   -0.02237   -0.02425    0.00000    0.00357   -0.01200   -0.01797    0.00822
  -0.00012   -0.01850   -0.00033   -0.00199   -0.00035   -0.00954   -0.00037   -0.00299   -0.01427
  -0.00115   -0.01498    0.00224    0.00395   -0.00069    0.00735   -0.00962    0.00192   -0.01408
  -0.00262    0.01224    0.01335    0.01643    0.00872    0.00231    0.01026    0.01108    0.02103
   0.00420    0.00429   -0.00335   -0.00751   -0.00199    0.01072    0.00884   -0.00318   -0.00183
   0.00024   -0.00470    0.00736    0.00008   -0.00363   -0.00860    0.00309   -0.00076   -0.01020
   0.00107    0.00816    0.00051    0.00681    0.00660   -0.00257   -0.00308    0.00814    0.00238
   0.00331    0.00844   -0.00151   -0.01169   -0.00424   -0.01124    0.00511   -0.00919    0.00153
  -0.00672   -0.00802   -0.01695   -0.01445   -0.01524    0.00047   -0.01895   -0.01780    0.00017
   0.01534    0.01959    0.01642    0.01127    0.00749    0.02945    0.02533    0.01313    0.00691
   0.01165    0.01695    0.01274    0.01316    0.02193    0.01791    0.00261    0.01900    0.01176
   0.00923   -0.00257    0.01037    0.00367   -0.00332    0.01935    0.01075   -0.00103    0.00757
   0.02210    0.03587    0.03301    0.04418    0.02375    0.00559    0.03872    0.02997    0.03457
   0.00414   -0.00168    0.00000    0.00000    0.00000    0.01321    0.00000    0.00368   -0.00081
  -0.02343   -0.01727    0.00133   -0.01955   -0.01433   -0.05045    0.03031   -0.01207    0.00066
  -0.00233   -0.02448    0.00656    0.00566    0.00915    0.00280    0.00816    0.00706   -0.01558
  -0.01477   -0.02083    0.00174   -0.02742   -0.00761    0.00000   -0.00848   -0.01409   -0.01489
   0.00750    0.00937    0.00311    0.00041    0.01507    0.00847    0.00921    0.01053    0.00292
   0.00302    0.04294   -0.00844   -0.00196   -0.00271    0.03766   -0.00438   -0.00007    0.03647
  -0.00074   -0.00606   -0.00333   -0.00674   -0.00501    0.00326    0.00461   -0.00405   -0.00944
  -0.00076    0.01527   -0.00771    0.00221    0.00904    0.00688   -0.01455    0.00841    0.01317
   0.01869    0.03407    0.00771   -0.00066    0.01114    0.05026   -0.00351    0.00619    0.00321
  -0.01189   -0.01762   -0.02366   -0.02763   -0.02649    0.00419   -0.03488   -0.02902   -0.01408
   0.00445    0.01155    0.00000    0.00000    0.00000    0.00470    0.00000    0.00000    0.01003
   0.00731    0.00555   -0.01154    0.00332    0.00204    0.02033    0.00102    0.00265    0.00167
   0.00533    0.00571    0.00055    0.00041    0.00136    0.00463    0.00694    0.00059    0.00796
  -0.00832   -0.03160   -0.00330   -0.00140   -0.00046   -0.02399   -0.00772   -0.00598   -0.02534
   0.00361    0.04076   -0.00135    0.00521    0.00476   -0.00662   -0.00291    0.00518    0.03627
  -0.01588   -0.00713    0.00000    0.00284    0.00000   -0.00584   -0.01931   -0.00244    0.00139
   0.01642    0.00055    0.02305    0.00851    0.00636    0.01827    0.01872    0.00456   -0.00497
