   0.20595    0.04040    0.32883    0.72727    0.19949  122.53900
   0.06225    0.02172    0.24324    0.45455    1.00000  128.97100
   0.01832    0.07071    0.00000    0.27273    0.19949  133.26100
   0.28995    0.00253    0.78378    0.00000    0.19949  114.71400
   0.02806    0.03030    0.14865    0.27273    1.00000  131.07400
   0.58123    0.19192    0.88739    0.09091    1.00000  113.04500
   0.01832    0.09091    0.00000    0.27273    0.19949  133.25100
   0.06771    0.30808    0.42793    0.00000    0.60101  124.22200
   0.01584    0.19192    0.00000    0.27273    0.60101  129.50000
   0.03644    0.14899    0.14865    0.27273    0.00000  128.25200
   0.02286    0.49495    0.00000    0.45455    0.60101  119.25300
   0.05020    0.11616    0.00000    1.00000    0.00000  120.75500
   0.06225    0.03030    0.24324    0.45455    1.00000  131.28100
   0.20787    0.09091    0.40090    0.27273    0.19949  119.04000
   0.09899    0.09091    0.23874    0.72727    0.19949  117.91100
   0.03004    0.11616    0.00000    0.72727    1.00000  128.35400
   0.05020    0.07071    0.00000    1.00000    0.00000  122.36500
   0.07554    0.07071    0.30180    0.27273    1.00000  136.67800
   0.04189    0.39394    0.00000    1.00000    0.60101  116.47600
   0.90411    0.11616    0.70270    0.27273    0.19949  110.26400
   0.17307    0.01010    0.32883    0.72727    1.00000  139.43800
   0.09301    0.09091    0.18018    1.00000    0.19949  120.96300
   0.00815    1.00000    0.21622    0.00000    0.60101  121.28400
   0.58123    0.02172    0.88739    0.09091    1.00000  128.36500
   0.08702    0.19192    0.37838    0.09091    0.60101  122.61200
   0.03679    0.14899    0.00000    0.72727    0.19949  124.62500
   0.09321    0.03030    0.37838    0.09091    0.00000  128.24600
   0.06771    0.01010    0.42793    0.00000    0.60101  120.95200
   0.21763    0.00253    0.57207    0.00000    0.19949  121.54700
   0.07670    0.30808    0.24324    0.45455    0.19949  116.67700
   0.00623    0.30808    0.00000    0.09091    0.60101  132.79600
   0.35240    0.30808    0.44595    0.45455    0.60101  110.55500
   0.03263    0.04040    0.00000    0.72727    0.60101  128.29000
   0.04714    0.14899    0.09009    0.72727    0.60101  123.74200
   0.03263    0.30808    0.00000    0.72727    0.60101  118.41000
   0.20787    0.04040    0.40090    0.27273    0.19949  129.58000
   0.21763    0.49495    0.57207    0.00000    0.19949  116.01700
   0.00874    0.04040    0.21622    0.00000    0.19949  122.95600
   0.32579    0.00253    0.44595    0.45455    1.00000  135.32900
   0.00772    0.24242    0.21622    0.00000    1.00000  135.46800
   0.04361    0.02172    0.09009    0.72727    1.00000  127.35600
   0.07890    0.03030    0.18018    1.00000    1.00000  131.75500
   0.42885    0.03030    0.44595    0.45455    0.00000  125.53900
   0.03513    0.79798    0.12162    0.45455    1.00000  110.36400
   0.00674    0.49495    0.00000    0.09091    0.19949  125.99800
   0.03121    0.19192    0.14865    0.27273    0.60101  127.22900
   0.32579    0.11616    0.44595    0.45455    1.00000  119.63900
   0.22180    0.05303    0.32883    0.72727    0.00000  120.50900
   0.08702    0.01010    0.37838    0.09091    0.60101  121.58200
   0.74685    0.11616    0.70270    0.27273    1.00000  118.99800
   0.00815    0.07071    0.21622    0.00000    0.60101  121.47400
   0.09899    0.03030    0.23874    0.72727    0.19949  129.49100
   0.42885    0.30808    0.44595    0.45455    0.00000  108.68900
   0.04361    0.07071    0.09009    0.72727    1.00000  127.79600
   0.22180    0.01010    0.32883    0.72727    0.00000  130.26900
   0.28995    0.07071    0.78378    0.00000    0.19949  127.61400
   0.09321    0.02172    0.37838    0.09091    0.00000  125.85600
   0.82597    0.14899    0.56757    0.45455    1.00000  113.33400
   0.01897    0.11616    0.00000    0.27273    0.00000  132.00300
   0.01584    0.14899    0.00000    0.27273    0.60101  131.78000
   0.06215    0.05303    0.18018    0.72727    1.00000  131.71800
   0.20307    0.19192    0.57207    0.00000    1.00000  131.80800
   0.05284    0.02172    0.09009    0.72727    0.19949  127.41700
   0.06225    0.11616    0.24324    0.45455    1.00000  127.59100
   0.21763    0.01010    0.57207    0.00000    0.19949  125.52700
   0.27070    0.02172    0.78378    0.00000    1.00000  122.60600
   0.49275    0.14899    0.69369    0.09091    0.00000  118.04500
   0.03535    0.30808    0.14865    0.27273    0.19949  120.85100
   0.23567    0.00000    0.50450    0.09091    1.00000  125.94100
   0.03263    0.24242    0.00000    0.72727    0.60101  122.41000
   0.03513    0.19192    0.12162    0.45455    1.00000  126.53400
   0.22180    0.09091    0.32883    0.72727    0.00000  115.30900
   0.39531    0.11616    0.44595    0.45455    0.19949  116.29500
   0.06778    0.07071    0.24324    0.45455    0.60101  130.56700
   0.07263    0.11616    0.42793    0.00000    0.00000  130.08600
   0.04361    0.11616    0.09009    0.72727    1.00000  127.00600
   0.00623    0.09091    0.00000    0.09091    0.60101  131.45600
   0.08085    0.00581    0.18018    0.72727    0.00000  123.60900
   0.17080    0.30808    0.40090    0.27273    1.00000  117.25300
   0.02806    0.05303    0.14865    0.27273    1.00000  132.30400
   0.06771    0.03030    0.42793    0.00000    0.60101  128.08200
   0.46184    0.30808    0.69369    0.09091    0.60101  112.93000
   0.06215    0.04040    0.18018    0.72727    1.00000  131.70800
   0.02641    0.07071    0.00000    0.45455    0.19949  131.01300
   0.08085    0.07071    0.18018    0.72727    0.00000  125.22900
   0.04361    0.49495    0.09009    0.72727    1.00000  113.08600
   0.06215    0.03030    0.18018    0.72727    1.00000  130.68800
   0.03004    0.39394    0.00000    0.72727    1.00000  118.02400
   0.00815    0.39394    0.21622    0.00000    0.60101  132.18400
   0.08702    0.24242    0.37838    0.09091    0.60101  115.81200
   0.20787    0.01010    0.40090    0.27273    0.19949  135.54000
   0.08437    0.02172    0.13514    1.00000    0.00000  128.69800
   0.03263    0.03030    0.00000    0.72727    0.60101  127.53000
   0.06778    0.14899    0.24324    0.45455    0.60101  121.58700
   0.01897    0.19192    0.00000    0.27273    0.00000  126.93300
   0.07554    0.03030    0.30180    0.27273    1.00000  134.47800
   0.17080    0.14899    0.40090    0.27273    1.00000  123.26300
   0.90411    0.00581    0.70270    0.27273    0.19949  122.75400
   0.06069    0.02172    0.06757    1.00000    0.19949  128.31100
   0.05728    0.04040    0.09009    0.72727    0.00000  130.30700
   0.18565    0.14899    0.32883    0.72727    0.60101  117.13400
   0.21763    0.09091    0.57207    0.00000    0.19949  129.56700
   0.03121    0.30808    0.14865    0.27273    0.60101  123.83900
   0.62786    0.04040    0.55405    0.27273    0.60101  125.48400
   0.00914    0.05303    0.21622    0.00000    0.00000  127.40800
   0.08263    0.04040    0.23874    0.72727    1.00000  134.00000
   0.46184    0.00000    0.69369    0.09091    0.60101  122.94000
   0.42885    0.01515    0.44595    0.45455    0.00000  127.17900
   0.00914    0.02172    0.21622    0.00000    0.00000  120.07800
   0.20595    0.03030    0.32883    0.72727    0.19949  126.29900
   0.00914    0.01515    0.21622    0.00000    0.00000  116.12800
   0.17307    0.00581    0.32883    0.72727    1.00000  139.80800
   0.02641    0.49495    0.00000    0.45455    0.19949  115.41300
   0.06225    0.04040    0.24324    0.45455    1.00000  133.20100
   0.02286    0.01515    0.00000    0.45455    0.60101  120.57300
   0.00623    0.04040    0.00000    0.09091    0.60101  125.58600
   0.90411    0.01010    0.70270    0.27273    0.19949  120.48400
   0.00623    0.05303    0.00000    0.09091    0.60101  127.07600
   0.06561    0.05303    0.42793    0.00000    1.00000  131.65600
   0.32579    0.07071    0.44595    0.45455    1.00000  121.78900
   0.27070    0.39394    0.78378    0.00000    1.00000  115.46600
   0.03121    0.04040    0.14865    0.27273    0.60101  131.12900
   0.08263    0.01515    0.23874    0.72727    1.00000  129.88000
   0.06778    0.05303    0.24324    0.45455    0.60101  130.77700
   0.39531    0.09091    0.44595    0.45455    0.19949  117.92500
   0.00772    0.39394    0.21622    0.00000    1.00000  131.51800
   0.06215    0.39394    0.18018    0.72727    1.00000  112.84800
   0.38790    0.14899    1.00000    0.00000    0.19949  120.85600
   0.48023    0.24242    0.69369    0.09091    0.19949  114.45300
   0.06698    0.07071    0.18018    0.72727    0.60101  128.26400
   0.20307    0.04040    0.57207    0.00000    1.00000  131.69800
   0.82597    0.11616    0.56757    0.45455    1.00000  115.23400
   0.21763    0.07071    0.57207    0.00000    0.19949  129.97700
   0.02806    0.04040    0.14865    0.27273    1.00000  131.43400
   0.00000    0.30808    0.00000    0.00000    1.00000  134.98700
   0.07263    0.30808    0.42793    0.00000    0.00000  120.72600
   0.03900    0.49495    0.00000    1.00000    1.00000  115.39100
   0.90411    0.07071    0.70270    0.27273    0.19949  114.55400
   0.20307    0.09091    0.57207    0.00000    1.00000  134.22800
   0.62201    0.01515    0.88739    0.09091    0.19949  128.44400
   0.36230    0.03030    1.00000    0.00000    1.00000  123.22700
   0.08437    0.05303    0.37838    0.09091    1.00000  132.08600
   0.00000    0.11616    0.00000    0.00000    1.00000  133.70700
   0.00000    0.39394    0.00000    0.00000    1.00000  129.86700
   0.07263    0.09091    0.42793    0.00000    0.00000  130.49600
   0.05728    0.02172    0.09009    0.72727    0.00000  129.05700
   0.05020    0.30808    0.00000    1.00000    0.00000  113.77500
   0.08263    0.14899    0.23874    0.72727    1.00000  123.12000
   0.06069    0.62121    0.06757    1.00000    0.19949  106.11100
   0.42885    0.24242    0.44595    0.45455    0.00000  109.94900
   0.28995    0.05303    0.78378    0.00000    0.19949  131.36400
   0.20595    0.19192    0.32883    0.72727    0.19949  114.07900
   0.22180    0.03030    0.32883    0.72727    0.00000  123.20900
   0.02065    0.24242    0.00000    0.45455    1.00000  126.45700
   0.04714    0.07071    0.09009    0.72727    0.60101  126.75200
   0.32579    0.30808    0.44595    0.45455    1.00000  112.03900
   0.28995    0.24242    0.78378    0.00000    0.19949  119.85400
   0.04189    0.07071    0.00000    1.00000    0.60101  126.98600
   0.09301    0.01010    0.18018    1.00000    0.19949  128.63300
   0.03535    0.19192    0.14865    0.27273    0.19949  124.88100
   0.12273    0.24242    0.32432    0.45455    1.00000  118.34300
   0.27874    0.02172    0.78378    0.00000    0.60101  122.41100
   0.06648    0.30808    0.13514    1.00000    1.00000  116.13400
   0.03263    0.19192    0.00000    0.72727    0.60101  123.41000
   0.90411    0.14899    0.70270    0.27273    0.19949  109.25400
   0.25249    0.01010    0.50450    0.09091    0.19949  130.67000
   0.07263    0.24242    0.42793    0.00000    0.00000  124.42600
   0.06771    0.11616    0.42793    0.00000    0.60101  134.15200
   0.08368    0.01515    0.24324    0.45455    0.00000  129.68100
   0.06561    0.07071    0.42793    0.00000    1.00000  133.75600
   0.44865    0.24242    0.69369    0.09091    1.00000  119.13500
   0.00709    0.09091    0.00000    0.09091    0.00000  133.01000
   0.57539    0.14899    0.55405    0.27273    1.00000  120.79800
   0.02286    0.79798    0.00000    0.45455    0.60101  112.80300
   0.38790    0.11616    1.00000    0.00000    0.19949  121.30600
   0.04189    0.24242    0.00000    1.00000    0.60101  119.60600
   0.07554    0.05303    0.30180    0.27273    1.00000  137.65800
   0.04005    0.19192    0.00000    0.72727    0.00000  122.03500
   0.08085    0.11616    0.18018    0.72727    0.00000  120.20900
   0.44865    0.07071    0.69369    0.09091    1.00000  130.06500
   0.00709    0.07071    0.00000    0.09091    0.00000  131.01000
   0.05020    0.00253    0.00000    1.00000    0.00000  118.59500
   0.00674    0.07071    0.00000    0.09091    0.19949  130.90800
   0.04361    0.19192    0.09009    0.72727    1.00000  124.08600
   0.03004    0.30808    0.00000    0.72727    1.00000  122.04400
   0.07109    0.03030    0.13514    1.00000    0.60101  129.94900
   0.06215    0.11616    0.18018    0.72727    1.00000  124.33800
   0.00000    1.00000    0.00000    0.00000    1.00000  123.21700
   0.25249    0.07071    0.50450    0.09091    0.19949  126.54000
   0.03263    0.05303    0.00000    0.72727    0.60101  127.91000
   0.82597    0.03030    0.56757    0.45455    1.00000  123.05400
   0.00067    0.39394    0.00000    0.00000    0.00000  137.20700
   0.27874    0.24242    0.78378    0.00000    0.60101  118.94100
   0.82597    0.19192    0.56757    0.45455    1.00000  108.03400
   0.08085    0.24242    0.18018    0.72727    0.00000  115.96900
   0.04714    0.02172    0.09009    0.72727    0.60101  126.84200
   0.14982    0.49495    0.32432    0.45455    0.19949  110.86800
   0.08263    0.09091    0.23874    0.72727    1.00000  125.89000
   0.04656    0.11616    0.00000    1.00000    0.19949  121.39900
   0.07109    0.04040    0.13514    1.00000    0.60101  129.32900
   0.21763    0.04040    0.57207    0.00000    0.19949  130.94700
   0.00020    0.39394    0.00000    0.00000    0.60101  136.16300
   0.01771    0.19192    0.18919    0.09091    1.00000  133.59800
   0.07109    0.01010    0.13514    1.00000    0.60101  126.15900
   0.35240    0.11616    0.44595    0.45455    0.60101  118.36500
   0.07855    0.09091    0.13514    1.00000    0.19949  120.53200
   0.44865    0.00000    0.69369    0.09091    1.00000  123.59500
   0.04714    0.19192    0.09009    0.72727    0.60101  122.23200
   0.07670    0.02172    0.24324    0.45455    0.19949  132.35700
   0.27874    0.30808    0.78378    0.00000    0.60101  114.86100
   0.00914    0.04040    0.21622    0.00000    0.00000  125.34800
   0.05020    0.19192    0.00000    1.00000    0.00000  118.14500
   0.06698    0.01515    0.18018    0.72727    0.60101  127.31400
   0.05020    0.00581    0.00000    1.00000    0.00000  122.76500
   0.38790    0.24242    1.00000    0.00000    0.19949  118.81600
   0.74685    0.02172    0.70270    0.27273    1.00000  122.28800
   0.04361    0.03030    0.09009    0.72727    1.00000  128.21600
   0.05284    0.01515    0.09009    0.72727    0.19949  125.15700
   0.23567    0.01010    0.50450    0.09091    1.00000  129.28100
   0.08368    0.01010    0.24324    0.45455    0.00000  127.78100
   0.35240    0.01515    0.44595    0.45455    0.60101  127.81500
   0.09899    0.30808    0.23874    0.72727    0.19949  112.54100
   0.08085    0.19192    0.18018    0.72727    0.00000  118.85900
   0.12273    0.07071    0.32432    0.45455    1.00000  130.89300
   0.09301    0.00581    0.18018    1.00000    0.19949  126.84300
   0.00586    0.24242    0.00000    0.09091    1.00000  134.43000
   0.35240    0.07071    0.44595    0.45455    0.60101  119.87500
   0.07109    0.07071    0.13514    1.00000    0.60101  124.43900
   0.42885    0.19192    0.44595    0.45455    0.00000  111.45900
   0.07263    0.14899    0.42793    0.00000    0.00000  128.53600
   0.04005    0.24242    0.00000    0.72727    0.00000  120.50500
   0.06698    0.01010    0.18018    0.72727    0.60101  123.27400
   0.06771    0.19192    0.42793    0.00000    0.60101  131.58200
   0.44865    0.04040    0.69369    0.09091    1.00000  131.86500
   0.32579    0.09091    0.44595    0.45455    1.00000  120.77900
   0.46184    0.02172    0.69369    0.09091    0.60101  129.33000
   0.02919    0.07071    0.00000    0.45455    0.00000  130.81700
   0.27070    0.00581    0.78378    0.00000    1.00000  115.84600
   0.82597    0.07071    0.56757    0.45455    1.00000  120.53400
   0.04189    0.02172    0.00000    1.00000    0.60101  127.69600
   0.08437    0.14899    0.37838    0.09091    1.00000  131.96600
   0.01832    0.05303    0.00000    0.27273    0.19949  132.27100
   0.03121    0.39394    0.14865    0.27273    0.60101  120.56900
   0.69687    0.05303    0.55405    0.27273    0.19949  121.16500
   0.06771    0.24242    0.42793    0.00000    0.60101  128.41200
   0.07477    0.00581    0.18018    0.72727    0.19949  122.22900
   0.00674    0.62121    0.00000    0.09091    0.19949  123.98800
   0.71495    0.07071    0.55405    0.27273    0.00000  114.47700
   0.38790    0.02172    1.00000    0.00000    0.19949  137.02600
   0.62786    0.05303    0.55405    0.27273    0.60101  124.21400
   0.07554    0.04040    0.30180    0.27273    1.00000  136.75800
   0.20787    0.01515    0.40090    0.27273    0.19949  133.79000
   0.04189    0.14899    0.00000    1.00000    0.60101  123.23600
   0.08368    0.24242    0.24324    0.45455    0.00000  115.69100
   0.09070    0.07071    0.37838    0.09091    0.19949  130.96500
   0.06778    0.39394    0.24324    0.45455    0.60101  114.92700
   0.02919    0.05303    0.00000    0.45455    0.00000  131.46700
   0.00914    0.03030    0.21622    0.00000    0.00000  122.64800
   0.06561    0.02172    0.42793    0.00000    1.00000  125.72600
   0.01584    0.04040    0.00000    0.27273    0.60101  129.80000
   0.06648    0.01515    0.13514    1.00000    1.00000  128.45400
   0.00815    0.09091    0.21622    0.00000    0.60101  125.05400
   0.04361    0.05303    0.09009    0.72727    1.00000  128.81600
   0.18565    0.07071    0.32883    0.72727    0.60101  123.35400
   0.07063    0.01515    0.42793    0.00000    0.19949  123.89400
   0.06069    0.00581    0.06757    1.00000    0.19949  121.85100
   0.12273    0.03030    0.32432    0.45455    1.00000  136.02300
   0.46184    0.00253    0.69369    0.09091    0.60101  124.17000
   0.02806    0.49495    0.14865    0.27273    1.00000  116.69400
   0.25249    0.00000    0.50450    0.09091    0.19949  125.01000
   0.09070    0.09091    0.37838    0.09091    0.19949  129.96500
   0.04714    0.30808    0.09009    0.72727    0.60101  118.71200
   0.17080    0.01515    0.40090    0.27273    1.00000  138.52300
   0.08702    0.09091    0.37838    0.09091    0.60101  133.04200
   0.62201    0.14899    0.88739    0.09091    0.19949  113.00400
   0.22180    0.00581    0.32883    0.72727    0.00000  130.23900
   0.04189    0.49495    0.00000    1.00000    0.60101  113.07600
   0.14982    0.09091    0.32432    0.45455    0.19949  120.22800
   0.48023    0.14899    0.69369    0.09091    0.19949  120.51300
   0.00709    0.11616    0.00000    0.09091    0.00000  134.87000
   0.04656    0.01010    0.00000    1.00000    0.19949  124.80900
   0.90411    0.02172    0.70270    0.27273    0.19949  118.08400
   0.17307    0.30808    0.32883    0.72727    1.00000  115.81800
   0.71495    0.09091    0.55405    0.27273    0.00000  110.44700
   0.20787    0.00253    0.40090    0.27273    0.19949  134.34000
   0.04714    0.09091    0.09009    0.72727    0.60101  124.61200
   0.36230    0.07071    1.00000    0.00000    1.00000  131.81700
   0.00586    0.49495    0.00000    0.09091    1.00000  128.74000
   0.08437    0.11616    0.37838    0.09091    1.00000  134.22600
   0.01832    0.24242    0.00000    0.27273    0.19949  126.02100
   0.00709    0.30808    0.00000    0.09091    0.00000  130.34000
   0.00000    0.24242    0.00000    0.00000    1.00000  136.83700
   0.07063    0.05303    0.42793    0.00000    0.19949  130.96400
   0.09899    0.04040    0.23874    0.72727    0.19949  125.58100
   0.25249    0.19192    0.50450    0.09091    0.19949  115.52000
   0.27874    0.05303    0.78378    0.00000    0.60101  129.30100
   0.20307    0.30808    0.57207    0.00000    1.00000  125.39800
   0.02641    0.14899    0.00000    0.45455    0.19949  125.60300
   0.05114    0.49495    0.06757    1.00000    1.00000  113.49200
   0.01941    0.19192    0.18919    0.09091    0.19949  131.80700
   0.04361    0.01010    0.09009    0.72727    1.00000  125.11600
   0.27874    0.00253    0.78378    0.00000    0.60101  110.49100
   0.03900    0.05303    0.00000    1.00000    1.00000  125.95100
   0.00000    0.62121    0.00000    0.00000    1.00000  133.20700
   0.07263    0.00000    0.42793    0.00000    0.00000  119.14600
   0.17307    0.09091    0.32883    0.72727    1.00000  122.70800
   0.38790    0.09091    1.00000    0.00000    0.19949  121.25600
   0.03004    0.09091    0.00000    0.72727    1.00000  128.24400
   0.82597    0.01010    0.56757    0.45455    1.00000  127.09400
   0.06778    0.04040    0.24324    0.45455    0.60101  132.12700
   0.03513    0.04040    0.12162    0.45455    1.00000  128.77400
   0.01396    0.49495    0.00000    0.27273    1.00000  123.30500
   0.46184    0.01010    0.69369    0.09091    0.60101  126.50000
   0.29757    0.01010    0.78378    0.00000    0.00000  120.76600
   0.82597    0.24242    0.56757    0.45455    1.00000  108.03400
   0.05114    0.05303    0.06757    1.00000    1.00000  125.87200
   0.00048    0.39394    0.00000    0.00000    0.19949  135.86600
   0.00709    0.04040    0.00000    0.09091    0.00000  126.78000
   0.57539    0.05303    0.55405    0.27273    1.00000  126.64800
   0.09301    0.19192    0.18018    1.00000    0.19949  115.86300
   0.03900    0.03030    0.00000    1.00000    1.00000  126.20100
   0.04005    0.03030    0.00000    0.72727    0.00000  130.72500
   0.08368    0.07071    0.24324    0.45455    0.00000  123.76100
   0.01396    0.24242    0.00000    0.27273    1.00000  130.79500
   0.36230    0.14899    1.00000    0.00000    1.00000  124.12700
   1.00000    0.07071    0.56757    0.45455    0.19949  110.78000
   0.06648    0.01010    0.13514    1.00000    1.00000  127.56400
   0.09070    0.04040    0.37838    0.09091    0.19949  130.19500
   0.00874    0.30808    0.21622    0.00000    0.19949  134.33600
   0.07063    0.00253    0.42793    0.00000    0.19949  116.92400
   0.05284    0.00581    0.09009    0.72727    0.19949  120.13700
   0.01832    0.02172    0.00000    0.27273    0.19949  125.40100
   0.06225    0.24242    0.24324    0.45455    1.00000  120.06100
   0.01832    0.39394    0.00000    0.27273    0.19949  122.34100
   0.05728    0.03030    0.09009    0.72727    0.00000  130.30700
   0.03900    0.79798    0.00000    1.00000    1.00000  108.72100
   0.08085    0.01515    0.18018    0.72727    0.00000  128.93900
   0.17080    0.19192    0.40090    0.27273    1.00000  120.24300
   0.08702    0.03030    0.37838    0.09091    0.60101  128.56200
   0.07554    0.14899    0.30180    0.27273    1.00000  124.45800
   0.01771    0.14899    0.18919    0.09091    1.00000  133.72800
   0.02806    0.24242    0.14865    0.27273    1.00000  127.05400
   0.03900    0.11616    0.00000    1.00000    1.00000  125.57100
   0.62786    0.30808    0.55405    0.27273    0.60101  110.12400
   0.00586    0.09091    0.00000    0.09091    1.00000  131.06000
   0.36230    0.24242    1.00000    0.00000    1.00000  125.72700
   0.00772    0.14899    0.21622    0.00000    1.00000  133.37800
   0.27874    0.01515    0.78378    0.00000    0.60101  119.62100
   0.09530    0.03030    0.30180    0.27273    0.00000  132.88600
   1.00000    0.00253    0.56757    0.45455    0.19949  115.89000
   0.69687    0.30808    0.55405    0.27273    0.19949  107.98500
   0.00914    0.30808    0.21622    0.00000    0.00000  132.89800
   0.01897    0.30808    0.00000    0.27273    0.00000  124.25300
   0.21763    0.01515    0.57207    0.00000    0.19949  127.12700
   0.00674    0.04040    0.00000    0.09091    0.19949  127.63800
   0.00674    0.30808    0.00000    0.09091    0.19949  131.91800
   0.29757    0.07071    0.78378    0.00000    0.00000  126.84600
   0.00709    0.24242    0.00000    0.09091    0.00000  133.23000
   0.04361    0.30808    0.09009    0.72727    1.00000  120.78600
   0.06698    0.30808    0.18018    0.72727    0.60101  117.15400
   0.62786    0.00253    0.55405    0.27273    0.60101  133.29400
   0.20307    0.39394    0.57207    0.00000    1.00000  120.53800
   0.74685    0.00581    0.70270    0.27273    1.00000  133.80800
   0.07263    0.07071    0.42793    0.00000    0.00000  131.03600
   0.22180    0.02172    0.32883    0.72727    0.00000  126.18900
   0.62201    0.03030    0.88739    0.09091    0.19949  119.17400
   0.09070    0.19192    0.37838    0.09091    0.19949  118.95500
   0.02919    0.02172    0.00000    0.45455    0.00000  125.99700
   0.01396    0.02172    0.00000    0.27273    1.00000  124.15500
   0.27874    0.00000    0.78378    0.00000    0.60101  109.95100
   0.18565    0.19192    0.32883    0.72727    0.60101  117.28400
   0.07263    0.00581    0.42793    0.00000    0.00000  122.76600
   0.03900    0.04040    0.00000    1.00000    1.00000  125.20100
   0.05020    0.09091    0.00000    1.00000    0.00000  122.37500
   0.06648    0.11616    0.13514    1.00000    1.00000  124.02400
   0.27070    0.03030    0.78378    0.00000    1.00000  124.27600
   0.05284    0.11616    0.09009    0.72727    0.19949  121.39700
   0.02286    0.07071    0.00000    0.45455    0.60101  130.18300
   0.01584    0.11616    0.00000    0.27273    0.60101  133.04000
   0.69687    0.07071    0.55405    0.27273    0.19949  117.87500
   0.06698    0.39394    0.18018    0.72727    0.60101  112.52400
   0.03644    0.24242    0.14865    0.27273    0.00000  122.08200
   0.03900    0.62121    0.00000    1.00000    1.00000  112.24100
   0.03644    0.02172    0.14865    0.27273    0.00000  128.95200
   0.06771    0.02172    0.42793    0.00000    0.60101  125.45200
   0.00586    0.04040    0.00000    0.09091    1.00000  129.45000
   0.07890    0.02172    0.18018    1.00000    1.00000  131.61500
   0.00914    0.07071    0.21622    0.00000    0.00000  128.71800
   0.44865    0.05303    0.69369    0.09091    1.00000  130.84500
   0.49275    0.05303    0.69369    0.09091    0.00000  123.25500
   0.00874    0.19192    0.21622    0.00000    0.19949  134.99600
   0.07477    0.01010    0.18018    0.72727    0.19949  123.87900
   0.20787    0.03030    0.40090    0.27273    0.19949  130.94000
   0.02641    0.01515    0.00000    0.45455    0.19949  119.51300
   0.44865    0.39394    0.69369    0.09091    1.00000  112.67500
   0.03513    0.02172    0.12162    0.45455    1.00000  127.40400
   0.20595    0.30808    0.32883    0.72727    0.19949  110.83900
   0.46184    0.09091    0.69369    0.09091    0.60101  127.04000
   0.02641    0.03030    0.00000    0.45455    0.19949  127.90300
   0.28995    0.00581    0.78378    0.00000    0.19949  115.14400
   0.02286    0.03030    0.00000    0.45455    0.60101  126.71300
   0.02286    0.11616    0.00000    0.45455    0.60101  127.76300
   0.08368    0.14899    0.24324    0.45455    0.00000  118.29100
   0.23567    0.02172    0.50450    0.09091    1.00000  133.61100
   0.00067    0.14899    0.00000    0.00000    0.00000  135.22700
   0.07109    0.05303    0.13514    1.00000    0.60101  127.32900
   0.35240    0.03030    0.44595    0.45455    0.60101  126.56500
   0.08437    0.30808    0.13514    1.00000    0.00000  109.71800
   0.09070    0.03030    0.37838    0.09091    0.19949  128.43500
   0.14982    0.39394    0.32432    0.45455    0.19949  111.58800
   0.27874    0.14899    0.78378    0.00000    0.60101  124.10100
   0.07554    0.09091    0.30180    0.27273    1.00000  134.56800
   0.36230    0.02172    1.00000    0.00000    1.00000  120.65700
   0.03263    0.02172    0.00000    0.72727    0.60101  126.16000
   0.01832    0.04040    0.00000    0.27273    0.19949  130.78100
   0.35240    0.00000    0.44595    0.45455    0.60101  131.95500
   0.03535    0.02172    0.14865    0.27273    0.19949  127.25100
   0.03513    0.62121    0.12162    0.45455    1.00000  113.03400
   0.23567    0.00581    0.50450    0.09091    1.00000  128.38100
   0.05284    0.09091    0.09009    0.72727    0.19949  122.79700
   0.20595    0.14899    0.32883    0.72727    0.19949  114.30900
   0.71495    0.30808    0.55405    0.27273    0.00000  107.26700
   0.06069    0.19192    0.06757    1.00000    0.19949  117.74100
   0.01584    0.39394    0.00000    0.27273    0.60101  124.45000
   0.71495    0.14899    0.55405    0.27273    0.00000  110.30700
   0.05020    0.24242    0.00000    1.00000    0.00000  115.64500
   0.06771    0.09091    0.42793    0.00000    0.60101  134.05200
   0.00020    1.00000    0.00000    0.00000    0.60101  121.93300
   0.01941    0.39394    0.18919    0.09091    0.19949  120.39700
   0.01584    0.30808    0.00000    0.27273    0.60101  127.73000
   0.01396    0.30808    0.00000    0.27273    1.00000  129.39500
   0.48023    0.30808    0.69369    0.09091    0.19949  109.66300
   0.46184    0.07071    0.69369    0.09091    0.60101  128.20000
   0.07670    0.04040    0.24324    0.45455    0.19949  130.50700
   0.69687    0.14899    0.55405    0.27273    0.19949  113.05500
   0.01832    0.11616    0.00000    0.27273    0.19949  132.61100
   0.02919    0.39394    0.00000    0.45455    0.00000  117.95700
   0.09301    0.04040    0.18018    1.00000    0.19949  128.72300
   0.82597    0.00253    0.56757    0.45455    1.00000  129.74400
   0.20307    0.07071    0.57207    0.00000    1.00000  134.52800
   0.09321    0.07071    0.37838    0.09091    0.00000  129.29600
   0.82597    0.04040    0.56757    0.45455    1.00000  122.04400
   0.08085    0.30808    0.18018    0.72727    0.00000  112.69900
   0.22180    0.04040    0.32883    0.72727    0.00000  119.09900
   0.00874    0.24242    0.21622    0.00000    0.19949  135.42600
   0.00815    0.30808    0.21622    0.00000    0.60101  135.16400
   0.07109    0.19192    0.13514    1.00000    0.60101  118.68900
   0.04005    0.07071    0.00000    0.72727    0.00000  125.62500
   0.27070    0.11616    0.78378    0.00000    1.00000  126.74600
   0.05020    0.05303    0.00000    1.00000    0.00000  124.35500
   1.00000    0.19192    0.56757    0.45455    0.19949  104.50000
   0.48023    0.07071    0.69369    0.09091    0.19949  124.84300
   0.00048    0.79798    0.00000    0.00000    0.19949  124.98600
   0.07477    0.02172    0.18018    0.72727    0.19949  129.57900
   0.01897    0.04040    0.00000    0.27273    0.00000  131.31300
   0.00914    0.39394    0.21622    0.00000    0.00000  127.00800
   0.71495    0.05303    0.55405    0.27273    0.00000  118.76700
   0.03263    0.01515    0.00000    0.72727    0.60101  123.78000
   0.02065    0.19192    0.00000    0.45455    1.00000  128.85700
   0.27874    0.11616    0.78378    0.00000    0.60101  124.93100
   0.58123    0.09091    0.88739    0.09091    1.00000  120.05500
   0.01941    0.24242    0.18919    0.09091    0.19949  129.77700
   0.32579    0.00000    0.44595    0.45455    1.00000  134.31900
   0.90411    0.03030    0.70270    0.27273    0.19949  118.96400
   0.20595    0.00000    0.32883    0.72727    0.19949  130.98900
   0.00586    0.39394    0.00000    0.09091    1.00000  130.89000
   0.01941    0.14899    0.18919    0.09091    0.19949  133.58700
   1.00000    0.30808    0.56757    0.45455    0.19949  103.38000
   0.17307    0.00000    0.32883    0.72727    1.00000  138.75800
   0.05728    0.30808    0.09009    0.72727    0.00000  115.13700
   0.74685    0.01010    0.70270    0.27273    1.00000  134.05800
   0.14982    0.03030    0.32432    0.45455    0.19949  132.35800
   0.00674    0.14899    0.00000    0.09091    0.19949  135.93800
   0.39531    0.07071    0.44595    0.45455    0.19949  118.54500
   0.06698    0.19192    0.18018    0.72727    0.60101  120.65400
   0.62201    0.04040    0.88739    0.09091    0.19949  118.90400
   0.05114    0.62121    0.06757    1.00000    1.00000  109.22200
   0.27070    0.01515    0.78378    0.00000    1.00000  119.80600
   0.06069    0.01515    0.06757    1.00000    0.19949  126.66100
   0.07855    0.19192    0.13514    1.00000    0.19949  116.79200
   0.07890    0.00581    0.18018    1.00000    1.00000  128.17500
   0.62201    0.00253    0.88739    0.09091    0.19949  127.22400
   0.62201    0.09091    0.88739    0.09091    0.19949  117.72400
   0.09070    0.05303    0.37838    0.09091    0.19949  131.20500
   0.08263    0.03030    0.23874    0.72727    1.00000  133.48000
   0.03004    0.14899    0.00000    0.72727    1.00000  127.83400
   0.58123    0.14899    0.88739    0.09091    1.00000  116.22500
   0.08297    0.09091    0.30180    0.27273    0.60101  129.65300
   1.00000    0.01515    0.56757    0.45455    0.19949  114.90000
   0.07890    0.11616    0.18018    1.00000    1.00000  123.77500
   0.69687    0.19192    0.55405    0.27273    0.19949  110.90500
   0.03679    0.03030    0.00000    0.72727    0.19949  130.20500
   0.14982    0.01515    0.32432    0.45455    0.19949  132.65800
   0.71495    0.11616    0.55405    0.27273    0.00000  110.31700
   0.27070    0.14899    0.78378    0.00000    1.00000  126.53600
   0.29757    0.05303    0.78378    0.00000    0.00000  128.30600
   0.08437    0.05303    0.13514    1.00000    0.00000  124.83800
   0.08297    0.01515    0.30180    0.27273    0.60101  129.34300
   0.06215    0.62121    0.18018    0.72727    1.00000  114.25800
   0.74685    0.09091    0.70270    0.27273    1.00000  119.88800
   0.23567    0.14899    0.50450    0.09091    1.00000  127.14100
   0.00709    0.14899    0.00000    0.09091    0.00000  135.49000
   0.00874    0.49495    0.21622    0.00000    0.19949  126.06600
   0.18565    0.05303    0.32883    0.72727    0.60101  125.72400
   0.58123    0.00581    0.88739    0.09091    1.00000  121.23500
   0.06069    0.05303    0.06757    1.00000    0.19949  125.21100
   0.09530    0.02172    0.30180    0.27273    0.00000  132.11600
   0.39531    0.00253    0.44595    0.45455    0.19949  128.33500
   0.06648    0.04040    0.13514    1.00000    1.00000  129.00400
   0.58123    0.01515    0.88739    0.09091    1.00000  126.99500
   0.03121    0.02172    0.14865    0.27273    0.60101  126.59900
   0.04656    0.00253    0.00000    1.00000    0.19949  119.31900
   0.01584    0.09091    0.00000    0.27273    0.60101  132.54000
   0.12273    0.09091    0.32432    0.45455    1.00000  128.64300
   0.17080    0.00253    0.40090    0.27273    1.00000  134.53300
   0.49275    0.01010    0.69369    0.09091    0.00000  123.70500
   0.03535    0.07071    0.14865    0.27273    0.19949  133.07100
   0.90411    0.01515    0.70270    0.27273    0.19949  115.30400
   0.08263    0.05303    0.23874    0.72727    1.00000  133.38000
   0.06215    0.49495    0.18018    0.72727    1.00000  113.10800
   0.01396    0.62121    0.00000    0.27273    1.00000  119.37500
   0.20307    0.03030    0.57207    0.00000    1.00000  130.34800
   0.00586    0.14899    0.00000    0.09091    1.00000  135.07000
   0.17080    0.03030    0.40090    0.27273    1.00000  137.81300
   0.42885    0.00253    0.44595    0.45455    0.00000  128.55900
   0.02065    0.39394    0.00000    0.45455    1.00000  122.52700
   0.00874    0.02172    0.21622    0.00000    0.19949  118.69600
   0.27070    0.04040    0.78378    0.00000    1.00000  125.81600
   0.46184    0.19192    0.69369    0.09091    0.60101  120.92000
   0.20307    0.00581    0.57207    0.00000    1.00000  122.93800
   0.42885    0.09091    0.44595    0.45455    0.00000  116.85900
   0.03679    0.01515    0.00000    0.72727    0.19949  126.19500
   0.20787    0.00000    0.40090    0.27273    0.19949  133.42000
   0.12273    0.39394    0.32432    0.45455    1.00000  113.33300
   0.09899    0.01010    0.23874    0.72727    0.19949  131.22100
   0.08263    0.30808    0.23874    0.72727    1.00000  116.92000
   0.01897    0.02172    0.00000    0.27273    0.00000  126.41300
   0.06215    0.19192    0.18018    0.72727    1.00000  121.72800
   0.02065    0.04040    0.00000    0.45455    1.00000  127.30700
   0.01771    0.09091    0.18919    0.09091    1.00000  129.84800
   0.62201    0.02172    0.88739    0.09091    0.19949  120.32400
   0.58123    0.07071    0.88739    0.09091    1.00000  120.57500
   0.07063    0.00000    0.42793    0.00000    0.19949  116.07400
   1.00000    0.04040    0.56757    0.45455    0.19949  114.67000
   0.02286    0.05303    0.00000    0.45455    0.60101  129.95300
   0.69687    0.11616    0.55405    0.27273    0.19949  113.31500
   0.07670    0.11616    0.24324    0.45455    0.19949  120.49700
   0.42885    0.14899    0.44595    0.45455    0.00000  112.20900
   0.18565    0.11616    0.32883    0.72727    0.60101  118.99400
   0.23567    0.05303    0.50450    0.09091    1.00000  136.19100
   0.08297    0.05303    0.30180    0.27273    0.60101  136.88300
   0.07670    0.00581    0.24324    0.45455    0.19949  125.34700
   0.06561    0.11616    0.42793    0.00000    1.00000  135.95600
   0.08437    0.14899    0.13514    1.00000    0.00000  118.10800
   0.49275    0.07071    0.69369    0.09091    0.00000  121.48500
   0.38790    0.00581    1.00000    0.00000    0.19949  120.71600
   0.06069    0.11616    0.06757    1.00000    0.19949  120.98100
   0.04656    0.09091    0.00000    1.00000    0.19949  123.68900
   0.04005    0.14899    0.00000    0.72727    0.00000  123.44500
   0.18565    0.01010    0.32883    0.72727    0.60101  135.92400
   0.08437    0.09091    0.37838    0.09091    1.00000  134.47600
   0.35240    0.00253    0.44595    0.45455    0.60101  133.23500
   0.17307    0.01515    0.32883    0.72727    1.00000  136.79800
   0.03535    0.09091    0.14865    0.27273    0.19949  132.30100
   0.07263    0.01010    0.42793    0.00000    0.00000  124.75600
   0.03900    0.19192    0.00000    1.00000    1.00000  123.06100
   0.00020    0.09091    0.00000    0.00000    0.60101  127.62300
   0.27070    0.24242    0.78378    0.00000    1.00000  123.12600
   0.20787    0.19192    0.40090    0.27273    0.19949  116.22000
   0.08437    0.01515    0.13514    1.00000    0.00000  127.54800
   0.00623    0.19192    0.00000    0.09091    0.60101  134.94600
   0.08085    0.00253    0.18018    0.72727    0.00000  120.18900
   0.07855    0.39394    0.13514    1.00000    0.19949  110.65200
   0.07855    0.24242    0.13514    1.00000    0.19949  115.79200
   0.07109    0.24242    0.13514    1.00000    0.60101  117.30900
   0.39531    0.00000    0.44595    0.45455    0.19949  127.31500
   0.14982    0.04040    0.32432    0.45455    0.19949  128.33800
   0.46184    0.04040    0.69369    0.09091    0.60101  130.40000
   0.07109    0.01515    0.13514    1.00000    0.60101  128.17900
   0.02641    0.30808    0.00000    0.45455    0.19949  121.31300
   0.02919    0.14899    0.00000    0.45455    0.00000  124.20700
   0.44865    0.11616    0.69369    0.09091    1.00000  127.62500
   0.00772    0.49495    0.21622    0.00000    1.00000  127.39800
   0.57539    0.19192    0.55405    0.27273    1.00000  118.01800
   0.32579    0.04040    0.44595    0.45455    1.00000  126.34900
   0.04656    0.00581    0.00000    1.00000    0.19949  122.77900
   0.17080    0.11616    0.40090    0.27273    1.00000  123.62300
   0.07855    0.04040    0.13514    1.00000    0.19949  128.31200
   0.00623    0.03030    0.00000    0.09091    0.60101  124.33600
   0.27874    0.19192    0.78378    0.00000    0.60101  121.77100
   0.06215    0.79798    0.18018    0.72727    1.00000  112.76800
   0.00020    0.24242    0.00000    0.00000    0.60101  135.80300
   0.20307    0.11616    0.57207    0.00000    1.00000  134.05800
   0.08437    0.11616    0.13514    1.00000    0.00000  119.59800
   0.14982    0.24242    0.32432    0.45455    0.19949  113.28800
   0.02286    0.39394    0.00000    0.45455    0.60101  121.90300
   0.07063    0.30808    0.42793    0.00000    0.19949  120.32400
   0.07855    0.05303    0.13514    1.00000    0.19949  125.80200
   0.62786    0.09091    0.55405    0.27273    0.60101  118.56400
   0.82597    0.00000    0.56757    0.45455    1.00000  128.35400
   0.06069    0.07071    0.06757    1.00000    0.19949  122.21100
   0.06648    0.24242    0.13514    1.00000    1.00000  118.13400
   0.05020    0.04040    0.00000    1.00000    0.00000  127.36500
   0.02641    0.02172    0.00000    0.45455    0.19949  124.40300
   0.05728    0.01515    0.09009    0.72727    0.00000  126.67700
   0.23567    0.19192    0.50450    0.09091    1.00000  122.47100
   0.00586    0.11616    0.00000    0.09091    1.00000  131.31000
   0.07890    0.09091    0.18018    1.00000    1.00000  124.39500
   0.09530    0.09091    0.30180    0.27273    0.00000  120.44600
   0.12273    0.01515    0.32432    0.45455    1.00000  132.04300
   0.03535    0.05303    0.14865    0.27273    0.19949  133.21100
   0.03004    0.07071    0.00000    0.72727    1.00000  129.13400
   0.07477    0.11616    0.18018    0.72727    0.19949  119.64900
   0.07477    0.04040    0.18018    0.72727    0.19949  129.96900
   0.05728    0.05303    0.09009    0.72727    0.00000  128.67700
   0.62786    0.07071    0.55405    0.27273    0.60101  121.82400
   0.07063    0.03030    0.42793    0.00000    0.19949  129.01400
   0.90411    0.05303    0.70270    0.27273    0.19949  118.21400
   0.07477    0.24242    0.18018    0.72727    0.19949  117.64900
   0.00815    0.49495    0.21622    0.00000    0.60101  126.94400
   0.90411    0.24242    0.70270    0.27273    0.19949  106.22400
   0.28995    0.01515    0.78378    0.00000    0.19949  117.51400
   0.44865    0.09091    0.69369    0.09091    1.00000  129.28500
   0.01771    0.24242    0.18919    0.09091    1.00000  132.82800
   0.08297    0.04040    0.30180    0.27273    0.60101  137.23300
   0.02806    0.14899    0.14865    0.27273    1.00000  132.11400
   0.82597    0.09091    0.56757    0.45455    1.00000  117.50400
   0.03679    0.04040    0.00000    0.72727    0.19949  130.43500
   0.06648    0.14899    0.13514    1.00000    1.00000  121.51400
   0.03535    0.14899    0.14865    0.27273    0.19949  128.40100
   0.82597    0.02172    0.56757    0.45455    1.00000  123.30400
   0.69687    0.01010    0.55405    0.27273    0.19949  128.26500
   0.46184    0.05303    0.69369    0.09091    0.60101  130.00000
   0.08085    0.05303    0.18018    0.72727    0.00000  128.11900
   0.20595    0.00581    0.32883    0.72727    0.19949  132.14900
   0.00815    0.14899    0.21622    0.00000    0.60101  132.35400
   0.90411    0.30808    0.70270    0.27273    0.19949  104.20400
   0.03263    0.11616    0.00000    0.72727    0.60101  126.54000
   0.09899    0.11616    0.23874    0.72727    0.19949  116.15100
   0.02641    0.11616    0.00000    0.45455    0.19949  126.86300
   0.01941    0.09091    0.18919    0.09091    0.19949  132.58700
   0.12273    0.00581    0.32432    0.45455    1.00000  128.71300
   0.09301    0.03030    0.18018    1.00000    0.19949  130.72300
   0.03679    0.05303    0.00000    0.72727    0.19949  129.39500
   0.09301    0.02172    0.18018    1.00000    0.19949  131.07300
   0.04656    0.02172    0.00000    1.00000    0.19949  128.62900
   0.17307    0.07071    0.32883    0.72727    1.00000  125.72800
   0.18565    0.30808    0.32883    0.72727    0.60101  111.53400
   0.58123    0.01010    0.88739    0.09091    1.00000  123.86500
   1.00000    0.09091    0.56757    0.45455    0.19949  109.52000
   0.82597    0.30808    0.56757    0.45455    1.00000  107.28400
   0.57539    0.02172    0.55405    0.27273    1.00000  135.36800
   0.17080    0.00000    0.40090    0.27273    1.00000  133.50300
   0.00674    0.03030    0.00000    0.09091    0.19949  126.50800
   0.25249    0.03030    0.50450    0.09091    0.19949  133.79000
   0.69687    0.00000    0.55405    0.27273    0.19949  128.54500
   0.08263    0.02172    0.23874    0.72727    1.00000  131.80000
   0.71495    0.01515    0.55405    0.27273    0.00000  118.66700
   0.00772    1.00000    0.21622    0.00000    1.00000  119.70800
   0.00048    0.19192    0.00000    0.00000    0.19949  135.34600
   0.09530    0.00581    0.30180    0.27273    0.00000  126.26600
   0.03121    0.03030    0.14865    0.27273    0.60101  129.11900
   0.07890    0.62121    0.18018    1.00000    1.00000  107.40500
   0.20595    0.07071    0.32883    0.72727    0.19949  121.05900
   0.42885    0.11616    0.44595    0.45455    0.00000  114.72900
   0.08263    0.39394    0.23874    0.72727    1.00000  114.90000
   0.06561    0.30808    0.42793    0.00000    1.00000  127.24600
   1.00000    0.01010    0.56757    0.45455    0.19949  115.91000
   0.09301    0.11616    0.18018    1.00000    0.19949  120.23300
   0.06778    0.01515    0.24324    0.45455    0.60101  129.36700
   0.03513    0.39394    0.12162    0.45455    1.00000  120.53400
   0.04361    0.24242    0.09009    0.72727    1.00000  122.81600
   0.07670    0.01010    0.24324    0.45455    0.19949  127.63700
   0.42885    0.04040    0.44595    0.45455    0.00000  122.14900
   1.00000    0.02172    0.56757    0.45455    0.19949  116.55000
   0.00048    0.09091    0.00000    0.00000    0.19949  130.02600
   0.22180    0.07071    0.32883    0.72727    0.00000  119.03900
   0.03679    0.30808    0.00000    0.72727    0.19949  117.46500
   0.07477    0.30808    0.18018    0.72727    0.19949  114.24900
   0.09899    0.14899    0.23874    0.72727    0.19949  118.44100
   0.18565    0.00581    0.32883    0.72727    0.60101  136.28400
   0.08368    0.19192    0.24324    0.45455    0.00000  116.18100
   0.14982    0.05303    0.32432    0.45455    0.19949  122.42800
   0.00815    0.62121    0.21622    0.00000    0.60101  125.09400
   0.07855    0.07071    0.13514    1.00000    0.19949  122.78200
   0.02286    0.09091    0.00000    0.45455    0.60101  129.67300
   0.06771    0.04040    0.42793    0.00000    0.60101  130.33200
   0.39531    0.24242    0.44595    0.45455    0.19949  111.13500
   0.07063    0.24242    0.42793    0.00000    0.19949  125.04400
   0.00674    0.19192    0.00000    0.09091    0.19949  135.30800
   0.04714    0.03030    0.09009    0.72727    0.60101  128.49200
   0.06648    0.09091    0.13514    1.00000    1.00000  125.52400
   0.00874    0.09091    0.21622    0.00000    0.19949  128.91600
   0.74685    0.19192    0.70270    0.27273    1.00000  113.29800
   0.07109    0.02172    0.13514    1.00000    0.60101  129.56900
   0.17307    0.03030    0.32883    0.72727    1.00000  130.74800
   0.38790    0.04040    1.00000    0.00000    0.19949  128.41600
   0.20595    0.11616    0.32883    0.72727    0.19949  116.55900
   0.04361    0.09091    0.09009    0.72727    1.00000  126.89600
   0.07890    0.04040    0.18018    1.00000    1.00000  131.01500
   0.00020    0.14899    0.00000    0.00000    0.60101  130.50300
   0.06771    0.05303    0.42793    0.00000    0.60101  132.20200
   0.03513    0.05303    0.12162    0.45455    1.00000  130.14400
   0.07477    0.09091    0.18018    0.72727    0.19949  121.65900
   0.05728    0.11616    0.09009    0.72727    0.00000  121.40700
   0.07263    0.05303    0.42793    0.00000    0.00000  131.44600
   0.00020    0.49495    0.00000    0.00000    0.60101  134.56300
   0.74685    0.01515    0.70270    0.27273    1.00000  130.63800
   0.05020    0.00000    0.00000    1.00000    0.00000  117.19500
   0.36230    0.11616    1.00000    0.00000    1.00000  126.09700
   0.06225    0.19192    0.24324    0.45455    1.00000  121.43100
   0.08437    0.04040    0.37838    0.09091    1.00000  129.94600
   0.06648    0.05303    0.13514    1.00000    1.00000  127.63400
   0.04189    0.09091    0.00000    1.00000    0.60101  126.61600
   0.42885    0.01010    0.44595    0.45455    0.00000  128.93900
   0.49275    0.00000    0.69369    0.09091    0.00000  119.97500
   0.06215    0.01515    0.18018    0.72727    1.00000  126.75800
   0.06778    0.03030    0.24324    0.45455    0.60101  133.09700
   0.48023    0.01010    0.69369    0.09091    0.19949  125.35300
   0.04005    0.05303    0.00000    0.72727    0.00000  128.80500
   0.04005    0.11616    0.00000    0.72727    0.00000  123.44500
   0.08085    0.01010    0.18018    0.72727    0.00000  126.14900
   0.39531    0.01010    0.44595    0.45455    0.19949  128.34500
   0.00586    0.05303    0.00000    0.09091    1.00000  128.56000
   0.08368    0.03030    0.24324    0.45455    0.00000  131.49100
   0.02806    0.11616    0.14865    0.27273    1.00000  133.89400
   0.06648    0.49495    0.13514    1.00000    1.00000  110.22400
   0.39531    0.30808    0.44595    0.45455    0.19949  109.88500
   0.32579    0.02172    0.44595    0.45455    1.00000  129.88900
   0.49275    0.19192    0.69369    0.09091    0.00000  115.63500
   0.01897    0.14899    0.00000    0.27273    0.00000  129.97300
   0.08437    0.01010    0.13514    1.00000    0.00000  125.39800
   0.35240    0.02172    0.44595    0.45455    0.60101  127.31500
   0.06561    0.24242    0.42793    0.00000    1.00000  131.18600
   0.01584    0.49495    0.00000    0.27273    0.60101  121.93000
   0.01396    0.07071    0.00000    0.27273    1.00000  131.72500
