   0.50000    0.00000    0.00000    0.00000    0.50000    0.00000    0.34946
   0.00000    0.00000    0.00000    0.00000    0.50000    0.50000    0.29828
   0.00000    0.25000    0.25000    0.25000    0.00000    0.25000    0.67939
   0.33300    0.33300    0.00000    0.00000    0.00000    0.33300    0.52634
   0.00000    0.33300    0.00000    0.33300    0.00000    0.33300    0.66758
   0.33300    0.00000    0.33300    0.33300    0.00000    0.00000    0.75344
   0.00000    0.25000    0.25000    0.00000    0.25000    0.25000    0.58236
   0.50000    0.00000    0.00000    0.50000    0.00000    0.00000    0.52698
   0.00000    0.00000    0.00000    0.00000    1.00000    0.00000    0.32435
   0.33300    0.33300    0.00000    0.00000    0.33300    0.00000    0.47128
   0.50000    0.00000    0.00000    0.00000    0.00000    0.50000    0.31225
   0.00000    0.00000    1.00000    0.00000    0.00000    0.00000    0.54971
   0.33300    0.00000    0.33300    0.00000    0.00000    0.33300    0.52502
   0.33300    0.33300    0.33300    0.00000    0.00000    0.00000    0.67848
   1.00000    0.00000    0.00000    0.00000    0.00000    0.00000    0.20000
   0.00000    0.50000    0.00000    0.00000    0.50000    0.00000    0.58532
   0.25000    0.25000    0.00000    0.25000    0.00000    0.25000    0.59923
   0.50000    0.50000    0.00000    0.00000    0.00000    0.00000    0.42968
   0.00000    0.50000    0.00000    0.50000    0.00000    0.00000    0.65219
   0.20000    0.20000    0.00000    0.20000    0.20000    0.20000    0.61255
   0.33300    0.00000    0.00000    0.33300    0.00000    0.33300    0.54224
   0.00000    0.00000    0.00000    0.50000    0.00000    0.50000    0.56143
   0.33300    0.33300    0.00000    0.33300    0.00000    0.00000    0.51268
   0.25000    0.25000    0.25000    0.00000    0.00000    0.25000    0.64566
   0.33300    0.00000    0.33300    0.00000    0.33300    0.00000    0.61316
   0.00000    1.00000    0.00000    0.00000    0.00000    0.00000    0.53187
   0.33300    0.00000    0.00000    0.33300    0.33300    0.00000    0.61861
   0.20000    0.20000    0.20000    0.20000    0.00000    0.20000    0.68540
   0.00000    0.50000    0.50000    0.00000    0.00000    0.00000    0.80000
   0.25000    0.00000    0.25000    0.25000    0.00000    0.25000    0.64931
