  -1.00000   -0.60000   -0.65375   -0.58696   -0.57074   -0.40476    1.00000   36.00000
  -1.00000    0.20000   -0.05943   -0.54348   -0.20159    0.01190   -0.50000   18.00000
  -1.00000    0.20000   -0.01809   -0.30435    0.20045    0.30952   -0.16667   15.00000
  -1.00000    0.20000   -0.15246   -0.52174   -0.06323    0.21429    0.50000   20.20000
   1.00000   -0.60000   -0.65891   -0.45652   -0.38248   -0.34524   -0.16667   24.00000
  -1.00000    0.20000   -0.32300   -0.44565   -0.34165   -0.10714   -1.00000   18.00000
  -1.00000    1.00000    0.20930    0.02174    0.04111   -0.70238   -1.00000   17.00000
  -1.00000    0.20000   -0.15762   -0.35870    0.08988    0.33333    0.33333   19.20000
   1.00000    0.20000   -0.59690   -0.19565   -0.25319   -0.30952    0.83333   24.20000
  -1.00000    1.00000    0.21964    0.13043    0.16757   -0.58333   -0.50000   14.00000
  -1.00000    0.20000   -0.05943   -0.41304   -0.05585    0.19048   -0.50000   16.00000
  -1.00000    0.20000   -0.05943   -0.54348   -0.04225   -0.10714   -0.83333   19.00000
  -1.00000   -0.60000   -0.54522   -0.35870   -0.35809    0.03571    0.33333   23.20000
  -1.00000    0.20000   -0.15762   -0.30435    0.02183   -0.07143    0.83333   22.40000
   0.00000   -0.60000   -0.94315   -0.77174   -0.80153   -0.10714   -0.33333   26.00000
  -1.00000    0.20000   -0.05943   -0.35870    0.29515    0.25000   -0.16667   16.00000
  -1.00000    0.20000   -0.31783   -0.57609   -0.23334   -0.07143    0.33333   20.20000
  -1.00000    1.00000    0.23514   -0.08696    0.07230   -0.52381   -1.00000   18.00000
   1.00000   -0.60000   -0.84496   -0.76087   -0.75503    0.25000    0.16667   31.50000
   0.00000   -0.60000   -0.88630   -0.72826   -0.65410    0.01190   -0.16667   25.00000
   1.00000   -0.60000   -0.91215   -0.73913   -0.78622    0.07143    0.00000   32.00000
  -1.00000    1.00000    0.46253    0.04348    0.38418   -0.25000    0.50000   15.50000
  -1.00000    1.00000    1.00000    0.94565    0.59456   -0.76191   -1.00000   14.00000
  -1.00000    1.00000    0.71576    0.40217    0.61667   -0.58333   -0.83333   14.00000
  -1.00000   -0.60000   -0.84496   -0.63044   -0.68755   -0.16667   -0.66667   28.00000
  -1.00000   -0.60000   -0.77261   -0.54348   -0.43748    0.38095    1.00000   28.00000
  -1.00000    0.20000   -0.15246   -0.52174   -0.16530    0.14286    0.00000   22.50000
  -1.00000    0.20000   -0.18863   -0.35870    0.13411    0.01190   -0.33333   18.00000
   0.00000   -0.60000   -0.85013   -0.72826   -0.87979   -0.50000    0.00000   29.50000
  -1.00000    1.00000    0.20930    0.02174    0.52027   -0.04762   -0.66667   13.00000
  -1.00000    0.20000   -0.15246   -0.41304   -0.26963   -0.04762   -0.33333   19.00000
   1.00000   -0.60000   -0.85013   -0.54348   -0.70683   -0.22619   -1.00000   27.00000
  -1.00000    1.00000    0.45736    0.23913    0.61213   -0.34524   -0.66667   12.00000
  -1.00000    0.20000   -0.01809   -0.19565    0.01900   -0.15476    0.33333   18.10000
  -1.00000   -0.60000   -0.84496   -0.59783   -0.73802   -0.05952    0.16667   33.50000
  -1.00000    1.00000    0.29199    0.78261    0.57017   -0.34524   -1.00000   11.00000
  -1.00000    1.00000    0.20930    0.01087   -0.09725   -0.61905    0.33333   18.10000
  -1.00000    1.00000    0.29199    0.13043    0.46130   -0.40476    0.00000   16.00000
  -1.00000    1.00000    0.46253    0.21739    0.55940   -0.40476   -0.50000   13.00000
  -1.00000    0.20000   -0.45736   -0.30435   -0.36944   -0.45238    0.83333   23.50000
   1.00000   -0.60000   -0.88114   -0.76087   -0.78906   -0.04762    0.83333   34.10000
  -1.00000    0.20000   -0.15762    0.29348    0.03884   -0.35714    0.33333   17.70000
  -1.00000    1.00000    0.46253    0.11957    0.54352   -0.22619    0.16667   16.00000
   0.00000   -0.60000   -0.72610   -0.25000   -0.40006   -0.34524   -0.16667   25.00000
   1.00000    0.20000   -0.59690   -0.44565   -0.31840   -0.22619    0.16667   22.00000
  -1.00000    1.00000    0.45736    0.45652    0.16303   -0.64286   -0.50000   11.00000
  -1.00000    0.20000   -0.05943   -0.35870    0.04678   -0.04762   -0.16667   18.00000
  -1.00000    1.00000    0.29199    0.13043    0.61270   -0.34524   -0.33333   14.00000
  -1.00000    0.20000   -0.15762   -0.30435   -0.19138   -0.16667   -0.16667   21.00000
   0.00000   -0.60000   -0.88630   -0.97826   -0.78906    0.60714    0.33333   43.10000
  -1.00000   -0.60000   -0.57106   -0.52174   -0.40062   -0.04762    0.50000   28.40000
  -1.00000    1.00000    0.21964    0.13043    0.03204   -0.52381   -1.00000   16.00000
   0.00000   -0.60000   -0.76227   -0.51087   -0.45053   -0.28571   -0.50000   20.00000
   0.00000   -0.60000   -0.72610   -0.28261   -0.28835   -0.10714   -0.50000   19.00000
   1.00000   -1.00000   -0.98966   -0.52174   -0.71024   -0.34524   -0.50000   18.00000
  -1.00000    1.00000    0.50904    0.13043    0.31954   -0.40476    0.50000   18.50000
   1.00000   -0.60000   -0.65891   -0.46739   -0.46300   -0.26190    0.33333   27.50000
  -1.00000    0.20000   -0.18863   -0.46739   -0.06379   -0.04762   -0.16667   19.00000
  -1.00000    1.00000    0.71576    1.00000    0.51120   -0.82143   -0.50000   16.00000
   0.00000   -0.60000   -0.94315   -0.77174   -0.78055   -0.04762   -0.33333   31.00000
   1.00000   -0.60000   -0.85013   -0.50000   -0.61724    0.07143   -0.66667   28.00000
  -1.00000    0.20000   -0.15246   -0.41304   -0.42104   -0.40476   -0.83333   19.00000
  -1.00000    1.00000    0.71576    0.13043    0.91891   -0.28571   -0.50000   11.00000
   0.00000   -0.60000   -0.79845   -0.52174   -0.53672   -0.22619   -1.00000   24.00000
   0.00000   -0.60000   -0.80879   -0.69565   -0.67281   -0.26190    0.83333   33.00000
  -1.00000   -0.60000   -0.62791   -0.50000   -0.29005   -0.00000    1.00000   24.00000
  -1.00000    0.20000   -0.31783   -0.57609   -0.44769   -0.04762   -1.00000   21.00000
   0.00000   -0.60000   -0.75194   -0.61956   -0.65580    0.05952    0.00000   25.00000
  -1.00000    1.00000    0.29199    0.02174    0.39892   -0.32143    0.33333   17.50000
   1.00000   -0.60000   -0.85013   -0.54348   -0.70683   -0.22619   -0.83333   27.00000
  -1.00000    1.00000    0.50904    0.83696    0.70230   -0.28571   -1.00000   10.00000
   0.00000   -0.60000   -0.72610   -0.43478   -0.24468   -0.22619   -0.16667   22.00000
   0.00000   -0.60000   -0.88630   -0.97826   -0.73235    0.63095    0.66667   44.30000
  -1.00000    1.00000    0.86563    0.65217    0.89339   -0.58333   -0.50000   12.00000
  -1.00000   -0.60000   -0.73643   -0.60870   -0.37227    0.35714    1.00000   31.00000
  -1.00000   -0.60000   -0.84496   -0.73913   -0.71250   -0.10714    0.66667   32.10000
   0.00000   -0.60000   -0.80879   -0.69565   -0.79189   -0.13095    1.00000   36.00000
  -1.00000    1.00000    0.29199    0.02174    0.20329   -0.38095    0.33333   19.40000
  -1.00000   -0.60000   -0.57106   -0.57609   -0.29572    0.14286    0.33333   23.80000
  -1.00000    0.20000   -0.01809   -0.46739   -0.10405    0.16667    0.00000   17.50000
   1.00000   -0.60000   -0.94315   -0.77174   -0.80890    0.30952   -0.33333   31.00000
  -1.00000   -0.60000   -0.84496   -0.73913   -0.70967    0.10714    1.00000   36.00000
  -1.00000    0.20000   -0.15762   -0.35870    0.02750    0.05952    0.16667   20.50000
  -1.00000    1.00000    0.46253    0.16304    0.44089   -0.34524   -0.83333   14.00000
   1.00000   -0.60000   -0.85013   -0.68478   -0.69266   -0.00000    0.00000   28.00000
  -1.00000    0.20000   -0.15246   -0.28261   -0.30706   -0.20238    1.00000   22.00000
   1.00000   -0.60000   -0.90698   -0.79348   -0.79473   -0.14286    0.50000   34.10000
  -1.00000    1.00000    0.00258   -0.30435   -0.08818   -0.34524   -0.16667   20.00000
  -1.00000    0.20000   -0.46770   -0.44565   -0.22257   -0.22619   -0.16667   18.00000
  -1.00000    1.00000    1.00000    0.94565   -0.16473   -0.76191   -1.00000   14.00000
  -1.00000    0.20000   -0.05943   -0.54348   -0.13467   -0.22619   -0.83333   18.00000
   1.00000   -0.60000   -0.73127   -0.69565   -0.42047    0.22619    0.83333   31.60000
  -1.00000    0.20000   -0.01809   -0.30435   -0.23504   -0.34524   -0.83333   18.00000
   0.00000   -0.60000   -1.00000   -0.96739   -0.85597    0.36905   -0.50000   29.00000
  -1.00000    0.20000   -0.05943   -0.43478    0.08421    0.30952    0.16667   18.50000
   0.00000   -0.60000   -0.72610   -0.28261   -0.25149   -0.22619   -0.66667   18.00000
   0.00000   -0.60000   -0.85013   -0.65217   -0.67281   -0.27381    0.16667   30.50000
  -1.00000    0.20000   -0.18863   -0.35870   -0.14488    0.01190   -0.50000   18.00000
  -1.00000    1.00000    0.45736    0.07609    0.38475   -0.52381    0.00000   13.00000
  -1.00000    1.00000    0.71576    0.13043    0.21803   -0.82143   -1.00000   15.00000
   1.00000   -0.60000   -0.93282   -0.84783   -0.91664   -0.03571    0.83333   35.10000
   0.00000   -0.60000   -0.73127   -0.55435   -0.22540    0.36905   -0.66667   21.00000
   1.00000   -0.60000   -0.89147   -0.84783   -0.79870    0.28571    0.66667   38.10000
  -1.00000    1.00000    0.71576    0.45652    0.47831   -0.63095    0.16667   16.00000
  -1.00000   -0.60000   -0.62791   -0.54348   -0.37227   -0.11905    0.33333   25.10000
   0.00000   -0.60000   -0.85530   -0.75000   -0.67338    0.19048   -0.66667   26.00000
   0.00000   -0.60000   -0.81395   -0.46739   -0.56790    0.13095   -1.00000   25.00000
  -1.00000    1.00000    0.29199    0.07609    0.43295   -0.32143    0.16667   15.50000
  -1.00000    1.00000    0.45736   -0.14130    0.29685    0.11905    0.50000   23.00000
  -1.00000    1.00000   -0.00775   -0.30435   -0.00652   -0.10714    0.33333   19.90000
  -1.00000    1.00000    0.71576    0.40217    1.00000   -0.52381   -0.83333   13.00000
  -1.00000    0.20000   -0.18863   -0.41304   -0.08137   -0.11905    0.00000   22.00000
   0.00000   -0.60000   -0.72610   -0.25000   -0.32974   -0.08333    0.33333   21.60000
  -1.00000   -0.60000   -0.80879   -0.73913   -0.69549   -0.17857    0.50000   34.50000
  -1.00000    1.00000    0.29199    0.13043    0.63595   -0.22619   -0.16667   16.00000
  -1.00000    1.00000    0.62791    0.45652    0.89510   -0.58333   -0.83333   12.00000
  -1.00000    1.00000    0.21964    0.13043    0.49929   -0.10714   -0.33333   14.00000
  -1.00000   -0.60000   -0.80879   -0.81522   -0.65863   -0.17857    0.83333   34.70000
  -1.00000    1.00000    0.40569    0.23913    0.13184   -1.00000   -1.00000   14.00000
   0.00000   -0.60000   -0.89147   -0.72826   -0.82308   -0.28571    0.50000   31.90000
  -1.00000    1.00000    0.71576    0.56522    0.59286   -0.46429   -0.66667   13.00000
  -1.00000    1.00000    0.20930    0.02174    0.43351   -0.28571   -0.33333   16.00000
   1.00000   -0.60000   -0.88114   -0.76087   -0.79756    0.14286    1.00000   31.00000
  -1.00000    1.00000    0.92248    0.83696    0.53048   -0.94048   -1.00000   14.00000
   0.00000    0.20000   -0.60207   -0.67391   -0.12277    0.38095    0.83333   30.70000
  -1.00000    0.20000   -0.31783   -0.57609   -0.21917    0.21429    0.50000   19.80000
   1.00000   -0.60000   -0.85013   -0.68478   -0.63028    0.21429    0.16667   26.00000
  -1.00000    1.00000    0.45736    0.07609    0.60306   -0.28571   -0.16667   15.00000
  -1.00000    0.20000   -0.31783   -0.54348   -0.17947    0.08333    0.83333   20.20000
   0.00000   -0.60000   -0.75194   -0.52174   -0.71080   -0.28571   -0.83333   28.00000
   0.00000   -0.60000   -0.59690   -0.77174   -0.07173    0.64286    0.66667   30.00000
  -1.00000   -0.60000   -0.84496   -0.63044   -0.82875   -0.23809    0.50000   35.70000
  -1.00000    0.20000   -0.15246   -0.41304   -0.33314   -0.16667   -0.50000   18.00000
   1.00000   -0.60000   -0.94832   -0.93478   -0.78906    0.35714    0.33333   32.80000
   1.00000   -0.60000   -0.94315   -0.86956   -0.91948    0.05952    0.83333   39.10000
  -1.00000    0.20000   -0.32816   -0.46739   -0.30819   -0.10714   -1.00000   22.00000
   0.00000    0.20000   -0.50904   -0.05435    0.01900   -0.07143    0.33333   16.20000
  -1.00000   -0.60000   -0.72093   -0.56522   -0.55656   -0.04762   -0.66667   22.00000
  -1.00000    0.20000   -0.05943   -0.30435    0.15225   -0.02381    0.00000   18.50000
  -1.00000    0.20000   -0.55039   -0.33696   -0.51290   -0.28571   -0.50000   21.00000
   1.00000   -0.60000   -0.79845   -0.71739   -0.61610    0.07143    0.66667   32.40000
  -1.00000   -0.60000   -0.62791   -0.50000   -0.45619   -0.17857    0.00000   25.00000
  -1.00000    1.00000    0.46253    0.10870    0.72611   -0.34524   -0.16667   14.00000
  -1.00000    0.20000   -0.32816   -0.46739   -0.26793   -0.04762   -0.50000   23.00000
  -1.00000    0.20000   -0.18863   -0.52174    0.00255    0.27381    0.66667   19.10000
   1.00000   -0.60000   -0.73643   -0.50000   -0.53445   -0.16667    0.66667   37.00000
   1.00000   -0.60000   -0.79328   -0.73913   -0.64162    0.05952    1.00000   34.00000
  -1.00000    0.20000   -0.15762   -0.30435    0.30082    0.54762   -0.16667   17.00000
  -1.00000    0.20000   -0.15246   -0.52174   -0.09441    0.09524    0.33333   19.40000
   1.00000   -0.60000   -0.92248   -0.83696   -0.77885    0.30952   -0.33333   32.00000
  -1.00000    0.20000   -0.32816   -0.46739   -0.15566    0.01190   -0.33333   20.00000
   0.00000   -0.60000   -0.75194   -0.68478   -0.64106   -0.28571   -0.33333   26.00000
  -1.00000    0.20000   -0.18863   -0.41304    0.14375    0.15476    0.16667   19.00000
  -1.00000    1.00000    0.29199    0.13043    0.48795   -0.22619   -0.50000   14.00000
  -1.00000    1.00000    0.45736    0.07609    0.34675   -0.40476   -0.50000   13.00000
  -1.00000    1.00000    0.71576    0.40217    0.57187   -0.52381   -0.66667   14.00000
  -1.00000    0.20000   -0.01809   -0.30435    0.14488    0.19048   -0.33333   16.00000
  -1.00000   -0.60000   -0.57106   -0.52174   -0.21179    0.44048    0.66667   24.30000
  -1.00000    0.20000   -0.05943   -0.41304   -0.02297    0.07143   -0.33333   15.00000
   1.00000   -0.60000   -0.97933   -0.75000   -1.00000    0.19048   -0.83333   35.00000
   1.00000   -0.60000   -0.73643   -0.41304   -0.43181   -0.19048    0.83333   32.90000
  -1.00000    1.00000    0.29199    0.13043    0.43011   -0.34524   -0.66667   15.00000
  -1.00000    0.20000   -0.18863   -0.41304    0.03034    0.09524    0.33333   20.50000
  -1.00000   -0.60000   -0.65375   -0.58696   -0.48285   -0.04762    1.00000   29.00000
  -1.00000    1.00000    0.50904    0.40217    0.25206   -0.64286   -0.50000   13.00000
  -1.00000    1.00000    0.46253    0.00000    0.32804   -0.38095    0.50000   16.50000
   1.00000   -0.60000   -0.88114   -0.92391   -0.89680    0.11905    0.00000   33.00000
  -1.00000    0.20000   -0.31783   -0.61956   -0.20669    0.14286    0.00000   24.00000
   0.00000   -0.60000   -0.72610   -0.30435   -0.44032   -0.42857    0.16667   21.50000
   0.00000   -0.60000   -0.75711   -0.46739   -0.38701   -0.16667   -0.16667   23.00000
   1.00000   -0.60000   -0.88114   -0.76087   -0.76637    0.21429    1.00000   37.00000
   0.00000   -0.60000   -0.85013   -0.65217   -0.61043   -0.22619   -0.33333   26.00000
   1.00000    0.20000   -0.54522   -0.32609   -0.25319   -0.10714    0.00000   19.00000
  -1.00000    1.00000    0.45736    0.07609    0.40006   -0.40476   -0.50000   15.00000
  -1.00000   -0.60000   -0.57106   -0.52174   -0.46527   -0.38095    0.50000   33.50000
   1.00000   -0.60000   -0.88114   -0.77174   -0.80040   -0.16667    1.00000   38.00000
   1.00000   -0.60000   -0.60724   -0.45652   -0.40346   -0.29762    1.00000   32.00000
  -1.00000   -0.60000   -0.65375   -0.58696   -0.56223   -0.41667    0.83333   30.00000
  -1.00000   -0.60000   -0.57106   -0.58696   -0.42047   -0.00000    0.83333   26.60000
  -1.00000    1.00000    0.21964    0.59783    0.76864    0.25000   -1.00000    9.00000
  -1.00000   -0.60000   -0.65375   -0.58696   -0.61327   -0.57143    1.00000   32.00000
   0.00000   -0.60000   -0.85013   -1.00000   -0.80890    0.54762   -0.50000   26.00000
  -1.00000    0.20000   -0.18863   -0.35870    0.03544   -0.10714   -0.83333   16.00000
  -1.00000    0.20000   -0.32300   -0.52174   -0.41310   -0.16667   -1.00000   21.00000
  -1.00000   -0.60000   -0.62791   -0.71739   -0.46016   -0.33333    0.00000   26.50000
  -1.00000    1.00000    0.20930    0.02174    0.71534   -0.04762   -0.33333   14.00000
  -1.00000    1.00000    0.22481    0.07609    0.02750   -0.38095    0.33333   19.20000
   0.00000   -0.60000   -0.84496   -0.52174   -0.63028   -0.10714   -0.50000   26.00000
  -1.00000   -0.60000   -0.91215   -0.93478   -0.76070    0.69048    0.00000   29.00000
  -1.00000    1.00000    0.66408    0.56522    0.26850   -0.94048   -1.00000   15.00000
  -1.00000   -0.60000   -0.72093   -0.45652   -0.61043   -0.10714    0.16667   25.50000
