   0.00000    4.00000    3.00000   92.50000  122.00000  789.70000   10.20000   17.30000   45.00000    4.00000    3.94000
   0.00000    7.00000    5.00000   93.70000  231.10000  715.10000    8.40000   26.40000   33.00000    3.60000    0.00000
   0.00000    9.00000    9.00000   90.10000   68.60000  355.20000    7.20000   24.80000   29.00000    2.20000    1.36000
   0.00000    1.00000    2.00000   91.00000  163.20000  744.40000   10.10000   26.70000   35.00000    1.80000    5.80000
   0.00000    7.00000    4.00000   91.00000  276.30000  825.10000    7.10000   13.80000   77.00000    7.60000   11.06000
   0.20000    8.00000    6.00000   91.70000   33.30000   77.50000    9.00000    8.30000   97.00000    4.00000    0.00000
   0.00000    6.00000    3.00000   90.30000   80.70000  730.20000    6.30000   18.20000   62.00000    4.50000    0.00000
   0.00000    3.00000    4.00000   91.70000   33.30000   77.50000    9.00000   18.80000   18.00000    4.50000    0.00000
   0.00000    4.00000    5.00000   92.90000  133.30000  699.60000    9.20000   24.30000   25.00000    4.00000    9.41000
   0.00000    4.00000    3.00000   91.70000  114.30000  661.30000    6.30000   17.60000   45.00000    3.60000    0.00000
   0.00000    1.00000    3.00000   92.40000  124.10000  680.70000    8.50000   23.90000   32.00000    6.70000    5.33000
   0.00000    2.00000    5.00000   90.10000   82.90000  735.70000    6.20000   18.30000   45.00000    2.20000    4.88000
   0.00000    8.00000    6.00000   91.40000  142.40000  601.40000   10.60000   18.20000   43.00000    4.90000    0.00000
   0.00000    4.00000    5.00000   92.90000  133.30000  699.60000    9.20000   19.40000   19.00000    1.30000   31.72000
   0.00000    1.00000    4.00000   91.70000  191.40000  635.90000    7.80000   19.90000   50.00000    4.00000   82.75000
   0.00000    1.00000    2.00000   92.90000  137.00000  706.40000    9.20000   21.50000   15.00000    0.90000    0.00000
   0.00000    6.00000    3.00000   94.30000   85.10000  692.30000   15.90000   25.40000   24.00000    3.60000    0.00000
   0.00000    8.00000    6.00000   92.10000  207.00000  672.60000    8.20000   25.50000   29.00000    1.80000    1.23000
   0.00000    7.00000    4.00000   90.10000   82.90000  735.70000    6.20000   15.40000   57.00000    4.50000   37.71000
   0.00000    6.00000    5.00000   84.10000    4.60000   46.70000    2.20000    5.30000   68.00000    1.80000    0.00000
   0.00000    7.00000    4.00000   92.40000  117.90000  668.00000   12.20000   19.00000   34.00000    5.80000    1.69000
   0.00000    6.00000    5.00000   93.10000  157.30000  666.70000   13.50000   22.10000   37.00000    3.60000    0.21000
   0.00000    6.00000    3.00000   91.60000  108.40000  764.00000    6.20000   23.00000   34.00000    2.20000   56.04000
   0.00000    1.00000    2.00000   93.70000  231.10000  715.10000    8.40000   25.90000   32.00000    3.10000    0.00000
   0.00000    4.00000    3.00000   92.60000   46.50000  691.80000    8.80000   13.80000   50.00000    2.70000    0.00000
   0.00000    6.00000    3.00000   84.90000   27.50000  353.50000    3.40000    4.20000   51.00000    4.00000    0.00000
   0.00000    2.00000    5.00000   91.60000  181.30000  613.00000    7.60000   24.80000   36.00000    4.00000    3.05000
   0.00000    6.00000    5.00000   81.50000    9.10000   55.20000    2.70000    5.80000   54.00000    5.80000   10.93000
   0.00000    1.00000    3.00000   91.10000   91.30000  738.10000    7.20000   19.10000   46.00000    2.20000    0.33000
   0.00000    7.00000    3.00000   90.60000   43.70000  686.90000    6.70000   17.80000   27.00000    4.00000    0.00000
   0.00000    8.00000    6.00000   93.10000  157.30000  666.70000   13.50000   28.70000   28.00000    2.70000    0.00000
   0.00000    8.00000    6.00000   91.20000  147.80000  377.20000   12.70000   19.60000   43.00000    4.90000    0.00000
   0.00000    8.00000    6.00000   90.70000  194.10000  643.00000    6.80000   16.20000   63.00000    2.70000   16.33000
   0.00000    5.00000    6.00000   91.60000  181.30000  613.00000    7.60000   24.30000   33.00000    3.60000    3.63000
   0.00000    4.00000    6.00000   89.30000   51.30000  102.20000    9.60000   10.60000   46.00000    4.90000    0.00000
   0.00000    6.00000    5.00000   87.20000   15.10000   36.90000    7.10000   10.20000   45.00000    5.80000    3.18000
   0.00000    4.00000    6.00000   84.70000   26.70000  352.60000    4.10000    2.20000   59.00000    4.90000    9.27000
   0.00000    2.00000    2.00000   92.10000  152.60000  658.20000   14.30000   21.80000   56.00000    3.10000    0.52000
   0.00000    7.00000    4.00000   89.20000  103.90000  431.60000    6.40000   22.60000   57.00000    4.90000  278.53000
   0.00000    2.00000    5.00000   92.60000   46.50000  691.80000    8.80000   15.40000   35.00000    0.90000    0.00000
   0.00000    2.00000    4.00000   91.60000  112.40000  573.00000    8.90000   21.40000   42.00000    3.10000    4.25000
   0.00000    4.00000    4.00000   95.10000  141.30000  605.80000   17.70000   28.70000   33.00000    4.00000    0.00000
   0.00000    8.00000    6.00000   94.90000  130.30000  587.10000   14.10000   31.00000   27.00000    5.40000    0.00000
   0.00000    6.00000    5.00000   91.00000  166.90000  752.60000    7.10000   18.20000   62.00000    5.40000    0.43000
   0.00000    6.00000    5.00000   91.20000   48.30000   97.80000   12.50000   11.70000   33.00000    4.00000    8.31000
   0.00000    5.00000    4.00000   93.30000  141.20000  713.90000   13.90000   27.60000   30.00000    1.30000    0.00000
   0.00000    2.00000    5.00000   90.90000  126.50000  686.50000    7.00000   21.90000   39.00000    1.80000    0.47000
   0.00000    6.00000    5.00000   92.80000  119.00000  783.50000    7.50000   21.60000   27.00000    2.20000    0.00000
   0.00000    6.00000    5.00000   96.00000  127.10000  570.50000   16.50000   23.40000   33.00000    4.50000    2.51000
   0.00000    1.00000    4.00000   91.50000  130.10000  807.10000    7.50000   21.30000   35.00000    2.20000   28.19000
   0.00000    7.00000    4.00000   90.00000   41.50000  682.60000    8.70000   11.30000   60.00000    5.40000    0.00000
   0.00000    7.00000    4.00000   90.60000   35.40000  669.10000    6.70000   18.00000   33.00000    0.90000    0.00000
   0.00000    1.00000    2.00000   91.00000  166.90000  752.60000    7.10000   18.50000   73.00000    8.50000    0.00000
   0.00000    3.00000    4.00000   92.60000   46.50000  691.80000    8.80000   20.60000   24.00000    5.40000    0.00000
   0.00000    3.00000    4.00000   90.50000   96.70000  750.50000   11.40000   20.60000   55.00000    5.40000   24.59000
   0.00000    8.00000    5.00000   93.10000  157.30000  666.70000   13.50000   24.00000   36.00000    3.10000    0.24000
   0.00000    4.00000    5.00000   92.90000  137.00000  706.40000    9.20000   21.50000   15.00000    0.90000   11.06000
   0.00000    4.00000    4.00000   92.40000  124.10000  680.70000    8.50000   16.90000   60.00000    1.30000   29.48000
   0.00000    5.00000    4.00000   88.80000  147.30000  614.50000    9.00000   17.30000   43.00000    4.50000    0.00000
   0.00000    4.00000    3.00000   92.10000  111.20000  654.10000    9.60000   20.40000   42.00000    4.90000    0.00000
   0.00000    6.00000    3.00000   91.80000   78.50000  724.30000    9.20000   21.20000   32.00000    2.70000    0.00000
   0.00000    3.00000    5.00000   90.70000  136.90000  822.80000    6.80000   12.90000   39.00000    2.70000    2.18000
   0.00000    4.00000    4.00000   92.10000   99.00000  745.30000    9.60000   15.40000   53.00000    6.30000    7.31000
   0.00000    8.00000    6.00000   91.10000   91.30000  738.10000    7.20000   20.70000   46.00000    2.70000   30.18000
   0.00000    7.00000    4.00000   91.90000  109.20000  565.50000    8.00000   21.40000   38.00000    2.70000    1.52000
   0.00000    8.00000    6.00000   92.20000   81.80000  480.80000   11.90000   20.10000   34.00000    4.50000   58.30000
   0.00000    8.00000    6.00000   91.60000  108.40000  764.00000    6.20000   22.70000   35.00000    2.20000    7.48000
   0.00000    6.00000    4.00000   86.30000   27.40000   97.10000    5.10000    9.30000   44.00000    4.50000    0.00000
   0.00000    4.00000    3.00000   94.50000  139.40000  689.10000   20.00000   28.90000   29.00000    4.90000   49.59000
   0.00000    6.00000    5.00000   90.90000  126.50000  686.50000    7.00000   21.30000   42.00000    2.20000    0.00000
   0.00000    3.00000    4.00000   91.90000  133.60000  520.50000    8.00000   14.20000   58.00000    4.00000    0.00000
   0.00000    6.00000    5.00000   90.90000   18.90000   30.60000    8.00000    8.70000   51.00000    5.80000    0.00000
   0.00000    9.00000    9.00000   85.80000   48.30000  313.40000    3.90000   18.00000   42.00000    2.70000    0.36000
   0.00000    3.00000    4.00000   91.10000   88.20000  731.70000    8.30000   22.80000   46.00000    4.00000    4.95000
   0.00000    8.00000    6.00000   91.70000   35.80000   80.80000    7.80000   17.40000   24.00000    5.40000    0.00000
   0.00000    3.00000    4.00000   83.90000    8.00000   30.20000    2.60000   12.70000   48.00000    1.80000    0.00000
   0.00000    3.00000    4.00000   85.40000   25.40000  349.70000    2.60000    4.60000   21.00000    8.50000   10.73000
   0.00000    8.00000    6.00000   89.30000   51.30000  102.20000    9.60000   11.50000   39.00000    5.80000    7.19000
   0.00000    4.00000    6.00000   87.20000   23.90000   64.70000    4.10000   14.00000   39.00000    3.10000    0.00000
   1.00000    7.00000    4.00000   91.80000  175.10000  700.70000   13.80000   21.90000   73.00000    7.60000    0.00000
   0.00000    7.00000    4.00000   90.90000  126.50000  686.50000    7.00000   19.40000   48.00000    1.30000    0.00000
   0.00000    3.00000    5.00000   93.50000  139.40000  594.20000   20.30000   17.60000   52.00000    5.80000    0.00000
   0.00000    2.00000    4.00000   95.00000  135.50000  596.30000   21.30000   30.60000   28.00000    3.60000    2.07000
   0.00000    6.00000    3.00000   92.50000  122.00000  789.70000   10.20000   19.70000   39.00000    2.70000    0.00000
   0.00000    6.00000    4.00000   90.80000   41.90000   89.40000    7.90000   13.30000   42.00000    0.90000    7.40000
   0.00000    8.00000    6.00000   91.50000  145.40000  608.20000   10.70000    8.00000   86.00000    2.20000    0.00000
   0.00000    2.00000    2.00000   91.50000  130.10000  807.10000    7.50000   16.80000   43.00000    3.10000    5.83000
   0.00000    3.00000    4.00000   91.00000  129.50000  692.60000    7.00000   13.90000   59.00000    6.30000   11.24000
   0.00000    1.00000    4.00000   91.00000  276.30000  825.10000    7.10000   14.50000   76.00000    7.60000    3.71000
   0.00000    1.00000    2.00000   91.00000  129.50000  692.60000    7.00000   18.80000   40.00000    2.20000  212.88000
   0.00000    3.00000    4.00000   94.90000  130.30000  587.10000   14.10000   23.40000   40.00000    5.80000    1.29000
   0.00000    2.00000    2.00000   92.40000  117.90000  668.00000   12.20000   19.60000   33.00000    6.30000    0.00000
   0.00000    8.00000    6.00000   85.60000   90.40000  609.60000    6.60000   17.40000   50.00000    4.00000    2.69000
   0.00000    8.00000    6.00000   92.10000  207.00000  672.60000    8.20000   21.10000   54.00000    2.20000    0.00000
   0.00000    4.00000    3.00000   93.20000  114.40000  560.00000    9.50000   30.20000   22.00000    4.90000    0.00000
   0.00000    7.00000    5.00000   93.10000  180.40000  430.80000   11.00000   22.20000   48.00000    1.30000    0.00000
   0.00000    4.00000    3.00000   90.50000   96.70000  750.50000   11.40000   20.40000   55.00000    4.90000    3.64000
   0.00000    3.00000    4.00000   91.80000  175.10000  700.70000   13.80000   26.80000   38.00000    6.30000    0.76000
   0.00000    6.00000    5.00000   92.10000  111.20000  654.10000    9.60000   16.60000   47.00000    0.90000    2.29000
   0.00000    2.00000    4.00000   93.60000  235.10000  723.10000   10.10000   20.90000   66.00000    4.90000   15.34000
   0.00000    4.00000    4.00000   92.90000  137.00000  706.40000    9.20000   20.80000   17.00000    1.30000    0.00000
   0.00000    6.00000    3.00000   91.70000   75.60000  718.30000    7.80000   17.70000   39.00000    3.60000    0.00000
   0.00000    7.00000    5.00000   86.20000   26.20000   94.30000    5.10000    8.20000   51.00000    6.70000    0.00000
   0.00000    6.00000    3.00000   84.10000    7.30000   52.80000    2.70000   14.70000   42.00000    2.70000    0.00000
   0.00000    8.00000    6.00000   93.70000   80.90000  685.20000   17.90000   23.70000   25.00000    4.50000    1.12000
   0.00000    5.00000    4.00000   91.80000   78.50000  724.30000    9.20000   19.10000   38.00000    2.70000    0.00000
   0.00000    8.00000    6.00000   92.30000   85.30000  488.00000   14.70000   22.20000   29.00000    5.40000    0.00000
   0.00000    4.00000    5.00000   85.00000    9.00000   56.90000    3.50000   10.10000   62.00000    1.80000   51.78000
   0.00000    6.00000    5.00000   91.30000   20.60000   43.50000    8.50000   13.30000   27.00000    3.60000    6.61000
   0.00000    3.00000    5.00000   87.60000   52.20000  103.80000    5.00000    9.00000   49.00000    2.20000    0.00000
   0.00000    3.00000    4.00000   91.60000  181.30000  613.00000    7.60000   24.60000   44.00000    4.00000    3.20000
   0.00000    2.00000    2.00000   94.80000  108.30000  647.10000   17.00000   24.60000   22.00000    4.50000   10.01000
   0.00000    3.00000    4.00000   91.40000  142.40000  601.40000   10.60000   19.80000   39.00000    5.40000    0.00000
   0.00000    4.00000    5.00000   91.10000  132.30000  812.10000   12.50000   15.90000   38.00000    5.40000    1.75000
   0.00000    7.00000    5.00000   91.00000  129.50000  692.60000    7.00000   20.70000   37.00000    2.20000   17.20000
   0.00000    5.00000    5.00000   94.00000   47.90000  100.70000   10.70000   17.30000   80.00000    4.50000    0.00000
   0.00000    6.00000    5.00000   92.50000   56.40000  433.30000    7.10000   23.20000   39.00000    5.40000    1.19000
   0.00000    5.00000    4.00000   91.70000   33.30000   77.50000    9.00000   15.60000   25.00000    6.30000    0.00000
   0.00000    8.00000    6.00000   81.60000   56.70000  665.60000    1.90000   27.80000   35.00000    2.70000    0.00000
   0.00000    1.00000    2.00000   90.20000   99.60000  631.20000    6.30000   17.90000   44.00000    2.20000    0.00000
   0.00000    8.00000    6.00000   93.90000  135.70000  586.70000   15.10000   20.80000   34.00000    4.90000    6.96000
   0.00000    8.00000    6.00000   84.90000   32.80000  664.20000    3.00000   19.10000   32.00000    4.00000    5.44000
   0.00000    6.00000    5.00000   85.40000   25.40000  349.70000    2.60000    5.10000   24.00000    8.50000   24.77000
   0.00000    6.00000    5.00000   87.90000   24.90000   41.60000    3.70000   10.90000   64.00000    3.10000    3.35000
   0.00000    3.00000    6.00000   90.90000  126.50000  686.50000    7.00000   15.60000   66.00000    3.10000    0.00000
   0.00000    9.00000    9.00000   86.60000   13.20000   43.00000    5.30000   15.70000   43.00000    3.10000    0.00000
   0.00000    6.00000    5.00000   90.10000   37.60000   83.70000    7.20000   12.40000   54.00000    3.60000   12.10000
   0.00000    6.00000    5.00000   85.10000   28.00000  113.80000    3.50000   11.30000   94.00000    4.90000    0.00000
   0.00000    2.00000    2.00000   92.10000  152.60000  658.20000   14.30000   23.70000   24.00000    3.10000    0.00000
   0.00000    4.00000    3.00000   92.10000  111.20000  654.10000    9.60000   20.40000   42.00000    4.90000    0.00000
   0.00000    6.00000    5.00000   90.40000   93.30000  298.10000    7.50000   19.10000   39.00000    5.40000    3.52000
   0.00000    3.00000    4.00000   91.20000  134.70000  817.50000    7.20000   18.50000   30.00000    2.70000    0.00000
   0.00000    6.00000    5.00000   92.40000  117.90000  668.00000   12.20000   19.60000   33.00000    6.30000   19.23000
   0.00000    7.00000    4.00000   90.60000   43.70000  686.90000    6.70000   14.60000   33.00000    1.30000    0.00000
   0.00000    7.00000    4.00000   92.40000  117.90000  668.00000   12.20000   19.00000   34.00000    5.80000    0.00000
   0.00000    6.00000    5.00000   81.50000    9.10000   55.20000    2.70000    5.80000   54.00000    5.80000    4.61000
   0.00000    8.00000    6.00000   92.30000   88.80000  440.90000    8.50000   17.10000   67.00000    3.60000    6.57000
   0.00000    2.00000    4.00000   92.10000  207.00000  672.60000    8.20000   27.90000   33.00000    2.20000    2.35000
   0.00000    5.00000    6.00000   90.60000   50.10000  100.40000    7.80000   15.10000   64.00000    4.00000   13.99000
   0.00000    3.00000    5.00000   88.10000   25.70000   67.60000    3.80000   15.50000   27.00000    6.30000    0.00000
   0.00000    2.00000    2.00000   92.50000  121.10000  674.40000    8.60000   18.20000   46.00000    1.80000  200.94000
   0.00000    8.00000    6.00000   91.00000  129.50000  692.60000    7.00000   13.10000   63.00000    5.40000    0.00000
   0.00000    4.00000    4.00000   85.40000   25.40000  349.70000    2.60000    4.60000   21.00000    8.50000    9.77000
   0.00000    2.00000    4.00000   94.20000  122.30000  589.90000   12.90000   15.40000   66.00000    4.00000   10.13000
   0.00000    5.00000    4.00000   92.80000  119.00000  783.50000    7.50000   21.60000   28.00000    6.30000    4.41000
   0.00000    6.00000    5.00000   92.80000  119.00000  783.50000    7.50000   16.80000   28.00000    4.00000    1.01000
   0.00000    5.00000    5.00000   91.70000   35.80000   80.80000    7.80000   15.10000   27.00000    5.40000    0.00000
   0.00000    4.00000    6.00000   84.60000   26.40000  352.00000    2.00000    5.10000   61.00000    4.90000    5.38000
   0.00000    2.00000    4.00000   82.10000    3.70000    9.30000    2.90000    5.30000   78.00000    3.10000    0.00000
   0.00000    4.00000    5.00000   92.50000   88.00000  698.60000    7.10000   20.30000   45.00000    3.10000    0.00000
   0.00000    2.00000    4.00000   93.40000   15.00000   25.60000   11.40000   15.20000   19.00000    7.60000    0.00000
   0.00000    6.00000    5.00000   90.30000  290.00000  855.30000    7.40000   10.30000   78.00000    4.00000   18.30000
   0.00000    6.00000    3.00000   91.60000  138.10000  621.70000    6.30000   18.90000   41.00000    3.10000   10.34000
   0.00000    2.00000    5.00000   91.60000  108.40000  764.00000    6.20000   19.30000   44.00000    2.20000    3.93000
   0.00000    3.00000    4.00000   90.10000   51.20000  424.10000    6.20000   24.60000   43.00000    1.80000    1.43000
   0.00000    6.00000    5.00000   92.50000  122.00000  789.70000   10.20000   18.40000   42.00000    2.20000    1.09000
   0.00000    8.00000    6.00000   92.10000  152.60000  658.20000   14.30000   20.10000   58.00000    4.50000    9.27000
   0.00000    4.00000    4.00000   95.80000  152.00000  624.10000   13.80000   32.40000   21.00000    4.50000    0.00000
   0.00000    3.00000    6.00000   91.10000   94.10000  232.10000    7.10000   19.20000   38.00000    4.50000    0.00000
   0.00000    1.00000    4.00000   92.50000  122.00000  789.70000   10.20000   21.10000   39.00000    2.20000    8.12000
   0.00000    2.00000    4.00000   93.40000  145.40000  721.40000    8.10000   28.60000   27.00000    2.20000    1.61000
   0.00000    6.00000    3.00000   91.10000  141.10000  629.10000    7.10000   19.30000   39.00000    3.60000    1.56000
   0.00000    6.00000    4.00000   89.20000   27.90000   70.80000    6.30000   15.90000   35.00000    4.00000    0.00000
   0.00000    4.00000    4.00000   89.70000   90.00000  704.40000    4.80000   17.80000   64.00000    1.30000    0.00000
   0.00000    6.00000    3.00000   90.60000   50.10000  100.40000    7.80000   15.20000   31.00000    8.50000    1.94000
   0.00000    8.00000    6.00000   92.20000   81.80000  480.80000   11.90000   16.40000   43.00000    4.00000   71.30000
   0.00000    7.00000    4.00000   90.20000  110.90000  537.40000    6.20000   19.50000   43.00000    5.80000    0.00000
   0.00000    6.00000    6.00000   94.20000   62.30000  442.90000   11.00000   23.00000   36.00000    3.10000    0.00000
   0.00000    6.00000    3.00000   88.60000   69.70000  706.80000    5.80000   20.60000   37.00000    1.80000    0.00000
   0.00000    4.00000    4.00000   90.10000   82.90000  735.70000    6.20000   12.90000   74.00000    4.90000    0.00000
   0.00000    4.00000    3.00000   90.20000   99.60000  631.20000    6.30000   21.50000   34.00000    2.20000    0.00000
   0.00000    6.00000    5.00000   75.10000    4.40000   16.20000    1.90000    4.60000   82.00000    6.30000    5.39000
   0.00000    4.00000    5.00000   92.50000  121.10000  674.40000    8.60000   17.70000   25.00000    3.10000  154.88000
   0.00000    6.00000    5.00000   90.40000   93.30000  298.10000    7.50000   20.70000   25.00000    4.90000    0.00000
   0.00000    2.00000    4.00000   63.50000   70.80000  665.30000    0.80000   22.60000   38.00000    3.60000   11.32000
   0.00000    7.00000    4.00000   91.40000  142.40000  601.40000   10.60000   16.30000   60.00000    5.40000    0.00000
   0.00000    2.00000    5.00000   93.70000  121.70000  350.20000   18.00000   22.70000   40.00000    9.40000    3.19000
   0.00000    4.00000    4.00000   87.20000   23.90000   64.70000    4.10000   11.80000   35.00000    1.80000    0.00000
   0.00000    4.00000    5.00000   92.00000  203.20000  664.50000    8.10000   10.40000   75.00000    0.90000    0.00000
   0.00000    6.00000    5.00000   92.20000  102.30000  751.50000    8.40000   19.70000   35.00000    1.80000    0.00000
   0.00000    1.00000    3.00000   88.60000   91.80000  709.90000    7.10000   12.40000   73.00000    6.30000   30.32000
   0.00000    6.00000    3.00000   92.80000  119.00000  783.50000    7.50000   18.90000   34.00000    7.20000   34.36000
   0.00000    6.00000    3.00000   93.50000  149.30000  728.60000    8.10000   22.80000   39.00000    3.60000    0.00000
   0.00000    4.00000    4.00000   95.10000  141.30000  605.80000   17.70000   19.40000   71.00000    7.60000   46.70000
   0.00000    5.00000    4.00000   95.10000  141.30000  605.80000   17.70000   24.10000   43.00000    6.30000    2.00000
   0.00000    4.00000    4.00000   88.10000   25.70000   67.60000    3.80000   14.10000   43.00000    2.70000    0.00000
   0.00000    3.00000    3.00000   92.20000  102.30000  751.50000    8.40000   24.20000   27.00000    3.10000    6.58000
   0.00000    1.00000    2.00000   90.70000   80.90000  368.30000   16.80000   14.80000   78.00000    8.00000    0.00000
   0.00000    3.00000    4.00000   94.60000  160.00000  567.20000   16.70000   17.90000   48.00000    2.70000    0.00000
   0.00000    1.00000    2.00000   93.50000  149.30000  728.60000    8.10000   25.30000   36.00000    3.60000    0.00000
   0.00000    4.00000    5.00000   92.90000  137.00000  706.40000    9.20000   22.10000   34.00000    1.80000   14.57000
   0.00000    4.00000    5.00000   89.40000  266.20000  803.30000    5.60000   17.40000   54.00000    3.10000    0.00000
   0.00000    1.00000    2.00000   91.70000  114.30000  661.30000    6.30000   20.20000   45.00000    3.60000    0.00000
   0.00000    4.00000    5.00000   18.70000    1.10000  171.40000    0.00000    5.20000  100.00000    0.90000    0.00000
   0.00000    1.00000    4.00000   90.60000  269.80000  811.20000    5.50000   22.20000   45.00000    3.60000    0.00000
   0.00000    7.00000    4.00000   88.20000   55.20000  732.30000   11.60000   15.20000   64.00000    3.10000    0.52000
   0.00000    8.00000    6.00000   94.80000  222.40000  698.60000   13.90000   27.50000   27.00000    4.90000  746.28000
   0.00000    4.00000    6.00000   84.40000   27.20000  353.50000    6.80000    4.80000   57.00000    8.50000    8.98000
   0.00000    4.00000    3.00000   81.60000   56.70000  665.60000    1.90000   27.80000   32.00000    2.70000    6.44000
   0.00000    4.00000    4.00000   95.10000  141.30000  605.80000   17.70000   20.60000   58.00000    1.30000    0.00000
   0.00000    6.00000    5.00000   91.70000   35.80000   80.80000    7.80000   17.40000   25.00000    4.90000    0.00000
   0.00000    5.00000    5.00000   90.90000   18.90000   30.60000    8.00000   11.60000   48.00000    5.40000    0.00000
   0.00000    7.00000    4.00000   83.90000    8.70000   32.10000    2.10000    8.80000   68.00000    2.20000   13.05000
   0.00000    6.00000    4.00000   90.40000   89.50000  290.80000    6.40000   14.30000   46.00000    1.80000    0.90000
   0.00000    4.00000    5.00000   91.10000  132.30000  812.10000   12.50000   16.40000   27.00000    3.60000    0.00000
   0.00000    6.00000    5.00000   93.40000   17.30000   28.30000    9.90000   13.80000   24.00000    5.80000    0.00000
   0.00000    7.00000    4.00000   89.70000  284.90000  844.00000   10.10000   10.50000   77.00000    4.00000    0.00000
   0.00000    4.00000    4.00000   93.50000  149.30000  728.60000    8.10000   22.90000   39.00000    4.90000   48.55000
   0.00000    8.00000    4.00000   91.60000  273.80000  819.10000    7.70000   21.30000   44.00000    4.50000   12.18000
   0.00000    2.00000    5.00000   90.20000   99.60000  631.20000    6.30000   19.20000   44.00000    2.70000    4.69000
   0.00000    2.00000    4.00000   50.40000   46.20000  706.60000    0.40000   12.20000   78.00000    6.30000    0.00000
   0.00000    6.00000    5.00000   87.10000  291.30000  860.60000    4.00000   17.00000   67.00000    4.90000    3.95000
   0.00000    4.00000    4.00000   83.00000   23.30000   85.30000    2.30000   16.70000   20.00000    3.10000    0.00000
   0.00000    8.00000    8.00000   91.70000  191.40000  635.90000    7.80000   26.20000   36.00000    4.50000  185.76000
   0.00000    8.00000    3.00000   93.70000   80.90000  685.20000   17.90000   23.20000   26.00000    4.90000   23.41000
   0.00000    6.00000    5.00000   91.90000  111.70000  770.30000    6.50000   19.60000   45.00000    3.10000   20.03000
   0.00000    7.00000    4.00000   91.40000  142.40000  601.40000   10.60000   20.10000   39.00000    5.40000    2.74000
   0.00000    7.00000    4.00000   94.80000  227.00000  706.70000   12.00000   23.30000   34.00000    3.10000    0.00000
   0.00000    1.00000    4.00000   92.20000  102.30000  751.50000    8.40000   24.20000   27.00000    3.10000    0.00000
   0.00000    2.00000    4.00000   91.00000  166.90000  752.60000    7.10000   25.90000   41.00000    3.60000    0.00000
   0.00000    3.00000    4.00000   84.40000   73.40000  671.90000    3.20000   17.90000   45.00000    3.10000    0.00000
   0.00000    2.00000    5.00000   90.80000   84.70000  376.60000    5.60000   23.80000   51.00000    1.80000    0.00000
   0.00000    6.00000    5.00000   90.20000   96.90000  624.20000    8.90000   14.70000   59.00000    5.80000    0.00000
   0.00000    1.00000    2.00000   92.10000  111.20000  654.10000    9.60000   16.60000   47.00000    0.90000    0.00000
   0.00000    7.00000    4.00000   91.70000   48.50000  696.10000   11.10000   16.80000   45.00000    4.50000    6.83000
   0.80000    8.00000    6.00000   96.10000  181.10000  671.20000   14.30000   21.60000   65.00000    4.90000    0.00000
   0.00000    3.00000    4.00000   96.10000  181.10000  671.20000   14.30000   32.30000   27.00000    2.20000   14.68000
   0.00000    6.00000    3.00000   92.40000  105.80000  758.10000    9.90000   24.80000   28.00000    1.80000   14.29000
   0.00000    1.00000    4.00000   92.30000   96.20000  450.20000   12.10000   23.40000   31.00000    5.40000    0.00000
   0.40000    4.00000    4.00000   96.10000  181.10000  671.20000   14.30000   20.70000   69.00000    4.90000    0.00000
   0.00000    6.00000    4.00000   91.00000  129.50000  692.60000    7.00000   18.30000   40.00000    2.70000    0.00000
   0.00000    1.00000    2.00000   95.50000   99.90000  513.30000   13.20000   23.30000   31.00000    4.50000    0.55000
   0.00000    3.00000    4.00000   92.40000  124.10000  680.70000    8.50000   22.50000   42.00000    5.40000    0.00000
   0.00000    4.00000    3.00000   93.50000   85.30000  395.00000    9.90000   27.20000   28.00000    1.30000    1.76000
   0.00000    2.00000    2.00000   91.70000  114.30000  661.30000    6.30000   18.60000   44.00000    4.50000    0.00000
   0.00000    1.00000    4.00000   90.50000  196.80000  649.90000   16.30000   11.80000   88.00000    4.90000    9.71000
   0.00000    3.00000    4.00000   91.60000  248.40000  753.80000    6.30000   16.80000   56.00000    3.10000    0.00000
   0.00000    5.00000    4.00000   94.80000  222.40000  698.60000   13.90000   20.30000   42.00000    2.70000    0.00000
   0.00000    2.00000    5.00000   87.50000   77.00000  694.80000    5.00000   22.30000   46.00000    4.00000    0.00000
   0.00000    2.00000    3.00000   91.60000  108.40000  764.00000    6.20000   18.00000   51.00000    5.40000    0.00000
   0.00000    3.00000    4.00000   92.10000   99.00000  745.30000    9.60000   17.40000   57.00000    4.50000    0.00000
   0.00000    9.00000    4.00000   92.30000   92.10000  442.10000    9.80000   22.80000   27.00000    4.50000    1.63000
   0.00000    2.00000    2.00000   94.80000  108.30000  647.10000   17.00000   17.40000   43.00000    6.70000    1.07000
   0.00000    3.00000    4.00000   89.70000   90.00000  704.40000    4.80000   22.80000   39.00000    3.60000    0.00000
   0.00000    5.00000    4.00000   95.10000  141.30000  605.80000   17.70000   26.40000   34.00000    3.60000   16.40000
   0.00000    1.00000    5.00000   91.00000  129.50000  692.60000    7.00000   21.60000   33.00000    2.20000   11.53000
   0.00000    7.00000    5.00000   91.70000   48.50000  696.10000   11.10000   16.10000   44.00000    4.00000   49.37000
   0.00000    6.00000    5.00000   90.10000   39.70000   86.60000    6.20000   15.20000   27.00000    3.10000   31.86000
   0.00000    4.00000    6.00000   93.50000  149.30000  728.60000    8.10000   28.30000   26.00000    3.10000   64.10000
   0.00000    8.00000    6.00000   88.90000  263.10000  795.90000    5.20000   29.30000   27.00000    3.60000    6.30000
   0.00000    4.00000    4.00000   94.30000  167.60000  684.40000   13.00000   21.80000   53.00000    3.10000    6.54000
   0.00000    4.00000    4.00000   94.80000  108.30000  647.10000   17.00000   16.60000   54.00000    5.40000    0.00000
