   1.53900    2.52800    0.58000    1.29700    0.00000    0.00000    3.02500
   1.24600    2.88800    0.25100    0.94400    0.00000    0.00000    1.93500
   3.10900    1.84400    1.27500    0.80400    0.00000    0.00000    6.78400
  -0.53400    2.36600    0.40500    1.73500    0.00000    0.00000    0.24200
   2.31400    3.92400    0.69300    1.70700    0.00000    2.00000    4.71300
   2.79100    3.40100    0.73200    1.18500    0.00000    1.00000    3.52900
  -0.70300    2.03100    0.49600    1.95200    0.00000    1.00000    1.23100
   3.56300    3.99300    0.22300    1.21400    1.00000    0.00000    4.61100
   0.94300    2.63400    0.22300    1.29800    0.00000    0.00000    3.13100
   2.51000    3.25200    0.22300    1.07700    0.00000    0.00000    4.09300
   3.30600    3.77600    0.40500    0.92000    0.00000    0.00000    4.69100
   1.73700    3.19100    0.22300    1.15400    0.00000    0.00000    2.68600
   2.10200    2.72800    0.13400    0.92300    0.00000    0.00000    3.42000
  -0.52100    3.28600    0.35700    2.10400    0.00000    0.00000    1.77100
   0.78700    3.07300    0.69300    1.85100    0.00000    2.00000    4.01600
   2.20900    3.55700    0.33100    1.30100    2.00000    1.00000    4.71100
   1.58700    3.27700    0.22300    1.63300    0.00000    0.00000    2.98000
   0.99600    1.00000    1.15000    0.96800    0.00000    1.00000    3.49900
  -0.14500    1.96500    0.40500    1.16900    1.00000    0.00000    3.66000
   1.51500    2.78100    0.71100    1.14700    0.00000    0.00000    3.84600
   5.25800    4.43600    0.76400    1.22700    0.00000    1.00000    5.41200
   1.22900    2.32900    0.71100    0.86800    0.00000    1.00000    3.09700
   2.23900    2.37700    0.82700    0.93800    0.00000    0.00000    3.91000
   0.09400    1.59400    0.22300    1.33300    2.00000    0.00000    6.29700
   1.33500    2.86600    0.22300    1.28800    2.00000    0.00000    3.41100
   1.04200    3.33000    0.56000    1.55500    0.00000    2.00000    3.69100
   1.88200    3.52000    0.22300    1.59000    0.00000    0.00000    2.88300
   2.57700    3.47700    0.69300    1.34400    0.00000    2.00000    4.11600
   2.61900    2.53600    0.76400    1.16500    0.00000    1.00000    4.19100
  -0.31700    1.51200    0.57000    0.87900    0.00000    1.00000    2.44500
   3.42600    1.89200    1.44100    0.77600    0.00000    0.00000    6.08700
   2.60400    3.21900    0.81100    1.15100    0.00000    0.00000    3.39700
   1.06400    2.54400    0.22300    1.24500    0.00000    0.00000    3.38000
   1.23700    2.53600    0.42900    0.87100    0.00000    1.00000    2.53700
   3.31800    2.98700    1.07600    0.92100    0.00000    1.00000    6.07700
   1.50100    2.23300    0.57000    0.88300    0.00000    0.00000    3.32500
   3.47800    2.12600    0.83000    0.89900    0.00000    0.00000    4.55200
   3.31400    2.01900    1.12600    0.79300    0.00000    0.00000    4.73000
   2.23900    2.37700    0.82700    0.93800    0.00000    0.00000    5.08300
   1.99600    3.04900    0.76200    1.25800    0.00000    2.00000    4.36900
   3.95800    3.46500    0.00000    0.80200    0.00000    0.00000    4.98400
   1.20900    3.14300    0.13400    1.64100    0.00000    0.00000    2.48700
   2.21200    2.02500    0.93200    0.85100    1.00000    0.00000    4.67200
   3.29100    3.60900    0.81100    1.20800    0.00000    0.00000    4.38000
   3.38600    3.17900    0.00000    0.80500    0.00000    0.00000    4.32200
   2.60400    3.27700    0.48600    1.34300    0.00000    0.00000    3.73600
   3.76200    3.04400    1.02800    0.95900    1.00000    0.00000    5.95000
   2.29600    2.21600    0.67900    0.76400    0.00000    0.00000    3.55900
   3.66100    3.86000    0.22300    1.55000    0.00000    1.00000    4.51000
   3.15700    2.11000    1.15000    0.72000    1.00000    0.00000    5.51800
   2.44600    3.55900    0.22300    1.36000    0.00000    0.00000    3.45800
   1.58700    3.36900    0.13400    1.61400    0.00000    0.00000    2.22600
   4.65800    2.37700    1.27800    0.97400    0.00000    0.00000    5.37200
   0.08700    2.12600    0.25100    1.71900    0.00000    0.00000    2.45800
   4.63900    4.53200    0.40500    1.18900    1.00000    4.00000    5.30700
   1.19500    3.08000    0.22300    1.38500    0.00000    0.00000    2.07000
   3.81800    2.37400    1.16000    0.97900    0.00000    1.00000    5.04800
  -0.53400    2.37700    0.33100    1.73400    0.00000    0.00000    1.47400
   2.25500    2.58500    0.00000    0.91700    0.00000    0.00000    3.50200
   1.06400    2.80200    0.22300    1.60000    1.00000    0.00000    4.42300
   1.74800    2.47900    0.88700    0.95400    0.00000    0.00000    4.91200
   1.52200    2.88800    0.40500    1.47200    1.00000    2.00000    5.10500
   1.44200    3.08000    0.22300    1.46200    1.00000    0.00000    3.51800
   3.47400    3.67500    1.11200    1.31400    0.00000    1.00000    4.70600
   2.45500    3.16400    0.22300    0.90900    0.00000    0.00000    3.11200
   1.94000    3.48500    0.22300    1.61400    0.00000    0.00000    3.50700
   5.46900    3.03000    1.82100    1.02700    0.00000    2.00000    6.89700
   1.21000    3.03300    0.69300    1.31200    1.00000    0.00000    4.83200
   2.95600    2.03100    0.89100    0.82200    0.00000    0.00000    4.42000
   2.81300    3.46100    0.22300    1.12000    0.00000    0.00000    4.46300
  -1.17400    3.41000    0.13400    1.72200    0.00000    0.00000    3.01700
   3.18400    3.38000    0.87400    0.90300    0.00000    1.00000    5.27800
   2.42000    3.17100    0.13400    1.18900    1.00000    0.00000    3.56900
   5.33900    4.37200    0.13400    1.25400    0.00000    0.00000    6.56900
   0.07600    2.50700    0.40500    1.50000    0.00000    2.00000    2.85100
   3.12700    3.31500    0.22300    0.79900    0.00000    0.00000    4.44000
   0.41100    2.12600    0.40500    0.91700    4.00000    2.00000    6.38000
   1.39500    2.21500    0.88700    0.88800    0.00000    0.00000    3.93200
   3.26700    3.73900    0.00000    1.25000    1.00000    2.00000    2.14900
   1.76900    2.40500    0.13400    0.84300    0.00000    0.00000    3.21000
   5.93400    3.37600    1.27800    0.91500    0.00000    0.00000    4.86200
   2.22600    1.43900    1.07900    1.86700    0.00000    0.00000    3.40200
   4.90700    4.53600    0.22300    1.29000    0.00000    0.00000    6.63400
   0.75700    3.52600    0.71100    1.59600    0.00000    3.00000    3.42300
   0.90600    2.83100    1.39300    1.07700    0.00000    1.00000    5.31700
   3.18200    3.73000    0.82900    1.56200    0.00000    1.00000    4.73200
  -0.27300    2.03400    0.33100    2.67200    1.00000    0.00000    0.84100
   1.49000    2.76500    0.33100    0.95100    0.00000    1.00000    2.55000
   3.50300    3.83200    0.22300    1.58700    0.00000    0.00000    4.41000
   0.40800    2.46200    0.22300    1.66900    0.00000    0.00000    1.52400
   0.45400    2.85500    1.33100    1.32500    0.00000    2.00000    7.04500
   3.15700    2.08000    1.03300    0.90200    0.00000    0.00000    3.69300
   2.79900    1.97500    0.80200    0.77500    1.00000    0.00000    4.22700
   1.93600    4.26800    0.91600    1.19000    0.00000    2.00000    7.84900
   2.50200    3.73400    0.22300    1.42600    0.00000    0.00000    3.18000
   5.12400    2.93100    1.71000    0.93500    2.00000    2.00000    7.01700
   0.47900    2.12600    0.40500    1.69000    1.00000    1.00000    3.57300
   4.37900    4.28500    0.13400    1.55100    0.00000    0.00000    6.25500
   2.72600    3.69000    0.22300    1.06200    0.00000    0.00000    3.59900
   1.20900    3.14300    0.13400    1.64100    0.00000    0.00000    2.26400
   1.46700    2.34400    0.58200    1.59000    0.00000    0.00000    3.10900
   3.55700    4.22300    0.63800    1.11700    0.00000    1.00000    8.16900
   4.09100    4.07300    0.69300    1.17100    0.00000    2.00000    5.22400
  -0.24100    2.33300    0.25100    2.32700    0.00000    0.00000    3.88400
   3.25900    3.40700    0.00000    1.11100    0.00000    0.00000    4.27900
   3.65900    3.86700    0.00000    1.40000    2.00000    0.00000    5.67800
   1.85900    2.83400    0.13400    1.23700    0.00000    0.00000    3.03000
   0.48900    2.23800    1.51300    2.07800    0.00000    0.00000    4.51300
   0.91500    3.26100    0.33100    2.04700    0.00000    1.00000    4.18200
   1.20900    1.27900    1.16000    1.71400    0.00000    0.00000    2.93600
   3.04600    2.30900    0.90700    0.87100    0.00000    0.00000    3.78200
   2.35200    3.04600    0.00000    1.33300    4.00000    0.00000    3.61400
   1.70100    2.44800    0.63800    1.12100    0.00000    0.00000    2.90400
   2.28800    3.67000    0.72800    2.11000    0.00000    3.00000    2.96400
   2.20000    1.27900    1.32700    1.28400    0.00000    0.00000    4.69700
   2.19300    3.10300    0.13400    1.01600    0.00000    0.00000    3.21000
   1.85900    2.83400    0.13400    0.95000    0.00000    0.00000    3.12000
   2.50900    1.82200    0.82900    0.83400    0.00000    0.00000    3.73100
   4.67300    3.59600    0.60400    1.51500    0.00000    0.00000    5.36300
   3.61700    1.96200    1.34500    0.78300    0.00000    0.00000    5.75200
  -2.88400    3.00100    0.13400    2.92000    0.00000    0.00000    2.37500
  -0.93700    3.15500    0.63800    2.12800    0.00000    0.00000    1.10200
   0.80000    2.87800    0.13400    2.10200    0.00000    0.00000    1.93200
   1.23900    4.19100    0.76200    2.19500    0.00000    0.00000    2.61800
   1.10700    3.02400    0.45200    2.69800    0.00000    0.00000    0.45000
   2.85100    3.00000    0.00000    0.93800    1.00000    0.00000    3.51300
   2.95600    2.11800    0.93400    0.91300    1.00000    0.00000    4.98800
   1.37300    3.02600    0.40500    1.78700    0.00000    1.00000    2.55100
  -1.26500    1.78600    0.70200    1.08100    0.00000    0.00000    8.13200
   0.20200    0.96500    0.64000    1.69500    0.00000    1.00000    3.27200
   1.56900    3.52600    0.71100    1.58600    0.00000    3.00000    3.66000
   0.65500    2.13700    0.22300    1.17900    0.00000    0.00000    3.28800
   2.24200    3.00300    0.13400    1.41300    0.00000    0.00000    2.64700
   1.57000    3.42100    0.58000    1.70000    0.00000    1.00000    5.02900
   0.49100    3.45900    1.47000    1.48300    0.00000    2.00000    4.48600
   1.44200    3.08000    0.22300    1.58300    0.00000    1.00000    2.27100
   2.48100    2.07900    0.98800    0.83600    0.00000    1.00000    2.60800
   3.39500    3.37800    0.13400    0.98800    0.00000    0.00000    4.65000
   2.35700    3.46100    0.22300    1.11100    0.00000    1.00000    3.39300
   0.80000    2.74800    0.22300    2.04800    0.00000    0.00000    1.46200
  -0.29700    1.71300    1.09800    1.75200    0.00000    0.00000    3.04600
   4.83200    4.21100    0.93200    1.04500    0.00000    1.00000    8.91600
   1.06400    2.80200    0.22300    1.60000    0.00000    1.00000    1.99900
   1.44200    2.86600    0.22300    1.28800    0.00000    0.00000    1.90600
   1.69700    2.64100    0.49600    1.07700    0.00000    1.00000    3.53700
   1.97100    3.64100    0.33100    1.93300    1.00000    0.00000    3.24600
   2.11600    1.96500    1.02800    0.76200    0.00000    0.00000    5.30300
  -0.08100    2.70900    0.33100    2.07200    0.00000    0.00000    1.78000
   1.62200    3.92100    0.25100    1.39800    0.00000    0.00000    3.41600
   3.57100    3.62900    0.22300    0.80200    0.00000    0.00000    4.26900
   0.98100    2.81900    0.33100    1.27100    0.00000    1.00000    2.73600
   2.94200    2.62000    0.49900    0.99000    0.00000    0.00000    4.40200
   4.50600    4.25800    0.22300    1.53800    0.00000    1.00000    5.74100
   2.54500    3.60100    0.22300    1.35000    3.00000    2.00000    4.32000
   1.74800    2.47900    0.88700    0.95400    0.00000    0.00000    4.20800
   2.21700    3.81800    0.69300    1.62700    2.00000    2.00000    5.52200
   0.70600    3.22200    0.33100    2.17700    0.00000    0.00000    1.81900
   0.73600    1.78300    0.62900    0.75000    1.00000    0.00000    3.46000
   2.06000    3.46200    0.40500    1.71700    0.00000    1.00000    4.20800
   2.20600    2.23300    0.46000    0.78900    1.00000    0.00000    4.96000
   3.32000    2.39600    1.59300    1.35100    0.00000    0.00000    6.02300
   2.23900    2.37700    0.82700    0.93800    0.00000    0.00000    5.00500
  -0.19700    3.35100    0.79700    2.45600    2.00000    0.00000    3.90300
   2.60400    3.21900    0.81100    1.12700    0.00000    0.00000    4.75900
   4.09800    4.11400    0.22300    1.57100    0.00000    0.00000    5.21900
   2.51000    3.25200    0.22300    1.07700    0.00000    0.00000    4.22000
   2.29400    4.25500    1.69500    1.08700    0.00000    0.00000    4.47500
   1.49200    1.94000    0.74900    1.06600    0.00000    0.00000    2.99000
   1.19900    2.83400    0.13400    1.32200    0.00000    0.00000    2.41300
   0.80000    2.87800    0.13400    1.68400    0.00000    0.00000    2.42500
   2.03300    1.78300    0.57000    1.18700    1.00000    0.00000    6.06400
   0.80000    2.03400    0.64000    1.72700    0.00000    0.00000    2.58600
   1.79500    3.31600    0.22300    1.57100    1.00000    0.00000    3.85400
   1.58700    3.27700    0.22300    1.86900    0.00000    0.00000    2.08500
   1.58700    1.85500    1.06700    1.24400    0.00000    0.00000    3.48700
  -1.16900    2.81700    1.01200    1.52100    0.00000    3.00000    2.06900
   3.79500    2.47700    0.83000    0.98300    0.00000    0.00000    4.74300
   2.48100    2.07900    0.98800    0.83600    0.00000    1.00000    3.29800
   3.46700    4.28500    0.13400    1.71000    0.00000    0.00000    5.38000
   1.65500    3.10100    1.53500    1.32600    0.00000    1.00000    6.23800
   3.31500    3.51400    0.13400    1.07000    1.00000    0.00000    7.80900
   2.64600    2.74000    1.04000    1.60300    0.00000    1.00000    4.21500
   0.88800    2.50700    0.40500    1.65200    1.00000    1.00000    4.60300
   4.06300    2.08500    1.07900    0.89500    0.00000    0.00000    4.74000
   2.33500    1.82200    0.68100    0.79400    0.00000    0.00000    3.69600
   2.19300    3.10300    0.13400    1.01600    0.00000    0.00000    3.65100
   3.04500    2.26000    0.60400    0.83600    0.00000    0.00000    4.19400
   3.26700    3.73900    0.00000    1.25000    2.00000    2.00000    4.63800
   3.38600    3.86700    0.13400    1.17400    0.00000    0.00000    4.06400
   3.21300    2.62400    1.62100    1.50200    0.00000    0.00000    6.31400
   2.89400    3.98000    0.22300    1.72300    0.00000    0.00000    4.70300
   2.45900    2.12600    0.83000    1.45500    0.00000    1.00000    5.82000
   1.14100    3.13700    0.25100    1.33500    0.00000    0.00000    2.41200
   0.56200    2.54200    0.42900    1.89100    0.00000    0.00000    2.12000
   2.68900    2.01900    1.31700    1.28800    0.00000    0.00000    4.36800
   0.58600    2.67700    0.33100    1.58200    0.00000    1.00000    2.89500
   3.66100    3.73400    0.22300    1.37400    0.00000    0.00000    5.15900
   4.83300    4.14100    0.13400    1.22000    0.00000    0.00000    6.23300
   3.51600    3.44100    0.00000    1.66700    0.00000    0.00000    4.53800
   3.57400    2.90000    1.27500    0.91300    0.00000    1.00000    6.56400
   2.18600    3.17100    0.13400    1.01100    0.00000    0.00000    3.98400
   0.14300    2.08600    0.33100    1.22100    1.00000    0.00000    3.81500
   2.73600    1.96500    1.40800    0.70900    0.00000    0.00000    5.29000
   0.24200    2.56500    0.45200    1.52900    0.00000    0.00000    2.11500
   0.80000    2.03400    0.64000    1.72700    0.00000    0.00000    2.07200
   3.56200    3.60500    0.00000    1.15000    0.00000    0.00000    4.82900
   1.29400    3.42600    0.69300    1.48800    0.00000    1.00000    3.02500
   1.94000    2.42300    0.94900    1.15000    0.00000    0.00000    2.44000
   1.79500    3.31600    0.22300    1.57100    0.00000    1.00000    2.94000
   1.85900    2.72800    0.22300    0.95300    0.00000    0.00000    3.29000
   3.02600    3.87100    0.82900    1.55800    0.00000    1.00000    4.53900
   3.11200    3.31400    0.33100    1.17300    1.00000    0.00000    3.81200
   1.86900    3.80200    0.40500    1.52700    1.00000    0.00000    3.70000
   0.46800    2.11100    0.13400    1.25300    0.00000    0.00000    2.91400
   1.37300    3.02600    0.40500    1.54800    0.00000    1.00000    2.84000
  -0.12900    3.19900    0.56000    2.03300    0.00000    0.00000    1.02000
   1.56500    3.64100    0.33100    1.93300    0.00000    1.00000    2.67000
   1.09900    2.49500    0.56000    0.83500    1.00000    0.00000    4.02300
   4.75400    4.05700    1.03200    1.18300    1.00000    3.00000    8.20100
   2.55800    3.73800    1.13100    1.58400    1.00000    2.00000    4.42200
   3.34500    3.81400    0.33100    1.22500    0.00000    1.00000    3.69800
   1.78300    2.98200    0.49600    1.15100    0.00000    1.00000    3.52200
   0.68000    1.63400    0.79800    1.09300    0.00000    0.00000    2.56900
   3.10900    1.84400    1.27500    0.80400    0.00000    0.00000    6.72000
   2.95700    2.75500    0.83000    1.65600    0.00000    0.00000    3.74600
   2.28900    3.67600    0.40500    1.52400    0.00000    1.00000    3.97600
   4.03800    4.02900    0.96500    1.72900    0.00000    0.00000    4.45100
   1.44200    3.08000    0.22300    1.58300    1.00000    0.00000    3.75700
   2.24200    3.33200    0.13400    1.51900    0.00000    0.00000    3.55400
  -0.16500    3.31100    0.97200    2.20800    0.00000    3.00000    4.24400
   2.52900    2.33000    0.93200    0.93100    0.00000    1.00000    4.55900
   2.19300    3.10300    0.13400    1.52100    0.00000    0.00000    3.26700
  -0.43900    3.31500    0.91600    1.75300    0.00000    2.00000    2.50100
   4.06300    2.08500    1.07900    0.89500    0.00000    0.00000    4.89000
   3.04500    2.62000    0.28800    0.83900    0.00000    0.00000    3.75300
   3.31400    1.92500    1.16000    0.80100    0.00000    0.00000    5.19200
   0.34700    2.56000    0.13400    1.75800    0.00000    0.00000    2.28300
   2.85900    3.19100    0.22300    0.84700    0.00000    0.00000    4.96700
   2.19300    3.01200    0.22300    1.02300    0.00000    0.00000    3.85700
   2.57500    3.87400    0.63800    1.35200    4.00000    1.00000    4.56100
   2.84100    2.37400    0.81100    0.81700    1.00000    0.00000    5.27700
   0.70600    3.21900    0.40500    1.60500    0.00000    0.00000    1.13400
   2.64600    1.88600    1.11500    0.65300    0.00000    0.00000    4.34200
   1.96800    2.58300    0.76200    1.10400    0.00000    1.00000    3.88200
   0.62600    3.52800    1.74000    1.28800    0.00000    0.00000    5.46600
   2.52600    2.71000    0.93000    0.72400    0.00000    0.00000    4.83800
   1.88600    2.09400    0.82700    0.86000    0.00000    0.00000    5.44900
   0.89300    2.35900    0.40500    0.81400    0.00000    0.00000    6.40000
   3.29100    2.18900    1.58600    2.00000    0.00000    0.00000    5.24200
   1.61900    3.08000    0.40500    1.60900    1.00000    1.00000    4.78600
   2.12700    2.08600    0.64000    0.83800    0.00000    0.00000    4.45900
   4.05400    3.79300    0.13400    0.93000    0.00000    0.00000    6.03800
   5.42600    4.81000    0.69300    1.42000    0.00000    2.00000    2.54800
   3.06200    4.24700    0.58000    1.36000    2.00000    1.00000    5.06600
   3.04600    2.30900    0.90700    0.87100    0.00000    0.00000    3.77500
   2.60400    2.02400    0.97700    1.32800    0.00000    0.00000    5.05200
  -1.35800    3.42300    1.19000    1.99300    0.00000    4.00000    3.68900
   1.14500    3.93700    0.76200    1.70800    0.00000    0.00000    3.29700
   0.58600    2.42900    0.40500    1.92700    0.00000    1.00000    2.58300
   4.23400    4.08500    0.13400    1.48200    0.00000    0.00000    5.63000
   4.54800    4.46100    0.40500    1.13900    0.00000    1.00000    4.72700
   2.39100    3.57800    0.49600    1.40600    0.00000    1.00000    4.32000
   1.09100    2.30900    0.76200    0.84500    1.00000    0.00000    3.60100
   2.93100    3.05500    1.27300    1.13200    0.00000    0.00000    5.39300
   3.56200    2.77800    0.83000    1.04600    0.00000    0.00000    6.65200
   2.59000    3.42600    0.85000    1.79200    0.00000    0.00000    4.37700
   2.23900    2.37700    0.82700    0.93800    0.00000    0.00000    3.75900
   2.57300    2.16400    1.43700    1.22700    0.00000    2.00000    6.20700
   1.61000    2.25100    0.63800    0.87100    1.00000    0.00000    4.02100
   2.05200    2.97100    0.97200    1.25500    0.00000    2.00000    4.56500
  -0.54400    2.08500    0.56000    2.45100    0.00000    0.00000    1.18000
   0.80000    2.87800    0.13400    1.68400    0.00000    0.00000    2.43600
   0.78700    2.96000    0.88000    1.53000    1.00000    1.00000    5.24400
   1.06400    2.80200    0.22300    1.60000    1.00000    0.00000    3.82500
   1.07400    2.63200    0.42900    1.17600    0.00000    0.00000    2.97500
   4.17700    4.21600    0.22300    1.24800    0.00000    0.00000    5.78000
  -0.78600    1.25100    0.25100    1.12600    0.00000    0.00000    5.07200
   0.20200    0.96500    0.64000    1.69500    1.00000    0.00000    4.37000
  -0.31700    1.42900    0.22300    1.75000    1.00000    0.00000    3.07600
   0.49600    2.45600    0.33100    1.25900    0.00000    1.00000    2.85800
   2.27800    3.65100    1.15100    0.91100    0.00000    2.00000    4.54000
   1.66000    2.54800    0.94700    1.05100    1.00000    0.00000    3.58800
   0.65500    2.46200    0.22300    1.62500    1.00000    0.00000    3.65400
   3.98700    3.96100    0.40500    1.08300    1.00000    0.00000    5.84200
  -0.22600    2.12600    0.40500    1.12700    0.00000    0.00000    3.20600
   2.34300    1.88600    0.98800    0.76400    0.00000    0.00000    3.88900
   2.04200    1.41700    0.89800    0.64800    0.00000    0.00000    4.42100
   1.80700    3.02700    0.33100    1.01100    0.00000    1.00000    3.00900
  -1.18600    2.53400    0.87200    1.61900    0.00000    0.00000    2.73200
   2.97400    3.33300    0.40500    0.96300    1.00000    0.00000    5.63000
   1.67200    1.00000    0.83000    1.43200    0.00000    1.00000    2.85600
   1.39500    2.21500    0.88700    0.88800    0.00000    0.00000    4.08400
  -0.41000    1.77400    0.42900    2.29900    0.00000    0.00000    1.89700
   2.46100    2.45600    0.64000    0.93700    0.00000    0.00000    4.28600
   4.78900    3.72800    0.95600    1.17000    0.00000    0.00000    5.57400
   0.20400    2.53600    0.49600    1.48200    0.00000    1.00000    3.03000
   1.70100    2.50800    0.58000    0.94100    0.00000    0.00000    3.24200
   4.63400    2.12600    1.27800    0.89600    0.00000    0.00000    5.81500
   3.25900    3.25000    0.00000    0.95000    0.00000    0.00000    3.92600
   2.10200    2.23300    0.64000    0.92000    0.00000    1.00000    3.61500
   0.65500    2.13700    0.22300    1.17900    0.00000    0.00000    3.77900
   1.15500    3.08000    0.82700    1.07900    2.00000    0.00000    5.47800
   1.85900    2.72800    0.22300    0.95300    0.00000    0.00000    3.75500
   1.54800    2.92600    0.58200    1.93900    0.00000    0.00000    3.04600
   4.09200    2.58500    1.58600    1.35200    0.00000    0.00000    6.55100
   2.78600    3.43600    0.33100    0.95100    0.00000    0.00000    4.33800
   3.07600    2.68400    0.98800    1.22600    0.00000    1.00000    4.40400
   5.20600    2.63900    1.46200    0.83000    0.00000    0.00000    5.98500
   2.60400    1.92000    1.07900    1.73800    0.00000    0.00000    3.40800
   2.26900    2.21700    0.76400    0.85900    1.00000    0.00000    5.30800
   2.64000    2.12200    1.62100    1.51100    0.00000    0.00000    5.67700
   3.79500    2.12600    0.97700    0.77100    0.00000    0.00000    5.28400
   1.54800    3.13400    0.22300    1.19300    0.00000    0.00000    2.69200
   3.10500    3.64500    0.22300    1.15500    0.00000    0.00000    5.17800
  -1.16900    2.70700    0.97200    1.88900    0.00000    3.00000    2.97600
   2.72900    2.08000    0.89100    0.81600    0.00000    0.00000    4.62000
   2.12700    2.21600    0.58200    0.83900    0.00000    0.00000    3.62000
   2.84100    2.29700    0.76200    0.79800    0.00000    0.00000    3.60800
   3.67700    3.39400    0.00000    0.86800    0.00000    0.00000    4.19900
   4.09800    4.16600    0.13400    1.55600    0.00000    0.00000    5.91200
   4.41200    3.26000    0.81100    0.70200    0.00000    0.00000    6.29800
  -0.52100    3.07900    0.42900    2.13500    0.00000    0.00000    1.30800
   1.29400    2.45600    0.33100    0.87500    0.00000    1.00000    2.26300
   2.51000    3.33200    0.13400    1.51900    0.00000    0.00000    3.41500
   2.59100    3.89600    0.13400    1.98400    0.00000    0.00000    3.45000
   1.79500    3.13400    0.22300    1.31900    0.00000    0.00000    4.80400
   3.61800    4.05000    0.69300    1.38100    0.00000    2.00000    5.49000
   4.05300    2.80300    1.50100    1.12400    0.00000    0.00000    5.38500
  -0.17200    1.94600    0.22300    1.92900    0.00000    0.00000    0.53400
   3.11500    2.57200    1.83400    1.35000    0.00000    2.00000    8.47100
   2.89900    2.81800    0.83000    1.38600    0.00000    0.00000    3.92000
   4.57900    4.03100    1.11300    1.10600    1.00000    2.00000    7.64000
   3.29100    3.66900    0.48600    1.37400    0.00000    0.00000    3.70100
   1.45300    3.26000    0.82900    1.67600    0.00000    1.00000    3.77000
   0.82800    2.22200    0.71100    0.84900    0.00000    0.00000    3.64100
   3.29100    3.60900    0.81100    1.20800    0.00000    0.00000    4.46900
   0.53800    3.01400    0.56000    1.98700    0.00000    1.00000    3.49600
   1.44200    3.08000    0.22300    1.46200    2.00000    0.00000    2.49400
   0.34700    2.39600    0.22300    1.77800    0.00000    0.00000    0.77800
   3.61700    1.96200    1.34500    0.78300    0.00000    0.00000    5.35200
   1.06400    2.80200    0.22300    1.60000    0.00000    1.00000    1.84200
   0.20200    2.02600    0.22300    1.66700    0.00000    1.00000    0.85500
   0.08700    1.78300    0.33100    1.66700    0.00000    0.00000    1.77700
   1.74800    2.47900    0.88700    0.95400    0.00000    0.00000    5.34100
   3.79500    2.12600    0.97700    0.77100    0.00000    0.00000    4.76200
   3.05100    3.33200    0.13400    0.90900    0.00000    0.00000    4.89100
   1.59100    2.72800    0.22300    0.95300    0.00000    0.00000    2.37100
   3.90600    4.41300    0.56000    1.17000    1.00000    2.00000    7.89900
   0.28900    2.55500    1.11000    1.68600    0.00000    0.00000    2.60100
   3.61700    2.01900    1.31700    0.77000    0.00000    0.00000    5.93000
   4.24600    4.21900    1.03300    0.96300    0.00000    1.00000    9.35400
   3.21000    2.62000    0.49900    0.99000    0.00000    0.00000    4.23000
   1.06000    2.72600    0.49600    1.17900    0.00000    1.00000    2.12600
   2.11000    3.26000    0.40500    1.15100    1.00000    0.00000    3.83500
   2.10200    2.82400    0.22300    1.00000    1.00000    0.00000    3.56000
   2.06000    3.46200    0.40500    1.71700    0.00000    1.00000    4.55700
   3.01800    2.74400    0.49600    0.75300    0.00000    0.00000    4.28400
   3.12600    3.18100    0.60400    1.52000    0.00000    0.00000    4.68000
   3.16700    3.67500    1.71800    1.24800    0.00000    0.00000    4.13600
   4.80400    3.38300    1.40800    0.89200    0.00000    0.00000    5.44000
   4.23000    3.75600    0.00000    0.96400    0.00000    0.00000    4.42500
   2.21700    4.88000    0.13400    1.85300    0.00000    0.00000    4.77000
   3.25900    2.44200    0.93400    0.98400    0.00000    1.00000    4.20800
   3.26700    3.46500    0.00000    0.96300    4.00000    0.00000    3.40700
   0.31400    3.02600    0.25100    2.16400    0.00000    0.00000    1.81200
   2.29700    3.90000    0.42900    1.57200    0.00000    1.00000    3.84200
   1.95300    2.21600    0.38900    0.79600    0.00000    0.00000    3.75100
   4.06800    3.11100    0.73200    0.92300    0.00000    0.00000    5.64300
  -0.38000    1.63600    0.33100    1.26500    1.00000    1.00000    2.76600
   2.24800    3.50900    0.85400    1.47800    0.00000    0.00000    2.83200
   2.37100    2.20600    1.30000    1.36000    0.00000    0.00000    4.73900
   0.05700    2.56500    0.69300    1.98700    0.00000    2.00000    4.03100
   1.94000    3.56600    0.13400    1.59500    0.00000    0.00000    3.71900
   1.76900    2.21700    0.87200    0.87500    0.00000    0.00000    4.18200
   1.39300    3.61100    0.33100    2.01700    0.00000    0.00000    2.85900
  -0.53400    2.66500    0.25100    1.76200    0.00000    0.00000    1.79500
   2.62100    2.34800    0.76200    0.85000    0.00000    0.00000    3.76900
   0.05700    2.44100    0.88000    1.54000    0.00000    2.00000    4.92000
   2.60400    3.21900    0.81100    1.12700    0.00000    0.00000    4.25700
   1.74800    2.43900    0.93000    0.92400    0.00000    0.00000    4.85600
  -0.38600    1.51200    0.33100    1.62700    1.00000    0.00000    2.89100
   2.50200    3.66800    0.13400    1.13200    0.00000    0.00000    3.78200
   2.29400    3.02300    0.56000    1.16800    0.00000    1.00000    3.92400
   1.76900    2.51200    0.22300    0.92900    1.00000    0.00000    3.91900
   1.99400    3.26000    0.25100    1.28700    0.00000    1.00000    2.74500
   1.89000    3.35800    1.34800    1.32800    0.00000    0.00000    3.85200
   4.20700    3.32300    1.23200    1.13400    0.00000    0.00000    6.52500
   2.23900    2.37700    0.82700    0.93800    0.00000    0.00000    3.99100
  -2.03000    2.11800    0.95600    1.64300    0.00000    0.00000    3.63800
   3.84200    3.16000    1.02800    0.80900    0.00000    0.00000    5.93900
   2.22200    3.19500    0.49600    1.13300    0.00000    1.00000    4.44600
   0.34700    2.39600    0.22300    1.77800    0.00000    0.00000    1.12100
   2.35700    3.60100    0.22300    1.25400    0.00000    1.00000    3.14100
   2.05600    2.19800    0.79800    0.79000    0.00000    1.00000    3.32800
   2.60400    3.27700    0.48600    1.41600    0.00000    0.00000    5.47000
   1.91900    2.86800    1.28600    1.29400    0.00000    0.00000    4.80900
   1.75000    3.02300    0.56000    1.16800    0.00000    1.00000    3.37900
   1.97600    3.04100    0.94700    1.29800    0.00000    1.00000    6.60700
   2.92200    3.24700    0.63800    0.88900    0.00000    1.00000    4.68000
   4.44900    3.69000    1.15900    1.29500    0.00000    2.00000    5.74900
   2.19300    3.01200    0.22300    1.02300    0.00000    0.00000    3.92000
   3.80600    4.03700    0.13400    1.56300    0.00000    0.00000    5.18000
   2.12700    2.21600    0.58200    0.83900    0.00000    0.00000    4.35300
   2.05000    3.57000    1.37400    2.25900    0.00000    0.00000    6.08300
   2.81300    3.46100    0.22300    1.28100    0.00000    0.00000    4.41600
   1.78300    2.98200    0.49600    1.15100    0.00000    1.00000    3.66500
   3.90900    4.30500    0.22300    1.34800    3.00000    2.00000    5.19200
   2.08100    1.63900    0.83000    1.44500    2.00000    0.00000    5.05000
   2.27400    3.74000    0.13400    1.58100    0.00000    0.00000    3.72100
   3.61800    4.05000    0.69300    1.38100    0.00000    2.00000    5.36700
   1.79500    3.13400    0.22300    1.31900    0.00000    0.00000    2.73900
  -0.46300    2.86200    1.03100    1.82800    0.00000    3.00000    4.51200
   1.89700    3.19800    0.40500    1.39900    0.00000    0.00000    3.87400
   1.11700    3.28200    0.56000    1.74900    0.00000    2.00000    3.75700
   4.19000    2.25100    1.50100    1.19700    0.00000    0.00000    5.63200
   2.35100    3.03600    0.40500    1.20500    0.00000    1.00000    4.24700
   0.13300    2.02400    0.40500    1.60500    0.00000    1.00000    1.30700
   1.27100    3.06500    0.92300    1.31700    0.00000    0.00000    2.01500
   0.80000    2.74800    0.22300    1.70500    0.00000    0.00000    1.58900
   5.14900    3.22200    1.50100    0.87200    0.00000    0.00000    5.86100
   0.14300    2.12600    0.25100    1.11400    0.00000    0.00000    2.15700
   2.22600    2.02400    0.83000    1.76100    0.00000    0.00000    3.00700
   4.91200    3.16400    2.04400    0.83000    0.00000    1.00000    6.11300
   4.76000    3.73900    0.00000    0.70000    0.00000    0.00000    7.34600
   2.21400    3.24000    0.56000    0.88900    0.00000    0.00000    4.54400
   3.95300    4.00500    0.22300    1.54500    0.00000    1.00000    5.05500
   2.64200    3.73400    0.22300    1.45000    2.00000    1.00000    3.84000
   2.46300    2.06500    1.06200    0.85200    0.00000    0.00000    4.39900
   3.85400    3.78000    0.00000    1.18200    0.00000    0.00000    4.93800
   4.65100    4.39500    0.13400    1.54600    0.00000    0.00000    6.48400
   3.90900    3.70900    1.37100    1.47800    0.00000    1.00000    5.56800
   1.94000    2.71900    0.89100    2.29200    0.00000    0.00000    3.28900
   1.43300    2.77700    0.56000    1.12700    1.00000    0.00000    4.76700
   1.81700    1.50000    0.83000    1.89100    0.00000    0.00000    2.92000
   0.02400    1.07500    1.16100    0.86500    0.00000    1.00000    5.38600
   3.98800    2.97800    1.24600    1.10300    0.00000    1.00000    6.53500
   2.81300    3.46100    0.22300    1.12000    0.00000    0.00000    4.47000
   1.34800    2.12500    0.63800    0.83100    0.00000    0.00000    3.53100
   4.87800    3.81900    0.61500    0.86400    0.00000    0.00000    3.71500
   3.31400    2.01900    1.12600    0.79300    0.00000    0.00000    5.00100
  -1.05300    1.96800    0.33100    1.89100    0.00000    0.00000    1.47000
   2.72300    3.31500    0.22300    1.10000    1.00000    0.00000    4.35000
   1.12100    3.15900    0.96500    1.58400    0.00000    2.00000    3.77000
   2.46100    2.56800    0.58200    0.93100    0.00000    0.00000    3.59400
