   1.12100    3.28100    0.69300    1.80800    0.00000    2.00000    3.09500
   3.56300    3.99300    0.22300    1.21400    1.00000    0.00000    4.61100
   1.74800    2.47900    0.88700    0.95400    0.00000    0.00000    5.34100
   3.37400    3.73900    0.00000    1.20400    1.00000    1.00000    5.68900
   0.43000    2.81500    0.56000    1.58500    1.00000    1.00000    4.59000
   2.59000    3.17500    0.85900    2.09500    0.00000    0.00000    4.09500
   0.18000    0.97300    0.98800    1.48900    0.00000    1.00000    2.72500
   3.11200    3.32600    0.64700    0.98600    0.00000    1.00000    4.08100
   2.94200    3.17900    0.00000    1.06300    0.00000    0.00000    3.81100
   2.57500    3.87400    0.63800    1.35200    4.00000    1.00000    4.56100
   4.57000    4.82900    0.33100    1.52100    4.00000    4.00000    6.34700
   2.42000    3.11000    0.00000    1.07900    2.00000    0.00000    3.97400
   2.05400    3.43600    1.22500    1.83900    0.00000    0.00000    5.08700
   4.05300    2.80300    1.50100    1.12400    0.00000    0.00000    5.38500
   2.70200    3.09800    0.93000    1.07500    0.00000    0.00000    5.65000
   2.35100    3.03600    0.40500    1.20500    0.00000    1.00000    4.24700
   0.54800    1.96100    0.13400    1.21500    1.00000    0.00000    2.56700
  -1.05300    2.33300    0.25100    1.94600    0.00000    0.00000    2.57600
   1.70100    2.50800    0.58000    0.94100    0.00000    0.00000    3.79900
   0.65500    2.13700    0.22300    1.17900    0.00000    0.00000    3.77900
   2.63700    3.01200    0.22300    0.76000    0.00000    0.00000    4.53800
   0.20200    2.03100    0.87200    1.47500    0.00000    1.00000    6.42400
   2.35700    3.46100    0.22300    1.11100    0.00000    1.00000    3.39300
   2.55300    2.37500    1.02600    1.09000    0.00000    1.00000    3.89500
   4.76000    3.73900    0.00000    0.70000    0.00000    0.00000    7.34600
   4.09100    4.07300    0.69300    1.17100    0.00000    2.00000    5.22400
   5.93400    3.37600    1.27800    0.91500    0.00000    0.00000    4.86200
   1.39500    2.18300    0.93000    0.84600    0.00000    0.00000    4.22400
   1.54800    3.13400    0.22300    1.19300    0.00000    0.00000    2.69200
   1.74800    2.43900    0.93000    0.92400    0.00000    0.00000    4.85600
   2.99800    3.95700    0.22300    1.26900    2.00000    3.00000    4.57700
   1.24600    2.68500    0.40500    1.14500    0.00000    0.00000    3.21900
   3.37400    3.73900    0.00000    1.20400    0.00000    1.00000    5.43400
   1.80100    2.82400    0.22300    1.05100    0.00000    0.00000    3.16800
   1.94700    3.41000    0.22300    1.27800    1.00000    2.00000    2.73700
   3.98800    2.97800    1.24600    1.10300    0.00000    1.00000    6.53500
   1.93600    4.26800    0.91600    1.19000    0.00000    2.00000    7.84900
   1.65400    3.37800    1.38000    1.25000    0.00000    0.00000    5.93300
   0.70600    3.21900    0.40500    1.60500    0.00000    0.00000    1.13400
   4.20600    4.13900    0.49600    1.43000    0.00000    1.00000    5.76700
   3.31800    2.98700    1.07600    0.92100    0.00000    1.00000    6.07700
   4.27900    3.82800    1.25900    0.96600    1.00000    2.00000    8.60400
   1.85900    2.83400    0.13400    0.95000    0.00000    0.00000    3.47000
   1.43700    2.80000    0.69300    1.09100    0.00000    1.00000    3.60300
   2.78600    3.43600    0.33100    0.95100    0.00000    0.00000    4.33800
   2.51000    3.25200    0.22300    1.07700    0.00000    0.00000    4.22000
  -1.05300    1.96800    0.33100    1.89100    0.00000    0.00000    1.47000
   2.08100    1.63900    0.83000    1.44500    2.00000    0.00000    5.05000
   0.20200    2.02600    0.22300    1.66700    1.00000    0.00000    2.65000
   3.98700    3.96100    0.40500    1.08300    1.00000    0.00000    5.84200
   2.95700    1.70100    1.44300    1.90500    0.00000    0.00000    4.44000
   3.02600    3.87100    0.82900    1.55800    0.00000    1.00000    4.53900
  -0.17200    2.16500    0.13400    1.91200    0.00000    0.00000    2.30000
   0.80000    2.74800    0.22300    1.70500    0.00000    0.00000    1.06300
   0.88800    2.50700    0.40500    1.65200    1.00000    1.00000    4.60300
   1.61000    2.25100    0.63800    0.87100    1.00000    0.00000    4.02100
   2.35400    2.43500    1.11300    1.10900    0.00000    1.00000    2.83900
   2.72900    1.96200    0.93400    0.81900    0.00000    0.00000    4.29600
   1.06000    2.72600    0.49600    1.17900    0.00000    1.00000    2.26900
   3.25900    3.40700    0.00000    1.11100    0.00000    0.00000    4.19200
   0.99600    2.75500    0.40500    1.84400    0.00000    1.00000    3.23100
   4.41600    3.25200    0.49900    0.83200    0.00000    0.00000    4.38400
   1.18200    2.81800    0.88000    1.48800    0.00000    0.00000    3.72600
   2.23900    2.37700    0.82700    0.93800    0.00000    0.00000    3.99100
   3.29100    3.60900    0.81100    1.20800    0.00000    0.00000    4.46900
   0.65500    2.13700    0.22300    1.17900    0.00000    0.00000    3.84100
   2.35800    1.98300    1.71400    2.10500    0.00000    0.00000    5.06200
   2.81300    3.53200    0.13400    1.51800    0.00000    0.00000    3.95900
   3.87600    3.46500    0.00000    0.83700    0.00000    0.00000    4.80900
   1.27200    3.40500    0.25100    1.56000    0.00000    0.00000    4.13200
   4.20700    3.32300    1.23200    1.13400    0.00000    0.00000    6.50000
   0.20200    2.02600    0.22300    1.42900    1.00000    0.00000    5.25900
   3.31400    1.92500    1.16000    0.80100    0.00000    0.00000    5.19200
   1.23900    3.02300    0.56000    1.34900    1.00000    0.00000    3.91700
   0.47900    2.12600    0.40500    1.69000    1.00000    1.00000    3.57300
   0.80000    2.87800    0.13400    2.10200    0.00000    0.00000    1.93200
   1.64300    2.49500    0.56000    0.83500    0.00000    1.00000    1.96900
   4.63400    2.12600    1.27800    0.89600    0.00000    0.00000    5.81500
   1.29400    3.42600    0.69300    1.48800    0.00000    1.00000    3.02500
   3.42600    1.89200    1.44100    0.77600    0.00000    0.00000    6.08700
   1.13200    2.43000    0.49600    0.83000    1.00000    0.00000    4.62800
   0.43400    2.83600    0.69300    1.43000    0.00000    2.00000    3.17800
   1.37300    3.02600    0.40500    1.54800    0.00000    1.00000    2.84000
   1.57000    3.42100    0.58000    1.70000    0.00000    1.00000    5.02900
   0.65200    2.95500    0.33100    1.31300    0.00000    0.00000    2.96100
   2.05000    3.57000    1.37400    2.25900    0.00000    0.00000    6.08300
   0.99600    1.00000    1.15000    0.96800    0.00000    1.00000    3.49900
   1.51500    2.78100    0.71100    1.14700    0.00000    0.00000    3.84600
   2.50200    3.86000    0.22300    1.42900    0.00000    0.00000    3.91900
   0.11300    2.42800    0.95600    2.60900    0.00000    0.00000    1.30100
   1.58700    3.36900    0.13400    1.61400    0.00000    0.00000    2.22600
   2.31400    3.92400    0.69300    1.70700    0.00000    2.00000    4.71300
   2.05200    2.97100    0.97200    1.25500    0.00000    2.00000    4.56500
   1.39500    2.21500    0.88700    0.88800    0.00000    0.00000    4.08400
   2.29600    2.21600    0.67900    0.76400    0.00000    0.00000    3.55900
   4.63900    4.53200    0.40500    1.18900    2.00000    3.00000    5.10400
   3.47800    2.12600    0.83000    0.89900    0.00000    0.00000    4.19400
   2.27400    3.74000    0.13400    1.58100    0.00000    0.00000    3.72100
   0.87400    2.59100    0.33100    1.62900    0.00000    0.00000    2.39500
   4.06300    2.08500    1.07900    0.89500    0.00000    0.00000    4.79000
   1.53900    2.52800    0.58000    1.29700    0.00000    0.00000    3.02500
   1.44200    3.08000    0.22300    1.46200    1.00000    0.00000    3.51800
   1.74800    2.47900    0.88700    0.95400    0.00000    0.00000    4.20800
   4.63300    3.88800    0.69300    0.97800    0.00000    2.00000    6.60000
   3.32000    2.39600    1.59300    1.35100    0.00000    0.00000    6.02300
   2.93100    3.05500    1.27300    1.13200    0.00000    0.00000    5.39300
   0.73600    2.80100    0.72800    2.22600    0.00000    2.00000    3.10900
   2.12900    3.52000    0.22300    1.56200    0.00000    1.00000    3.44600
   1.88600    2.09400    0.82700    0.86000    0.00000    0.00000    5.44900
   1.68000    2.59400    0.25100    0.86100    0.00000    0.00000    3.11200
   1.61000    2.25100    0.63800    0.87100    1.00000    0.00000    4.17500
   2.82100    3.62900    0.33100    1.47800    0.00000    1.00000    3.24000
   2.97400    3.33300    0.40500    0.96300    1.00000    0.00000    5.63000
  -0.38600    1.51200    0.33100    1.62700    1.00000    0.00000    2.89100
   1.70100    2.50800    0.58000    0.94100    0.00000    0.00000    3.76600
   3.47800    2.12600    0.83000    0.89900    0.00000    0.00000    4.55200
  -0.70300    2.03100    0.49600    1.95200    0.00000    1.00000    1.23100
   2.26900    2.21700    0.76400    0.85900    1.00000    0.00000    5.30800
   2.11000    3.26000    0.40500    1.15100    1.00000    0.00000    3.83500
   2.34300    1.88600    0.98800    0.76400    0.00000    0.00000    3.88900
   2.83700    3.64500    0.22300    1.15500    0.00000    0.00000    3.39300
   1.12100    3.15900    0.96500    1.58400    0.00000    2.00000    3.77000
  -0.24100    2.33300    0.25100    2.32700    0.00000    0.00000    3.88400
   0.68000    1.63400    0.79800    1.09300    0.00000    0.00000    2.56900
   2.68800    2.46900    0.58200    0.91300    0.00000    0.00000    4.00200
   1.76900    2.21700    0.87200    0.87500    0.00000    0.00000    4.18200
   4.65800    2.37700    1.27800    0.97400    0.00000    0.00000    5.37200
  -0.19700    3.35100    0.79700    2.45600    2.00000    0.00000    3.90300
   0.99600    1.09400    1.23600    1.46100    0.00000    1.00000    1.91100
   2.60400    3.21900    0.81100    1.12700    0.00000    0.00000    4.25700
   4.23400    4.13700    0.22300    1.54200    0.00000    1.00000    5.19400
   0.80000    2.03400    0.64000    1.72700    0.00000    0.00000    2.07200
   3.84200    3.16000    1.02800    0.80900    0.00000    0.00000    5.93900
   2.78200    3.26000    0.40500    0.92100    0.00000    0.00000    4.57800
   3.95300    4.00500    0.22300    1.54500    0.00000    1.00000    5.05500
   0.09400    1.59400    0.22300    1.33300    2.00000    0.00000    6.29700
   3.35800    3.70000    0.22300    1.55600    0.00000    1.00000    3.97100
   3.03800    3.51400    0.00000    1.37500    2.00000    2.00000    4.46500
   3.11200    3.31400    0.33100    1.17300    1.00000    0.00000    3.81200
   0.24200    2.56500    0.45200    1.52900    0.00000    0.00000    2.11500
   1.50600    2.51200    0.13400    0.86200    0.00000    0.00000    3.07800
   0.98200    2.11900    0.92300    1.17900    0.00000    1.00000    1.05000
   4.50600    4.25800    0.22300    1.53800    0.00000    1.00000    5.74100
  -0.56400    1.42900    0.22300    1.80400    0.00000    0.00000    2.72000
   3.90900    3.70900    1.37100    1.47800    0.00000    1.00000    5.56800
   1.69700    2.64100    0.49600    1.07700    0.00000    1.00000    3.53700
   0.05700    2.44100    0.88000    1.54000    0.00000    2.00000    4.92000
   2.06000    3.46200    0.40500    1.71700    0.00000    1.00000    4.20800
   1.85900    2.72800    0.22300    0.95300    0.00000    0.00000    3.89700
   1.34800    2.12500    0.63800    0.83100    0.00000    0.00000    3.53100
   2.71500    2.91400    0.79800    0.97500    0.00000    1.00000    4.10900
  -0.53400    2.37700    0.33100    2.11100    0.00000    0.00000    2.15600
   3.26700    3.73900    0.00000    1.25000    2.00000    2.00000    4.63800
   4.78900    3.72800    0.95600    1.17000    0.00000    0.00000    5.57400
   0.65500    2.46200    0.22300    1.62500    0.00000    1.00000    1.35200
   1.45900    3.43200    0.63800    1.38500    0.00000    1.00000    5.33900
   0.14300    2.08600    0.33100    1.22100    1.00000    0.00000    3.81500
   2.42000    3.08700    0.22300    0.96000    1.00000    0.00000    3.97900
   1.10700    3.02400    0.45200    2.69800    0.00000    0.00000    0.45000
   1.74200    3.63400    0.69300    1.74700    0.00000    2.00000    4.05100
   1.54800    2.92600    0.58200    1.93900    0.00000    0.00000    3.04600
   3.18200    3.73000    0.82900    1.56200    0.00000    1.00000    4.73200
   2.57600    3.78800    0.69300    1.36500    0.00000    2.00000    4.66400
   1.76900    2.51200    0.22300    0.92900    1.00000    0.00000    3.91900
   0.41100    2.12600    0.40500    0.91700    4.00000    2.00000    6.38000
   3.35800    3.63000    0.13400    1.47600    0.00000    0.00000    4.30500
  -0.78600    1.25100    0.25100    1.12600    0.00000    0.00000    5.07200
   3.30600    3.77600    0.40500    0.92000    0.00000    0.00000    4.69100
  -0.29400    4.06100    0.13400    1.65800    0.00000    0.00000    3.15100
  -1.17400    3.41000    0.13400    1.72200    0.00000    0.00000    3.01700
   2.27000    3.50100    0.40500    1.58500    1.00000    1.00000    5.14700
   3.12700    3.31500    0.22300    0.79900    0.00000    0.00000    4.44000
   2.46300    2.06500    1.06200    0.85200    0.00000    0.00000    4.39900
   3.10900    1.84400    1.27500    0.80400    0.00000    0.00000    6.72000
   3.55800    2.46500    1.58600    1.00000    0.00000    4.00000    7.59100
   4.41200    3.26000    0.81100    0.70200    0.00000    0.00000    6.29800
   2.22400    3.58500    0.33100    1.49100    0.00000    0.00000    3.53000
   3.88700    3.69000    0.22300    0.88300    0.00000    0.00000    6.64400
   3.31400    2.01900    1.12600    0.79300    0.00000    0.00000    4.73700
   1.06400    2.80200    0.22300    1.60000    0.00000    1.00000    1.74800
   4.92600    2.26000    1.44300    0.90200    0.00000    0.00000    6.00600
   1.79500    3.31600    0.22300    1.57100    1.00000    0.00000    3.85400
   1.80700    3.02700    0.33100    1.01100    0.00000    1.00000    3.00900
   1.53300    3.10300    0.13400    1.34400    0.00000    0.00000    3.17400
   2.60400    3.21900    0.81100    1.12700    0.00000    0.00000    4.75900
   1.70000    2.47700    0.40500    0.87600    0.00000    1.00000    2.47400
   3.29100    2.18900    1.58600    2.00000    0.00000    0.00000    5.24200
   2.50200    3.66800    0.13400    1.13200    0.00000    0.00000    3.78200
   2.51000    3.25200    0.22300    1.07700    0.00000    0.00000    4.02000
  -0.27300    2.03400    0.33100    2.67200    1.00000    0.00000    0.84100
   3.21300    2.62400    1.62100    1.50200    0.00000    0.00000    6.31400
   1.39300    3.61100    0.33100    2.01700    0.00000    0.00000    2.85900
  -0.93700    3.20100    0.69300    2.00400    0.00000    0.00000    0.33000
   1.14100    3.13700    0.25100    1.33500    0.00000    0.00000    2.41200
   0.15600    1.96100    0.13400    1.27000    0.00000    0.00000    2.50500
   3.49200    3.83300    0.40500    1.52200    0.00000    1.00000    2.09200
   5.17600    3.97900    1.30600    1.40400    0.00000    1.00000    4.23900
  -0.08100    2.70900    0.33100    2.07200    0.00000    0.00000    1.78000
   1.88200    3.52000    0.22300    1.59000    0.00000    0.00000    2.88300
   2.02600    2.21900    0.60400    1.53700    0.00000    0.00000    3.26200
   3.08900    3.20000    1.53100    1.05900    0.00000    0.00000    6.16000
   1.66100    3.61800    0.84200    1.68600    0.00000    2.00000    5.18400
   4.09200    2.58500    1.58600    1.35200    0.00000    0.00000    6.55100
   3.39500    3.37800    0.13400    0.98800    0.00000    0.00000    4.65000
   1.78300    2.98200    0.49600    1.15100    0.00000    1.00000    3.52200
   2.67900    3.13000    0.42900    0.88000    0.00000    0.00000    5.22900
   5.33900    4.37200    0.13400    1.25400    0.00000    0.00000    6.56900
   0.34700    2.39600    0.22300    1.77800    0.00000    0.00000    1.12100
   1.33500    2.86600    0.22300    1.28800    2.00000    0.00000    3.41100
   0.05700    2.56500    0.69300    1.98700    0.00000    2.00000    4.03100
   1.19900    2.83400    0.13400    1.32200    0.00000    0.00000    2.41300
   2.21300    2.52600    0.71300    1.20100    1.00000    0.00000    3.56100
   1.74600    3.69100    0.71100    1.07300    0.00000    2.00000    5.47200
   1.94000    2.16000    1.16000    1.60700    0.00000    0.00000    3.13000
   2.19300    3.01200    0.22300    1.02300    0.00000    0.00000    3.92000
   2.94200    3.17900    0.00000    1.06300    0.00000    0.00000    3.82200
   1.97400    2.73900    0.00000    1.30000    1.00000    1.00000    2.95300
   2.60400    3.21900    0.81100    1.15100    0.00000    0.00000    3.39700
   3.29100    3.60900    0.81100    1.18900    0.00000    0.00000    5.11500
   4.29500    4.28800    0.86500    1.32700    0.00000    0.00000    5.64200
   1.58700    3.27700    0.22300    1.63300    0.00000    0.00000    2.98000
   3.90300    4.56600    0.35700    1.39400    4.00000    1.00000    6.92300
   3.30500    3.38000    1.74900    1.13500    0.00000    1.00000    4.95100
   4.57900    4.03100    1.11300    1.10600    1.00000    2.00000    7.64000
   2.18600    3.17100    0.13400    1.01100    0.00000    0.00000    3.98400
   1.02400    3.12600    0.69300    1.69000    2.00000    2.00000    4.28200
   2.29600    2.56800    0.38900    1.01200    0.00000    0.00000    3.51300
   0.13300    2.02400    0.40500    2.06500    0.00000    1.00000    2.26900
  -1.05300    1.95100    0.40500    1.87800    0.00000    0.00000    0.05300
   1.07400    2.63200    0.42900    1.17600    0.00000    0.00000    2.97500
   2.54500    3.60100    0.22300    1.35000    3.00000    2.00000    4.32000
   2.27800    3.65100    1.15100    0.91100    0.00000    2.00000    4.54000
   0.45400    2.59400    0.25100    1.28700    0.00000    0.00000    1.74900
   1.85900    2.83400    0.13400    0.95000    0.00000    0.00000    2.82700
   2.39100    3.57800    0.49600    1.40600    0.00000    1.00000    4.32000
   2.19300    3.01200    0.22300    1.02300    0.00000    0.00000    3.75100
   3.26700    3.46500    0.00000    0.96300    4.00000    0.00000    3.40700
   0.98100    2.81900    0.33100    1.27100    0.00000    1.00000    2.73600
   4.26800    3.59300    1.23600    1.16600    0.00000    0.00000    7.60700
   2.12700    2.08600    0.64000    0.83800    0.00000    0.00000    4.45900
   2.10200    2.23300    0.64000    0.92000    0.00000    1.00000    3.61500
   4.09800    4.16600    0.13400    1.55600    0.00000    0.00000    5.91200
   3.66100    3.73400    0.22300    1.37400    0.00000    0.00000    5.15900
  -0.38000    1.63600    0.33100    1.26500    1.00000    1.00000    2.76600
   1.20900    3.14300    0.13400    1.64100    0.00000    0.00000    2.69200
   1.74800    2.47900    0.88700    0.95400    0.00000    0.00000    4.91200
   2.97400    3.33300    0.40500    0.96300    1.00000    0.00000    4.63200
   4.17900    3.59600    0.97200    0.94100    0.00000    1.00000    4.82800
   2.20900    3.55700    0.33100    1.30100    2.00000    1.00000    4.71100
   3.47400    3.67500    1.11200    1.31400    0.00000    1.00000    4.70600
   2.37000    1.97700    1.11200    0.88100    0.00000    0.00000    4.79800
   2.41900    2.60900    0.60400    1.52900    0.00000    0.00000    3.57200
   0.40800    2.46200    0.22300    1.66900    0.00000    0.00000    1.52400
   3.39900    4.32700    0.56000    1.25400    2.00000    5.00000    6.68300
   2.65900    3.24700    0.87400    1.22100    0.00000    1.00000    4.26200
   3.34500    3.81400    0.33100    1.22500    0.00000    1.00000    3.69800
   1.79500    3.31600    0.22300    1.57100    1.00000    0.00000    3.97900
   1.79500    3.13400    0.22300    1.31900    0.00000    0.00000    4.80400
   5.74100    4.35600    1.02800    1.22400    0.00000    1.00000    5.75800
   0.20200    1.81800    0.13400    1.44500    0.00000    0.00000    1.55900
   1.79500    3.13400    0.22300    1.31900    0.00000    0.00000    2.73900
   2.52600    2.71000    0.93000    0.72400    0.00000    0.00000    4.83800
   1.05000    2.86600    0.22300    1.33300    0.00000    1.00000    2.27000
   2.23300    3.05000    0.40500    0.86800    1.00000    3.00000    6.19500
   0.07600    2.50700    0.40500    1.50000    2.00000    0.00000    3.93600
   1.39800    2.88800    0.25100    1.77100    0.00000    0.00000    2.98300
   3.76200    3.04400    1.02800    0.95900    1.00000    0.00000    5.95000
   2.52700    3.58700    0.67500    2.10800    0.00000    0.00000    3.65600
   2.19300    3.01200    0.22300    1.02300    0.00000    0.00000    3.85700
   5.20700    2.58500    1.58600    0.91700    0.00000    0.00000    6.37900
   2.15200    3.00300    0.13400    1.03200    0.00000    0.00000    4.17100
   1.37300    3.02600    0.40500    1.78700    0.00000    1.00000    2.55100
   1.06000    2.72600    0.49600    1.10800    0.00000    1.00000    3.10000
   1.58700    2.87500    0.58200    2.31100    0.00000    0.00000    3.07500
   1.24600    2.88800    0.25100    0.94400    0.00000    0.00000    1.93500
   0.31400    3.02900    0.33100    1.84700    0.00000    0.00000    2.47400
   2.21700    4.88000    0.13400    1.85300    0.00000    0.00000    4.77000
  -2.08900    2.82200    0.81100    1.52400    0.00000    0.00000    0.60000
   3.24700    3.59900    0.70200    1.51400    2.00000    1.00000    6.18300
   3.90900    4.30500    0.22300    1.34800    3.00000    2.00000    5.19200
   3.79500    2.47700    0.83000    0.98300    0.00000    0.00000    4.74300
   3.50300    3.83200    0.22300    1.58700    0.00000    0.00000    4.41000
   2.94200    2.62000    0.49900    0.99000    0.00000    0.00000    4.40200
   2.29700    3.90000    0.42900    1.57200    0.00000    1.00000    3.84200
   3.04600    2.30900    0.90700    0.87100    0.00000    0.00000    3.78200
   1.56400    3.58800    0.25100    1.50600    0.00000    0.00000    3.57000
   0.84600    2.51200    0.13400    1.29300    0.00000    0.00000    2.81100
   2.90400    4.13500    0.58000    1.26300    1.00000    2.00000    5.53800
   2.44600    3.55900    0.22300    1.36000    0.00000    0.00000    3.45800
   4.04400    3.82200    0.00000    1.12500    1.00000    0.00000    5.51000
   1.91900    2.86800    1.28600    1.29400    0.00000    0.00000    4.80900
   0.82800    2.22200    0.71100    0.84900    0.00000    0.00000    3.64100
   1.74800    2.47900    0.88700    0.95400    0.00000    0.00000    4.18100
   2.12700    2.21600    0.58200    0.83900    0.00000    0.00000    3.97900
   4.33200    4.53500    0.56000    1.13700    1.00000    2.00000    8.57100
  -0.08100    2.70100    0.40500    2.00300    0.00000    0.00000    0.53300
   3.11000    1.73300    1.07700    0.81000    0.00000    0.00000    4.63000
  -0.11500    3.01400    0.56000    1.78100    0.00000    0.00000    0.89800
   1.70100    2.50800    0.58000    0.94100    0.00000    0.00000    3.24200
   2.24200    3.33200    0.13400    1.06800    0.00000    0.00000    3.80600
   2.19300    3.10300    0.13400    1.52100    0.00000    0.00000    3.26700
   1.56900    3.52600    0.71100    1.58600    0.00000    3.00000    3.66000
   3.12700    3.31500    0.22300    0.79900    0.00000    0.00000    4.50700
   1.39100    2.43400    1.17000    0.99600    1.00000    0.00000    3.57500
   1.06400    2.80200    0.22300    1.60000    1.00000    0.00000    4.42300
   1.31300    1.63400    0.71300    1.19000    0.00000    0.00000    2.78200
  -0.45000    2.00000    0.69300    1.12800    2.00000    2.00000    4.36600
   1.43300    2.77700    0.56000    1.12700    1.00000    0.00000    4.76700
   1.49200    1.94000    0.74900    1.06600    0.00000    0.00000    2.99000
   1.04200    3.33000    0.56000    1.55500    0.00000    2.00000    3.69100
   2.48100    2.07900    0.98800    0.83600    0.00000    1.00000    2.60800
   1.06000    2.72600    0.49600    1.17900    0.00000    1.00000    2.12600
   3.57400    2.90000    1.27500    0.91300    0.00000    1.00000    6.56400
   2.25500    2.58500    0.00000    0.91700    0.00000    0.00000    3.50200
   2.95600    2.03100    0.89100    0.82200    0.00000    0.00000    4.42000
   2.72900    2.08000    0.89100    0.81600    0.00000    0.00000    4.33200
   0.99600    1.52300    1.02800    1.51200    0.00000    1.00000    2.69300
   4.59400    2.08600    1.68500    0.39600    0.00000    0.00000    6.72000
  -0.74100    2.33000    0.58000    1.77600    0.00000    2.00000    0.89000
   2.23900    2.37700    0.82700    0.93800    0.00000    0.00000    3.91000
   1.06400    2.54400    0.22300    1.24500    0.00000    0.00000    3.38000
   2.29400    4.25500    1.69500    1.08700    0.00000    0.00000    4.47500
   4.24600    4.21900    1.03300    0.96300    0.00000    1.00000    9.35400
   0.88300    2.12500    0.73000    1.53700    0.00000    0.00000    3.00700
  -0.22600    2.12600    0.40500    1.12700    0.00000    0.00000    3.20600
   1.66700    2.47700    0.40500    0.87600    1.00000    0.00000    4.72500
   5.12400    2.93100    1.71000    0.93500    2.00000    2.00000    7.01700
   3.37700    2.23300    1.07000    0.84100    1.00000    0.00000    5.25100
   1.73700    2.87600    0.92800    1.37200    0.00000    1.00000    6.14800
   2.43300    3.55000    1.18200    1.62400    0.00000    0.00000    4.81100
  -0.12800    2.36600    0.40500    2.60600    0.00000    0.00000    1.03700
   2.34500    3.40200    0.49600    1.45000    1.00000    0.00000    4.55700
   2.85900    3.25200    0.13400    0.87500    0.00000    0.00000    5.29200
   2.04200    1.41700    0.89800    0.64800    0.00000    0.00000    4.42100
   2.35700    2.85700    1.42100    2.28200    0.00000    0.00000    4.29500
   3.23700    3.05200    0.63800    0.90300    0.00000    0.00000    4.90600
   1.95300    2.21600    0.38900    0.79600    0.00000    0.00000    3.75100
   2.12900    3.36100    0.22300    1.34200    0.00000    0.00000    5.48500
   2.28900    3.67600    0.40500    1.52400    0.00000    1.00000    3.97600
   4.67300    3.59600    0.60400    1.51500    0.00000    0.00000    5.36300
   1.11700    3.28200    0.56000    1.74900    0.00000    2.00000    3.75700
   2.21400    3.24000    0.56000    0.88900    0.00000    0.00000    4.54400
   1.34800    2.12500    0.63800    0.83100    0.00000    0.00000    2.93900
   3.16700    3.67500    1.71800    1.24800    0.00000    0.00000    4.13600
   1.29700    3.35300    0.85400    1.94400    0.00000    0.00000    2.45100
   1.70100    2.50800    0.58000    0.94100    0.00000    0.00000    3.78900
   1.31200    2.96100    0.40500    1.18900    0.00000    0.00000    2.60400
   1.99600    3.04900    0.76200    1.25800    0.00000    2.00000    4.36900
   2.72900    2.08000    0.89100    0.81600    0.00000    0.00000    4.98900
   2.24200    3.00300    0.13400    1.41300    0.00000    0.00000    2.64700
   1.44200    3.08000    0.22300    1.58300    0.00000    1.00000    3.06100
   2.85100    3.00000    0.00000    0.93800    1.00000    0.00000    3.51300
   2.20000    1.27900    1.32700    1.28400    0.00000    0.00000    4.69700
   0.40800    1.63600    0.64000    1.69500    0.00000    0.00000    3.86100
   1.70100    2.44800    0.63800    0.92100    0.00000    0.00000    3.51300
   1.29400    2.45600    0.33100    0.87500    0.00000    1.00000    2.26300
   2.37100    2.20600    1.30000    1.36000    0.00000    0.00000    4.73900
   0.05200    2.52300    0.56000    1.60200    1.00000    1.00000    4.38400
   2.04800    3.31400    0.33100    1.39700    3.00000    0.00000    4.47300
   2.74900    4.78500    1.26300    1.47100    1.00000    4.00000    9.61200
   1.11900    1.81400    1.31600    1.07400    0.00000    1.00000    3.35000
  -1.30600    1.00000    0.40500    1.50000    2.00000    0.00000    2.38100
   2.37000    2.23300    0.64000    0.92000    1.00000    0.00000    4.80500
   2.24100    2.43000    0.49600    0.94600    0.00000    0.00000    3.56800
   0.20200    1.59400    0.22300    1.06800    0.00000    0.00000    4.56400
   2.60400    2.42900    0.83000    1.69600    0.00000    0.00000    3.39100
   2.46100    2.45600    0.64000    0.93700    0.00000    0.00000    4.28600
   1.65500    3.10100    1.53500    1.32600    0.00000    1.00000    6.23800
   1.85100    3.59100    0.58000    1.68500    0.00000    1.00000    4.11700
   1.75600    3.11100    0.40500    1.05000    0.00000    2.00000    5.16900
   2.94200    3.17900    0.00000    1.06300    0.00000    0.00000    3.94700
   1.70100    2.50800    0.58000    0.94100    0.00000    0.00000    3.79900
   2.60400    1.92000    1.07900    1.73800    0.00000    0.00000    3.40800
  -0.31600    2.24000    0.40500    1.20300    0.00000    0.00000    2.28600
   2.10200    2.82400    0.22300    1.00000    1.00000    0.00000    3.56000
   1.87800    3.35300    0.40500    1.41800    1.00000    1.00000    5.01800
   3.61700    1.96200    1.34500    0.78300    0.00000    0.00000    5.75200
   2.00500    3.10200    0.69300    1.31600    0.00000    2.00000    3.45100
   2.45500    3.16400    0.22300    0.90900    0.00000    0.00000    3.11200
   1.70100    2.44800    0.63800    0.92100    0.00000    0.00000    3.52100
   1.45300    3.26000    0.82900    1.67600    0.00000    1.00000    3.77000
   3.25900    2.44200    0.93400    0.98400    0.00000    1.00000    4.20800
   1.60200    2.64700    1.28600    1.27800    0.00000    0.00000    4.50800
   2.57300    2.16400    1.43700    1.22700    0.00000    2.00000    6.20700
   2.60400    1.50000    1.27800    1.86800    0.00000    0.00000    3.91600
   1.20900    3.03500    0.22300    1.66200    0.00000    0.00000    2.21700
   3.04500    2.26000    0.60400    0.83600    0.00000    0.00000    4.19400
   2.10200    2.82400    0.22300    1.00000    1.00000    0.00000    3.36000
   3.10500    3.64500    0.22300    1.15500    0.00000    0.00000    4.81000
   0.02400    1.07500    1.16100    0.86500    0.00000    1.00000    5.38600
   1.15500    3.08000    0.82700    1.07900    2.00000    0.00000    5.47800
   2.22600    1.43900    1.07900    1.86700    0.00000    0.00000    3.21300
   4.87800    3.81900    0.61500    0.86400    0.00000    0.00000    3.71500
   4.76400    3.68400    1.27500    1.07200    0.00000    1.00000    7.69100
   2.60400    3.27700    0.48600    1.41600    0.00000    0.00000    5.47000
   0.65500    2.13700    0.22300    1.17900    0.00000    0.00000    3.28800
   1.65400    3.37800    1.38000    1.25000    0.00000    0.00000    4.85400
   0.80000    2.74800    0.22300    2.04800    0.00000    0.00000    1.46200
   2.99400    3.17900    0.00000    0.80500    0.00000    0.00000    4.15400
   5.20600    2.63900    1.46200    0.83000    0.00000    0.00000    5.98500
   2.46100    2.56800    0.58200    0.93100    0.00000    0.00000    3.59400
   3.19000    2.41700    1.02800    1.16200    0.00000    1.00000    4.16900
   3.56200    3.60500    0.00000    1.15000    0.00000    0.00000    4.51000
   2.11600    1.96500    1.02800    0.76200    0.00000    0.00000    5.30300
   0.80000    2.87800    0.13400    1.68400    0.00000    0.00000    2.43600
  -0.45000    3.81500    1.82500    1.35100    0.00000    0.00000    4.69100
   4.37900    4.28500    0.13400    1.55100    0.00000    0.00000    6.25500
   3.39500    3.31500    0.22300    0.96000    0.00000    0.00000    4.62900
   1.59500    3.39300    1.29200    2.12200    0.00000    3.00000    3.47700
   0.43000    2.81500    0.56000    1.58500    0.00000    2.00000    2.75800
   1.74800    2.47900    0.88700    0.95400    0.00000    0.00000    4.11900
   1.51400    2.08000    0.76400    0.78800    0.00000    0.00000    4.96100
   2.19300    3.10300    0.13400    1.01600    0.00000    0.00000    3.21000
   0.80000    2.87800    0.13400    1.68400    0.00000    0.00000    2.42500
   3.46100    3.31100    0.56000    0.92700    0.00000    1.00000    5.27600
  -0.79200    1.83200    1.20900    1.36400    0.00000    0.00000    3.82800
   0.20200    2.02600    0.22300    1.66700    0.00000    1.00000    0.85500
   2.23900    2.37700    0.82700    0.93800    0.00000    0.00000    5.14600
   2.57700    3.47700    0.69300    1.34400    0.00000    2.00000    4.11600
   2.72600    3.69000    0.22300    1.06200    0.00000    0.00000    3.59900
   2.59200    3.32300    0.40500    1.17000    0.00000    2.00000    4.57700
   3.23400    4.07700    0.95600    1.90900    0.00000    0.00000    4.44800
   4.43100    3.73900    0.00000    1.16100    0.00000    0.00000    5.68000
   5.08900    4.21600    0.22300    1.24800    0.00000    0.00000    5.89600
   4.05400    3.79300    0.13400    0.93000    0.00000    0.00000    6.03800
   3.61700    1.96200    1.34500    0.78300    0.00000    0.00000    5.34800
   1.79500    3.31600    0.22300    1.57100    0.00000    1.00000    2.94000
   2.85900    3.19100    0.22300    0.84700    0.00000    0.00000    4.96700
   2.48100    2.07900    0.98800    0.83600    0.00000    1.00000    3.29800
   2.57300    2.63600    0.82700    0.99900    0.00000    0.00000    4.39300
   2.84900    4.17100    0.69300    1.67800    0.00000    2.00000    4.97600
   4.54800    4.46100    0.40500    1.13900    0.00000    1.00000    4.72700
   1.19500    3.08000    0.22300    1.38500    0.00000    0.00000    2.07000
   3.61700    1.96200    1.34500    0.78300    0.00000    0.00000    5.35200
   2.81300    3.46100    0.22300    1.28100    0.00000    0.00000    4.41600
   2.79100    3.40100    0.73200    1.18500    0.00000    1.00000    3.52900
   3.85400    3.78000    0.00000    1.18200    0.00000    0.00000    4.93800
   2.43300    2.30400    1.02800    1.12400    0.00000    0.00000    4.63500
   0.21500    3.81000    1.02500    1.05500    0.00000    2.00000    3.83800
   1.61900    3.08000    0.40500    1.60900    0.00000    2.00000    3.52800
   3.07600    2.68400    0.98800    1.22600    0.00000    1.00000    4.40400
   2.72900    2.08000    0.89100    0.81600    0.00000    0.00000    4.62000
   1.74800    2.43900    0.93000    0.92400    0.00000    0.00000    5.00700
   2.60400    2.02400    0.97700    1.32800    0.00000    0.00000    5.05200
