  -1.00000    1.00000   -0.20000   -1.00000   -1.00000   -1.00000   -1.00000    1.00000   -1.00000    0.20000   -0.20000   -0.20000   -1.00000    0.00000    0.00000    0.00000   -1.00000    0.00000   -0.60000   -0.33250   -1.00000   -1.00000   -1.00000   -1.00000   -1.00000    0.00000   -1.00000    0.63900
  -1.00000   -0.50000    0.20000   -0.75000    0.00000    1.00000    0.00000   -1.00000   -1.00000   -0.60000   -0.60000   -1.00000   -1.00000   -1.00000   -1.00000   -1.00000   -1.00000   -1.00000   -1.00000   -0.33250   -1.00000   -1.00000   -1.00000   -1.00000   -1.00000    0.00000   -1.00000    0.58400
   1.00000    0.00000   -0.60000   -1.00000   -1.00000   -1.00000    0.00000   -1.00000   -0.33250    0.20000   -0.20000   -0.60000   -1.00000    1.00000   -1.00000    1.00000   -1.00000   -1.00000   -0.60000    1.00000   -0.33250   -1.00000   -1.00000   -1.00000    0.00000    0.00000   -0.33250    0.90000
  -1.00000   -0.50000    1.00000    1.00000   -1.00000    0.00000    0.00000   -1.00000   -0.33250   -0.60000   -0.20000   -0.20000   -1.00000   -1.00000    0.00000    0.00000   -1.00000    0.00000   -0.60000   -0.33250   -1.00000   -1.00000   -1.00000   -1.00000   -1.00000    0.00000   -1.00000    0.66500
  -0.33250   -0.50000   -0.60000   -1.00000   -1.00000   -1.00000    0.00000   -1.00000    1.00000   -0.60000   -0.20000   -0.20000   -1.00000   -1.00000    0.00000    0.00000   -1.00000    0.00000   -0.60000    0.33250   -0.33250   -1.00000   -1.00000   -1.00000    0.00000    0.00000    1.00000    0.89300
  -1.00000    0.00000   -0.60000   -1.00000    1.00000    1.00000    1.00000   -1.00000   -0.33250   -0.20000    0.20000   -0.60000   -1.00000    1.00000    1.00000    1.00000   -1.00000    0.00000   -0.20000   -0.33250   -1.00000   -1.00000   -1.00000   -1.00000   -1.00000    0.00000   -1.00000    0.56900
  -1.00000   -1.00000   -1.00000   -1.00000   -1.00000   -1.00000   -1.00000   -1.00000   -1.00000   -1.00000   -0.20000    1.00000    0.75000   -1.00000    0.00000    0.00000   -1.00000    0.00000   -0.60000   -0.33250   -1.00000   -1.00000   -1.00000   -1.00000   -1.00000    0.00000   -1.00000    0.45100
  -1.00000   -1.00000   -1.00000   -1.00000   -1.00000   -1.00000   -1.00000   -1.00000   -1.00000   -1.00000   -0.20000   -0.60000   -1.00000    1.00000   -1.00000    1.00000   -1.00000   -1.00000   -0.60000   -0.33250   -1.00000   -1.00000   -1.00000   -1.00000   -1.00000    0.00000   -1.00000    0.54700
  -1.00000   -1.00000   -1.00000   -1.00000   -1.00000   -1.00000   -1.00000   -1.00000   -1.00000   -1.00000   -0.20000    1.00000    0.50000   -1.00000    0.00000    0.00000   -1.00000    0.00000   -0.60000   -0.33250   -1.00000   -1.00000   -1.00000   -1.00000   -1.00000    0.00000   -1.00000    0.51600
  -1.00000   -1.00000   -1.00000   -1.00000   -1.00000   -1.00000   -1.00000   -1.00000   -1.00000   -1.00000    0.20000   -0.60000   -1.00000    1.00000    1.00000    1.00000   -1.00000    0.00000   -0.20000   -0.33250   -1.00000   -1.00000   -1.00000   -1.00000   -1.00000    0.00000   -1.00000    0.56800
  -1.00000    0.50000    0.20000   -0.75000   -1.00000   -1.00000   -1.00000    0.00000    0.33250   -0.20000   -0.60000   -1.00000   -1.00000   -1.00000   -1.00000   -1.00000   -1.00000   -1.00000   -1.00000   -0.33250   -1.00000   -1.00000   -1.00000   -1.00000   -1.00000    0.00000   -1.00000    0.63200
  -1.00000   -1.00000   -1.00000   -1.00000   -1.00000   -1.00000   -1.00000   -1.00000   -1.00000   -1.00000   -0.20000   -0.20000   -1.00000    0.00000    0.00000    0.00000   -1.00000    0.00000   -0.60000   -0.33250   -1.00000   -1.00000   -1.00000   -1.00000   -1.00000    0.00000   -1.00000    0.62800
  -1.00000   -0.50000   -0.20000   -1.00000   -1.00000    0.00000    0.00000   -1.00000   -0.33250   -0.60000    0.20000   -0.60000   -1.00000    1.00000    1.00000    1.00000   -1.00000    0.00000   -0.20000   -0.33250   -1.00000   -1.00000   -1.00000   -1.00000   -1.00000    0.00000   -1.00000    0.71700
   0.33250    0.00000   -0.60000   -1.00000    1.00000    1.00000    1.00000   -1.00000   -0.33250   -0.20000   -0.60000   -1.00000   -1.00000   -1.00000   -1.00000   -1.00000   -1.00000   -1.00000   -1.00000    1.00000   -0.33250   -1.00000    1.00000    1.00000    1.00000    0.00000   -0.33250    0.10000
  -1.00000   -0.50000    1.00000    0.75000   -1.00000    0.00000    0.00000   -1.00000   -0.33250   -0.60000   -0.60000   -1.00000   -1.00000   -1.00000   -1.00000   -1.00000   -1.00000   -1.00000   -1.00000   -0.33250   -1.00000   -1.00000   -1.00000   -1.00000   -1.00000    0.00000   -1.00000    0.56000
   0.33250    0.00000   -0.60000   -1.00000   -1.00000   -1.00000    0.00000   -1.00000    0.33250   -0.20000   -0.20000   -0.60000   -1.00000    1.00000   -1.00000    1.00000   -1.00000   -1.00000   -0.60000    1.00000   -0.33250   -1.00000   -1.00000   -1.00000    0.00000    0.00000    0.33250    0.89700
  -1.00000   -1.00000    0.60000    0.50000   -1.00000    0.00000   -1.00000   -1.00000   -0.33250   -1.00000   -0.60000   -1.00000   -1.00000   -1.00000   -1.00000   -1.00000   -1.00000   -1.00000   -1.00000   -0.33250   -1.00000   -1.00000   -1.00000   -1.00000   -1.00000    0.00000   -1.00000    0.58200
  -1.00000   -0.50000   -0.20000   -1.00000   -1.00000    0.00000    0.00000   -1.00000   -0.33250   -0.60000   -0.20000    0.60000   -0.50000   -1.00000    0.00000    0.00000   -1.00000    0.00000   -0.60000   -0.33250   -1.00000   -1.00000   -1.00000   -1.00000   -1.00000    0.00000   -1.00000    0.71600
  -1.00000   -1.00000   -1.00000   -1.00000   -1.00000   -1.00000   -1.00000   -1.00000   -1.00000   -1.00000    1.00000   -0.60000   -1.00000   -1.00000    0.00000   -1.00000   -1.00000   -1.00000    1.00000   -0.33250   -1.00000   -1.00000   -1.00000   -1.00000   -1.00000    0.00000   -1.00000    0.55400
  -0.33250   -0.50000   -0.20000   -1.00000   -1.00000    0.00000    0.00000   -1.00000   -0.33250   -0.60000   -0.60000   -0.60000   -1.00000   -1.00000   -1.00000   -1.00000   -1.00000    0.00000   -1.00000    0.33250    0.33250   -1.00000   -1.00000    0.00000    0.00000    0.00000   -0.33250    0.85900
  -1.00000   -0.50000   -0.20000   -1.00000   -1.00000    0.00000    0.00000   -1.00000   -0.33250   -0.60000    0.60000    0.20000   -0.75000   -1.00000   -1.00000   -1.00000    0.00000    1.00000   -0.20000   -0.33250   -1.00000   -1.00000   -1.00000   -1.00000   -1.00000    0.00000   -1.00000    0.77200
  -0.33250   -0.50000   -0.20000   -1.00000   -1.00000    0.00000    0.00000   -1.00000   -0.33250   -0.60000   -0.20000    0.20000    0.00000   -1.00000    1.00000    0.00000   -1.00000    0.00000   -0.60000    0.33250    0.33250   -1.00000   -1.00000    0.00000    0.00000    0.00000   -0.33250    0.82900
  -1.00000   -1.00000   -1.00000   -1.00000   -1.00000   -1.00000   -1.00000   -1.00000   -1.00000   -1.00000   -0.20000    0.20000    0.00000   -1.00000    1.00000    0.00000   -1.00000    0.00000   -0.60000   -0.33250   -1.00000   -1.00000   -1.00000   -1.00000   -1.00000    0.00000   -1.00000    0.56100
  -1.00000   -0.50000    0.60000   -0.50000   -1.00000    0.00000    0.00000   -1.00000   -0.33250   -0.60000   -0.20000   -0.20000   -1.00000   -1.00000    0.00000    0.00000   -1.00000    0.00000   -0.60000   -0.33250   -1.00000   -1.00000   -1.00000   -1.00000   -1.00000    0.00000   -1.00000    0.73400
  -0.33250   -0.50000   -0.20000   -1.00000   -1.00000    0.00000    0.00000   -1.00000   -0.33250   -0.60000   -0.20000   -0.20000   -1.00000   -1.00000    0.00000    0.00000   -1.00000    0.00000   -0.60000    0.33250    0.33250   -1.00000   -1.00000    0.00000    0.00000    0.00000   -0.33250    0.90000
  -0.33250   -0.50000   -0.20000   -1.00000   -1.00000    0.00000    0.00000   -1.00000   -0.33250   -0.60000   -0.20000    1.00000    0.50000   -1.00000    0.00000    0.00000   -1.00000    0.00000   -0.60000    0.33250    0.33250   -1.00000   -1.00000    0.00000    0.00000    0.00000   -0.33250    0.76300
  -1.00000   -0.50000    0.60000   -0.50000   -1.00000    0.00000    0.00000   -1.00000   -0.33250   -0.60000   -0.60000   -1.00000   -1.00000   -1.00000   -1.00000   -1.00000   -1.00000   -1.00000   -1.00000   -0.33250   -1.00000   -1.00000   -1.00000   -1.00000   -1.00000    0.00000   -1.00000    0.64200
  -0.33250   -0.50000   -0.20000   -1.00000   -1.00000    0.00000    0.00000   -1.00000   -0.33250   -0.60000   -0.60000   -0.20000   -1.00000   -1.00000    0.00000    1.00000   -1.00000    0.00000   -0.60000    0.33250    0.33250   -1.00000   -1.00000    0.00000    0.00000    0.00000   -0.33250    0.74100
  -0.33250   -0.50000   -0.20000   -1.00000   -1.00000    0.00000    0.00000   -1.00000   -0.33250   -0.60000   -0.20000    1.00000    1.00000   -1.00000    0.00000    0.00000   -1.00000    0.00000   -0.60000    0.33250    0.33250   -1.00000   -1.00000    0.00000    0.00000    0.00000   -0.33250    0.76300
  -1.00000    0.00000   -0.60000   -1.00000   -1.00000   -1.00000    0.00000   -1.00000   -0.33250    0.20000   -0.60000   -1.00000   -1.00000   -1.00000   -1.00000   -1.00000   -1.00000   -1.00000   -1.00000   -0.33250   -1.00000   -1.00000   -1.00000   -1.00000   -1.00000    0.00000   -1.00000    0.59500
  -1.00000   -1.00000   -0.60000   -1.00000   -1.00000   -1.00000   -1.00000   -1.00000   -0.33250   -1.00000    0.20000   -0.60000   -1.00000    1.00000    1.00000    1.00000   -1.00000    0.00000   -0.20000   -0.33250   -0.33250   -1.00000   -1.00000   -1.00000   -1.00000    0.00000   -0.33250    0.72000
  -1.00000   -0.50000   -0.20000   -1.00000   -1.00000    0.00000    0.00000   -1.00000   -0.33250   -0.60000   -0.20000   -0.20000   -1.00000   -1.00000    0.00000    0.00000   -1.00000    0.00000   -0.60000   -0.33250   -1.00000   -1.00000   -1.00000   -1.00000   -1.00000    0.00000   -1.00000    0.74200
  -1.00000   -1.00000   -0.60000   -1.00000   -1.00000   -1.00000   -1.00000   -1.00000   -0.33250   -1.00000   -0.60000   -1.00000   -1.00000   -1.00000   -1.00000   -1.00000   -1.00000   -1.00000   -1.00000   -0.33250   -1.00000   -1.00000   -1.00000   -1.00000   -1.00000    0.00000   -1.00000    0.60200
  -1.00000   -1.00000   -1.00000   -1.00000   -1.00000   -1.00000   -1.00000   -1.00000   -1.00000   -1.00000   -0.20000   -0.20000   -1.00000   -1.00000    0.00000    0.00000   -1.00000    0.00000   -0.60000   -0.33250   -1.00000   -1.00000   -1.00000   -1.00000   -1.00000    0.00000   -1.00000    0.61900
  -1.00000   -0.50000    0.60000   -0.25000   -1.00000    0.00000    0.00000   -1.00000   -0.33250   -0.60000   -0.60000   -1.00000   -1.00000   -1.00000   -1.00000   -1.00000   -1.00000   -1.00000   -1.00000   -1.00000   -1.00000   -1.00000   -1.00000   -1.00000   -1.00000    0.00000   -1.00000    0.70000
