   4.09800    4.11400    0.22300    1.57100    0.00000    0.00000    5.21900
   3.39500    3.37800    0.13400    0.98800    0.00000    0.00000    4.65000
   1.23700    2.53600    0.42900    0.87100    0.00000    1.00000    2.53700
   3.98700    3.96100    0.40500    1.08300    1.00000    0.00000    5.84200
   0.88300    2.12500    0.73000    1.53700    0.00000    0.00000    3.00700
   2.97400    3.33300    0.40500    0.96300    1.00000    0.00000    5.63000
   4.73800    4.32400    0.00000    1.20500    0.00000    1.00000    4.30200
   0.56200    2.54200    0.42900    1.89100    0.00000    0.00000    2.12000
  -2.88400    3.00100    0.13400    2.92000    0.00000    0.00000    2.37500
   1.73700    3.19100    0.22300    1.15400    0.00000    0.00000    2.68600
   0.74900    3.13700    0.40500    1.31200    0.00000    2.00000    1.08600
   1.75600    3.11100    0.40500    1.05000    0.00000    2.00000    5.16900
   1.49200    1.94000    0.74900    1.06600    0.00000    0.00000    2.99000
   0.15600    1.77800    0.22300    1.20300    0.00000    0.00000    3.04800
   0.84600    2.51200    0.13400    1.29300    0.00000    0.00000    2.01600
   5.57900    4.63000    0.40500    1.45800    2.00000    1.00000    3.13900
   3.49200    3.83300    0.40500    1.52200    0.00000    1.00000    2.09200
   3.90900    2.08600    1.50100    0.76600    0.00000    0.00000    6.09300
   2.12700    2.21600    0.58200    0.83900    0.00000    0.00000    3.97900
   2.59000    3.17500    0.85900    2.09500    0.00000    0.00000    4.09500
   1.70100    2.50800    0.58000    0.94100    0.00000    0.00000    3.24200
   3.95800    3.46500    0.00000    0.80200    0.00000    0.00000    4.98400
   2.19300    3.01200    0.22300    1.02300    0.00000    0.00000    4.07000
   4.05300    2.80300    1.50100    1.12400    0.00000    0.00000    5.38500
   2.55300    2.37500    1.02600    1.09000    0.00000    1.00000    3.89500
   3.61700    1.96200    1.34500    0.78300    0.00000    0.00000    5.34800
   1.29400    3.42600    0.69300    1.48800    0.00000    1.00000    3.02500
   3.57400    2.90000    1.27500    0.91300    0.00000    1.00000    6.56400
   3.76400    1.92500    1.31800    0.59500    0.00000    0.00000    4.70500
   1.31700    2.80400    1.11000    0.61800    0.00000    6.00000    6.25400
  -0.93700    3.15500    0.63800    2.12800    0.00000    0.00000    1.10200
   2.50200    3.92100    0.13400    1.78900    0.00000    0.00000    3.86100
   3.31400    1.92500    1.16000    0.80100    0.00000    0.00000    4.49900
   2.60800    2.91000    0.00000    1.00000    0.00000    0.00000    3.44700
   0.43500    0.96500    0.73200    1.35900    0.00000    1.00000    3.48100
   2.65000    3.90500    0.56000    1.39900    1.00000    0.00000    4.94700
   3.29100    3.60900    0.81100    1.20800    0.00000    0.00000    4.24700
   0.24200    2.56500    0.45200    1.52900    0.00000    0.00000    2.11500
   3.80600    4.03700    0.13400    1.56300    0.00000    0.00000    5.18000
  -0.52100    3.28600    0.35700    2.10400    0.00000    0.00000    1.77100
   2.24200    3.00300    0.13400    1.41300    0.00000    0.00000    2.64700
   2.78600    3.43600    0.33100    0.95100    0.00000    0.00000    4.33800
   1.82100    2.47000    1.43700    1.34600    2.00000    2.00000    6.35100
   0.15800    1.83100    1.18200    1.90100    0.00000    2.00000    1.23400
   2.46300    2.06500    1.06200    0.85200    0.00000    0.00000    4.39900
   1.39500    2.18300    0.93000    0.84600    0.00000    0.00000    4.22400
   4.83200    4.21100    0.93200    1.04500    0.00000    1.00000    8.91600
   2.27000    3.50100    0.40500    1.58500    1.00000    1.00000    5.14700
   2.31400    3.92400    0.69300    1.70700    0.00000    2.00000    4.71300
   4.44900    3.69000    1.15900    1.29500    0.00000    2.00000    5.74900
   2.53800    3.34300    1.06800    0.92300    0.00000    0.00000    3.32700
   2.29400    3.02300    0.56000    1.16800    0.00000    1.00000    3.92400
  -1.96000    2.24200    1.09600    1.90700    0.00000    1.00000    3.39600
   1.65500    3.10100    1.53500    1.32600    0.00000    1.00000    6.23800
   2.24200    3.33200    0.13400    1.29400    0.00000    0.00000    3.37400
   0.22600    2.84100    0.88000    1.70500    0.00000    3.00000    1.64700
  -0.29700    1.71300    1.09800    1.75200    0.00000    0.00000    3.04600
   4.37900    4.28500    0.13400    1.55100    0.00000    0.00000    6.25500
   2.19300    3.01200    0.22300    1.02300    0.00000    0.00000    3.85700
   2.22600    1.43900    1.07900    1.86700    0.00000    0.00000    3.21300
   1.56400    3.58800    0.25100    1.50600    0.00000    0.00000    3.57000
   2.37000    2.23300    0.64000    0.92000    1.00000    0.00000    4.80500
   4.17700    4.21600    0.22300    1.24800    0.00000    0.00000    5.78000
   1.97600    3.04100    0.94700    1.29800    0.00000    1.00000    6.60700
   3.35800    3.70000    0.22300    1.55600    0.00000    1.00000    3.97100
   2.59100    3.89600    0.13400    1.98400    0.00000    0.00000    3.45000
   1.23900    3.02300    0.56000    1.16800    1.00000    0.00000    3.27800
   1.80700    3.02700    0.33100    1.01100    0.00000    1.00000    3.00900
   2.02100    3.36100    0.22300    1.43700    1.00000    2.00000    3.16800
   1.39300    3.61100    0.33100    2.01700    0.00000    0.00000    2.85900
   1.70100    2.50800    0.58000    0.94100    0.00000    0.00000    3.76600
   3.11200    3.32600    0.64700    0.98600    0.00000    1.00000    4.08100
   0.09400    1.59400    0.22300    1.33300    2.00000    0.00000    6.29700
   1.87800    3.35300    0.40500    1.41800    1.00000    1.00000    5.01800
   1.06000    2.72600    0.49600    1.17900    0.00000    1.00000    2.12600
   5.17600    3.97900    1.30600    1.40400    0.00000    1.00000    4.23900
   3.30600    3.77600    0.40500    0.92000    0.00000    0.00000    4.69100
   3.23700    3.05200    0.63800    0.90300    0.00000    0.00000    4.90600
   2.23900    2.37700    0.82700    0.93800    0.00000    0.00000    3.91000
   3.18400    3.38000    0.87400    0.90300    0.00000    1.00000    5.27800
   0.89300    2.35900    0.40500    0.81400    0.00000    0.00000    3.31400
   0.89300    2.35900    0.40500    0.81400    0.00000    0.00000    4.28700
   1.70100    2.50800    0.58000    0.94100    0.00000    0.00000    3.78900
   4.20600    4.13900    0.49600    1.43000    0.00000    1.00000    5.76700
   2.89400    3.98000    0.22300    1.72300    0.00000    0.00000    4.70300
   1.74200    3.63400    0.69300    1.74700    0.00000    2.00000    4.05100
  -0.38600    1.33300    0.75400    1.14800    0.00000    1.00000    3.48700
   0.60200    1.88300    0.71100    1.16200    0.00000    0.00000    2.92400
   2.10200    2.82400    0.22300    1.00000    1.00000    0.00000    3.56000
   2.05000    3.57000    1.37400    2.25900    0.00000    0.00000    6.08300
  -1.35800    3.42300    1.19000    1.99300    0.00000    4.00000    3.68900
  -2.03000    2.11800    0.95600    1.64300    0.00000    0.00000    3.63800
   5.46900    3.03000    1.82100    1.02700    0.00000    2.00000    6.89700
   1.18800    1.88300    0.91600    1.20700    0.00000    1.00000    1.15300
   0.58000    1.27900    0.81100    1.31300    0.00000    0.00000    2.92500
   0.29100    2.21800    0.92300    1.07400    0.00000    0.00000    3.23700
   0.99600    2.75500    0.40500    1.84400    0.00000    1.00000    3.23100
   1.80700    3.03600    0.40500    1.20500    1.00000    0.00000    3.73300
   2.85900    3.25200    0.13400    0.87500    0.00000    0.00000    5.29200
   2.57300    2.63600    0.82700    0.99900    0.00000    0.00000    4.39300
   0.20200    1.81800    0.13400    1.44500    0.00000    0.00000    1.55900
   1.20900    3.14300    0.13400    1.64100    0.00000    0.00000    2.69200
   3.21300    2.62400    1.62100    1.50200    0.00000    0.00000    6.31400
   1.79500    3.13400    0.22300    1.31900    0.00000    0.00000    4.80400
   3.28900    3.64100    0.40500    1.53100    0.00000    1.00000    3.18200
   4.90700    4.53600    0.22300    1.29000    0.00000    0.00000    6.63400
   1.11200    2.28300    1.07000    1.22300    0.00000    0.00000    4.27800
   2.15200    3.00300    0.13400    1.03200    0.00000    0.00000    4.17100
   0.45400    2.59400    0.25100    1.28700    0.00000    0.00000    1.74900
   2.00500    3.10200    0.69300    1.31600    0.00000    2.00000    3.45100
   4.78900    3.72800    0.95600    1.17000    0.00000    0.00000    5.57400
  -0.19700    3.35100    0.79700    2.45600    2.00000    0.00000    3.90300
  -0.53400    2.37700    0.33100    1.73400    0.00000    0.00000    1.47400
   2.23900    2.37700    0.82700    0.93800    0.00000    0.00000    5.08300
   2.42000    3.08700    0.22300    0.96000    1.00000    0.00000    3.97900
   3.65900    2.35100    1.58600    1.25000    0.00000    4.00000    6.41600
   3.46100    3.31100    0.56000    0.92700    0.00000    1.00000    5.27600
   1.57000    3.38000    0.63800    1.50600    0.00000    1.00000    4.38000
   2.71500    2.91400    0.79800    0.97500    0.00000    1.00000    4.10900
   3.18200    3.73000    0.82900    1.56200    0.00000    1.00000    4.73200
   0.49600    2.45600    0.33100    1.25900    0.00000    1.00000    2.85800
   2.08100    1.12600    1.07900    1.44000    1.00000    1.00000    3.47000
   0.80000    2.87800    0.13400    2.10200    0.00000    0.00000    1.93200
  -0.11500    3.01400    0.56000    1.78100    0.00000    0.00000    0.89800
   3.65900    3.86700    0.00000    1.40000    2.00000    0.00000    5.67800
   1.61000    2.11000    0.58000    0.80500    0.00000    0.00000    3.78700
   0.88800    2.50700    0.40500    1.65200    0.00000    2.00000    2.49500
   3.10500    3.64500    0.22300    1.15500    0.00000    0.00000    4.81000
   2.95600    2.11800    0.93400    0.91300    1.00000    0.00000    4.98800
   3.88700    3.69000    0.22300    0.88300    0.00000    0.00000    6.64400
   3.08900    3.20000    1.53100    1.05900    0.00000    0.00000    6.16000
  -0.27300    2.03400    0.33100    2.67200    1.00000    0.00000    0.84100
   3.56200    2.77800    0.83000    1.04600    0.00000    0.00000    6.65200
   1.59500    3.39300    1.29200    2.12200    0.00000    3.00000    3.47700
   1.29700    3.35300    0.85400    1.94400    0.00000    0.00000    2.45100
   2.57500    3.87400    0.63800    1.35200    4.00000    1.00000    4.56100
   1.58700    3.27700    0.22300    1.63300    0.00000    0.00000    2.18200
   1.14100    3.13700    0.25100    1.33500    0.00000    0.00000    2.41200
   4.33200    4.53500    0.56000    1.13700    1.00000    2.00000    8.57100
   0.07600    2.50700    0.40500    1.50000    2.00000    0.00000    3.93600
   1.86900    3.80200    0.40500    1.52700    1.00000    0.00000    3.70000
   0.20200    2.02600    0.22300    1.66700    1.00000    0.00000    2.65000
   0.20200    1.59400    0.22300    1.06800    0.00000    0.00000    4.56400
   4.26800    3.59300    1.23600    1.16600    0.00000    0.00000    7.60700
   2.59000    3.42600    0.85000    1.79200    0.00000    0.00000    4.37700
   0.08700    1.78300    0.33100    1.66700    0.00000    0.00000    1.77700
   1.79500    3.31600    0.22300    1.57100    1.00000    0.00000    3.85400
   3.31500    3.51400    0.13400    1.07000    1.00000    0.00000    7.80900
   1.39500    2.18300    0.93000    0.84600    0.00000    0.00000    3.66600
   0.80000    2.03400    0.64000    1.72700    0.00000    0.00000    2.07200
   1.94000    3.56600    0.13400    1.59500    0.00000    0.00000    3.71900
   0.80000    2.87800    0.13400    1.68400    0.00000    0.00000    2.43600
   5.93400    3.37600    1.27800    0.91500    0.00000    0.00000    4.86200
   4.80400    3.00500    1.68300    0.77400    0.00000    0.00000    7.28700
   1.58700    3.36900    0.13400    1.61400    0.00000    0.00000    3.25200
   1.09700    3.35100    0.49600    1.46600    0.00000    0.00000    2.39200
  -0.05900    2.99300    0.81100    1.23200    0.00000    2.00000    5.39500
   3.16700    3.67500    1.71800    1.24800    0.00000    0.00000    4.13600
   1.67200    1.81800    0.49900    1.46800    1.00000    0.00000    3.54600
   2.64600    2.74000    1.04000    1.60300    0.00000    1.00000    4.21500
   2.60400    2.42900    0.83000    1.69600    0.00000    0.00000    3.39100
   0.50100    1.63400    0.71300    1.19000    0.00000    0.00000    2.31900
   1.58600    3.38600    0.25100    1.22500    0.00000    0.00000    3.08600
   2.24800    3.50900    0.85400    1.47800    0.00000    0.00000    2.83200
   1.06000    2.72600    0.49600    1.10800    0.00000    1.00000    3.10000
  -0.31600    2.24000    0.40500    1.20300    0.00000    0.00000    2.28600
   2.99400    3.17900    0.00000    0.80500    0.00000    0.00000    4.15400
   2.05400    3.43600    1.22500    1.83900    0.00000    0.00000    5.08700
   2.05200    2.97100    0.97200    1.25500    0.00000    2.00000    4.56500
   1.88600    2.09400    0.82700    0.86000    0.00000    0.00000    5.44900
   1.49000    2.76500    0.33100    0.95100    0.00000    1.00000    2.55000
   2.10200    2.82400    0.22300    1.00000    0.00000    1.00000    2.87000
   0.80000    2.74800    0.22300    1.70500    0.00000    0.00000    1.06300
   1.78300    2.98200    0.49600    1.15100    0.00000    1.00000    3.52200
   2.45900    3.61300    1.33600    0.83900    0.00000    0.00000    4.88600
   4.37900    4.23700    0.22300    1.56500    0.00000    0.00000    5.26800
   2.34300    1.88600    0.98800    0.76400    0.00000    0.00000    3.88900
   0.20200    0.96500    0.64000    1.69500    1.00000    0.00000    4.37000
   1.27200    3.40500    0.25100    1.56000    0.00000    0.00000    4.13200
   1.06400    2.54400    0.22300    1.24500    0.00000    0.00000    3.38000
   2.50200    3.73400    0.22300    1.42600    0.00000    0.00000    3.18000
   2.81300    3.46100    0.22300    1.12000    0.00000    0.00000    4.47000
   3.26700    3.73900    0.00000    1.25000    2.00000    2.00000    4.63800
   1.81700    1.50000    0.83000    1.89100    0.00000    0.00000    2.92000
   2.70200    3.09800    0.93000    1.07500    0.00000    0.00000    6.23600
   0.18000    0.97300    0.98800    1.48900    0.00000    1.00000    2.72500
   0.57500    2.48200    1.30300    1.41500    0.00000    0.00000    4.91900
   3.84200    3.16000    1.02800    0.80900    0.00000    0.00000    5.93900
   3.35800    3.63000    0.13400    1.47600    0.00000    0.00000    4.30500
   2.72900    1.96200    0.93400    0.81900    0.00000    0.00000    4.29600
   4.06300    2.08500    1.07900    0.89500    0.00000    0.00000    4.74000
   2.11000    4.20500    1.51200    1.04600    0.00000    2.00000    5.00200
   2.27400    3.74000    0.13400    1.58100    0.00000    0.00000    3.72100
   1.56900    3.52600    0.71100    1.58600    0.00000    3.00000    3.66000
   1.52200    2.88800    0.40500    1.47200    1.00000    2.00000    5.10500
   2.50900    1.82200    0.82900    0.83400    0.00000    0.00000    3.73100
   3.45800    2.07700    1.23600    0.82900    0.00000    1.00000    4.42400
  -0.08100    2.70100    0.40500    2.00300    0.00000    0.00000    0.53300
   0.58600    2.43500    0.33100    1.53200    0.00000    1.00000    2.01400
   0.20200    2.02600    0.22300    1.42900    1.00000    0.00000    5.25900
   2.37000    2.23300    0.64000    0.92000    1.00000    0.00000    4.75000
   1.24600    2.88800    0.25100    0.94400    0.00000    0.00000    1.93500
   2.22200    3.19500    0.49600    1.13300    0.00000    1.00000    4.44600
   4.54800    4.46100    0.40500    1.13900    0.00000    1.00000    4.72700
   2.64200    3.73400    0.22300    1.37400    2.00000    2.00000    4.58600
   1.64300    2.49500    0.56000    0.83500    0.00000    1.00000    1.96900
   1.18200    2.81800    0.88000    1.48800    0.00000    0.00000    3.72600
   0.99600    1.00000    1.15000    0.96800    0.00000    1.00000    3.49900
   2.23900    2.37700    0.82700    0.93800    0.00000    0.00000    5.14600
   2.12700    2.21600    0.58200    0.83900    0.00000    0.00000    4.35300
   0.34700    2.56000    0.13400    1.75800    0.00000    0.00000    2.28300
   1.78300    2.98200    0.49600    1.15100    0.00000    1.00000    3.66500
   4.63400    2.12600    1.27800    0.89600    0.00000    0.00000    5.36100
   4.63400    2.12600    1.27800    0.89600    0.00000    0.00000    5.81500
   0.05200    2.52300    0.56000    1.60200    1.00000    1.00000    4.38400
   2.08100    1.63900    0.83000    1.44500    2.00000    0.00000    5.05000
   1.24600    2.09200    1.35900    2.27300    1.00000    1.00000    4.79600
   1.20900    3.03500    0.22300    1.94100    0.00000    0.00000    2.10700
   1.76900    2.21700    0.87200    0.87500    0.00000    0.00000    4.18200
   1.68000    2.59400    0.25100    0.86100    0.00000    0.00000    3.11200
   3.29100    3.60900    0.81100    1.20800    0.00000    0.00000    4.38000
   1.76900    2.51200    0.22300    0.92900    1.00000    0.00000    3.91900
   2.94200    3.17900    0.00000    1.06300    0.00000    0.00000    3.94700
   2.12900    3.36100    0.22300    1.34200    0.00000    0.00000    5.48500
  -1.05300    2.33300    0.25100    1.94600    0.00000    0.00000    2.57600
   1.62200    3.92100    0.25100    1.39800    0.00000    0.00000    3.41600
   4.87800    3.81900    0.61500    0.86400    0.00000    0.00000    3.71500
   2.99800    3.95700    0.22300    1.26900    2.00000    3.00000    4.57700
   1.61000    2.11000    0.58000    0.80500    0.00000    0.00000    3.39100
   4.23400    4.13700    0.22300    1.54200    0.00000    1.00000    5.19400
   1.20900    3.14300    0.13400    1.64100    0.00000    0.00000    2.48700
  -0.38000    1.63600    0.33100    1.26500    1.00000    1.00000    2.76600
   1.44200    3.08000    0.22300    1.46200    1.00000    0.00000    3.51800
   4.57000    4.82900    0.33100    1.52100    4.00000    4.00000    6.34700
   2.44600    3.70000    0.22300    1.55600    0.00000    1.00000    3.66200
   3.26700    3.46500    0.00000    0.96300    4.00000    0.00000    3.40700
   0.68000    1.63400    0.79800    1.09300    0.00000    0.00000    2.56900
   2.65900    3.24700    0.87400    1.22100    0.00000    1.00000    4.26200
   0.98200    2.11900    0.92300    1.17900    0.00000    1.00000    1.05000
   1.96800    2.58300    0.76200    1.10400    0.00000    1.00000    3.88200
   3.84200    2.89300    1.23600    0.90700    0.00000    0.00000    6.04700
   4.09100    4.07300    0.69300    1.17100    0.00000    2.00000    5.22400
  -1.30600    1.00000    0.40500    1.50000    2.00000    0.00000    2.38100
   3.45100    3.40200    0.60400    1.51700    0.00000    0.00000    5.08600
   2.84900    4.17100    0.69300    1.67800    0.00000    2.00000    4.97600
   1.74600    3.69100    0.71100    1.07300    0.00000    2.00000    5.47200
   4.91200    3.16400    2.04400    0.83000    0.00000    1.00000    6.11300
  -0.40600    2.11800    0.95600    2.53900    0.00000    0.00000    3.84500
   2.63700    3.01200    0.22300    0.76000    0.00000    0.00000    4.62000
   2.73600    1.96500    1.40800    0.70900    0.00000    0.00000    5.29000
   0.94300    2.63400    0.22300    1.29800    0.00000    0.00000    3.13100
   1.40100    2.44200    1.21100    2.25400    0.00000    0.00000    4.30500
   2.97400    3.33300    0.40500    0.96300    1.00000    0.00000    4.63200
   3.12400    3.25200    0.00000    1.41700    0.00000    0.00000    3.29900
   2.45900    2.12600    0.83000    1.45500    0.00000    1.00000    5.82000
   3.51600    3.44100    0.00000    1.66700    0.00000    0.00000    4.53800
   1.33500    2.86600    0.22300    1.28800    2.00000    0.00000    3.41100
   1.66700    2.47700    0.40500    0.87600    1.00000    0.00000    4.72500
   3.04800    3.91400    0.56000    1.63700    0.00000    1.00000    3.92600
   3.56300    3.99300    0.22300    1.21400    1.00000    0.00000    4.61100
  -0.38600    1.51200    0.33100    1.62700    1.00000    0.00000    2.89100
   1.88600    2.09400    0.82700    0.86000    0.00000    0.00000    4.23900
   3.50300    3.83200    0.22300    1.58700    0.00000    0.00000    4.41000
   2.02600    2.21900    0.60400    1.53700    0.00000    0.00000    3.26200
   3.11200    3.31400    0.33100    1.17300    1.00000    0.00000    3.81200
   3.04500    2.62000    0.28800    0.83900    0.00000    0.00000    3.75300
   3.61700    1.96200    1.34500    0.78300    0.00000    0.00000    5.35200
   3.18600    3.74000    0.13400    1.58100    0.00000    0.00000    4.39600
   1.44200    3.08000    0.22300    1.58300    1.00000    0.00000    3.75700
  -0.31700    1.75100    0.62900    1.48300    0.00000    0.00000    0.36100
   1.93600    4.26800    0.91600    1.19000    0.00000    2.00000    7.84900
   2.45900    1.66700    1.27800    1.50000    0.00000    2.00000    3.95500
   3.57100    3.62900    0.22300    0.80200    0.00000    0.00000    4.26900
   2.72900    2.08000    0.89100    0.81600    0.00000    0.00000    4.33200
  -0.29400    4.06100    0.13400    1.65800    0.00000    0.00000    3.15100
   1.96900    1.94500    0.88900    0.83500    0.00000    0.00000    3.92700
   4.06600    3.89800    0.88700    1.45000    0.00000    0.00000    5.99900
   3.23400    4.07700    0.95600    1.90900    0.00000    0.00000    4.44800
   2.19300    3.01200    0.22300    1.02300    0.00000    0.00000    3.75100
   4.67300    3.59600    0.60400    1.51500    0.00000    0.00000    5.36300
   2.50200    3.66800    0.13400    1.13200    0.00000    0.00000    3.78200
   4.06300    2.08500    1.07900    0.89500    0.00000    0.00000    4.89000
   1.91900    2.86800    1.28600    1.29400    0.00000    0.00000    4.80900
   2.33500    1.82200    0.68100    0.79400    0.00000    0.00000    3.69600
   0.08700    2.12600    0.25100    1.71900    0.00000    0.00000    2.45800
   3.46700    4.28500    0.13400    1.71000    0.00000    0.00000    5.38000
   1.31300    1.63400    0.71300    1.19000    0.00000    0.00000    2.05600
   3.90300    4.56600    0.35700    1.39400    4.00000    1.00000    6.92300
   2.35800    1.98300    1.71400    2.10500    0.00000    0.00000    5.06200
   0.14300    2.12600    0.25100    1.11400    0.00000    0.00000    2.15700
   2.81300    3.46100    0.22300    1.12000    0.00000    0.00000    4.46300
   3.58700    3.38900    0.22300    0.84900    0.00000    1.00000    4.10800
   3.29100    3.66900    0.48600    1.37400    0.00000    0.00000    4.61000
   3.42600    1.89200    1.44100    0.77600    0.00000    0.00000    6.08700
   1.34800    2.12500    0.63800    0.83100    0.00000    0.00000    3.53100
   1.61000    2.25100    0.63800    0.87100    1.00000    0.00000    4.02100
   1.61000    2.25100    0.63800    0.87100    1.00000    0.00000    4.41600
   0.65500    2.13700    0.22300    1.17900    0.00000    0.00000    3.28800
   2.49200    3.18000    1.28100    1.24600    0.00000    0.00000    4.96300
   4.23400    4.08500    0.13400    1.48200    0.00000    0.00000    5.63000
   0.20200    0.66700    0.58200    1.36100    0.00000    0.00000    4.74800
   2.78200    3.26000    0.40500    0.92100    0.00000    0.00000    4.57800
   2.26900    2.21700    0.76400    0.85900    1.00000    0.00000    5.30800
   2.04800    3.31400    0.33100    1.39700    3.00000    0.00000    4.47300
   2.18600    3.17100    0.13400    1.01100    0.00000    0.00000    3.98400
   1.58700    1.85500    1.06700    1.24400    0.00000    0.00000    3.48700
   1.00200    3.24000    0.69300    1.48700    1.00000    0.00000    3.59800
   1.09900    2.49500    0.56000    0.83500    1.00000    0.00000    4.02300
   3.16000    3.64100    1.19200    1.48100    0.00000    1.00000    5.05200
  -0.45000    2.00000    0.69300    1.12800    2.00000    2.00000    4.36600
   0.54800    1.96100    0.13400    1.21500    1.00000    0.00000    2.56700
   1.43700    2.80000    0.69300    1.09100    0.00000    1.00000    3.60300
   1.70000    2.47700    0.40500    0.87600    0.00000    1.00000    2.47400
   2.35700    3.46100    0.22300    1.11100    0.00000    1.00000    3.39300
   5.20600    2.63900    1.46200    0.83000    0.00000    0.00000    5.98500
   1.34800    2.12500    0.63800    0.83100    0.00000    0.00000    2.93900
   2.39100    3.57800    0.49600    1.40600    0.00000    1.00000    4.32000
   2.46100    2.56800    0.58200    0.93100    0.00000    0.00000    3.59400
   1.74800    2.47900    0.88700    0.95400    0.00000    0.00000    4.45800
   3.39900    4.32700    0.56000    1.25400    2.00000    5.00000    6.68300
   2.99100    2.44200    0.93400    0.98400    0.00000    1.00000    4.20800
   1.06400    2.80200    0.22300    1.60000    0.00000    1.00000    1.99900
   2.83700    3.64500    0.22300    1.15500    0.00000    0.00000    3.39300
   1.39800    2.88800    0.25100    1.77100    0.00000    0.00000    2.98300
   0.41100    2.12600    0.40500    0.91700    4.00000    2.00000    6.38000
   0.84600    2.51200    0.13400    1.29300    0.00000    0.00000    2.36400
   3.04600    2.30900    0.90700    0.87100    0.00000    0.00000    3.78200
   1.09100    2.30900    0.76200    0.84500    1.00000    0.00000    3.60100
   0.48900    2.23800    1.51300    2.07800    0.00000    0.00000    4.51300
   2.60400    3.21900    0.81100    1.12700    0.00000    0.00000    4.75900
   1.51500    2.78100    0.71100    1.14700    0.00000    0.00000    3.84600
   4.06800    3.11100    0.73200    0.92300    0.00000    0.00000    5.64300
   3.87600    3.46500    0.00000    0.83700    0.00000    0.00000    4.80900
   1.50600    2.51200    0.13400    0.86200    0.00000    0.00000    3.07800
   2.40200    3.45200    0.33100    1.47600    1.00000    0.00000    3.87000
   0.34700    2.39600    0.22300    1.77800    0.00000    0.00000    1.12100
  -0.12800    2.36600    0.40500    2.60600    0.00000    0.00000    1.03700
   2.85900    3.19100    0.22300    0.84700    0.00000    0.00000    4.96700
   3.56200    3.60500    0.00000    1.15000    0.00000    0.00000    4.82900
   4.63900    4.53200    0.40500    1.18900    2.00000    2.00000    5.54100
   2.92700    2.92800    1.11300    1.18500    0.00000    1.00000    4.14100
   4.01700    3.12800    0.71300    0.79700    0.00000    1.00000    5.03900
   2.35900    2.45400    1.07500    0.95100    0.00000    0.00000    6.31700
   2.35200    3.04600    0.00000    1.33300    4.00000    0.00000    3.61400
   1.88200    3.52000    0.22300    1.59000    0.00000    0.00000    2.88300
   2.27400    3.66900    0.22300    1.77800    0.00000    0.00000    3.60400
   3.91300    4.12100    0.82900    1.55100    0.00000    1.00000    5.65300
   3.12600    3.18100    0.60400    1.52000    0.00000    0.00000    4.68000
   0.53800    3.01400    0.56000    1.98700    0.00000    1.00000    3.49600
   1.79500    3.31600    0.22300    1.57100    0.00000    1.00000    2.94000
   2.72300    3.23500    1.13100    0.99600    0.00000    0.00000    5.35400
   2.60400    3.21900    0.81100    1.12700    0.00000    0.00000    4.25700
   2.52900    2.33000    0.93200    0.93100    0.00000    1.00000    4.55900
   0.70600    3.22200    0.33100    2.17700    0.00000    0.00000    1.81900
   4.43600    3.39000    0.93400    0.88900    0.00000    0.00000    5.26400
   2.29400    4.25500    1.69500    1.08700    0.00000    0.00000    4.47500
   4.41600    3.25200    0.49900    0.83200    0.00000    0.00000    4.67400
   3.12700    3.31500    0.22300    0.79900    0.00000    0.00000    4.50700
   2.51000    3.25200    0.22300    1.07700    0.00000    0.00000    4.09300
   2.35200    3.04600    0.00000    1.33300    0.00000    2.00000    4.07500
   1.74800    2.43900    0.93000    0.92400    0.00000    0.00000    5.00700
   0.65500    2.46200    0.22300    1.62500    0.00000    1.00000    1.35200
   2.04200    1.41700    0.89800    0.64800    0.00000    0.00000    4.42100
   0.58600    2.67700    0.33100    1.58200    0.00000    1.00000    2.89500
   0.65500    2.46200    0.22300    1.62500    1.00000    0.00000    3.65400
   1.79500    3.13400    0.22300    1.31900    0.00000    0.00000    2.73900
   3.21000    2.62000    0.49900    0.99000    0.00000    0.00000    4.33000
   2.50200    3.73400    0.22300    1.28200    0.00000    0.00000    3.38700
  -0.93700    3.20100    0.69300    2.00400    0.00000    0.00000    0.33000
   4.80400    3.38300    1.40800    0.89200    0.00000    0.00000    5.44000
  -0.53400    2.66500    0.25100    1.76200    0.00000    0.00000    1.81700
   3.04600    2.30900    0.90700    0.87100    0.00000    0.00000    3.77500
   1.19500    3.08000    0.22300    1.38500    0.00000    0.00000    2.07000
   0.20200    2.02600    0.22300    1.66700    0.00000    1.00000    0.85500
   2.51000    3.33200    0.13400    1.29400    0.00000    0.00000    3.43600
   2.19300    3.01200    0.22300    1.02300    0.00000    0.00000    3.92000
   1.06400    2.80200    0.22300    1.60000    0.00000    1.00000    1.84200
   2.25500    2.58500    0.00000    0.91700    0.00000    0.00000    3.50200
   3.85400    3.78000    0.00000    1.18200    0.00000    0.00000    4.93800
   3.79500    2.12600    0.97700    0.77100    0.00000    0.00000    4.76200
   1.44200    3.08000    0.22300    1.58300    1.00000    0.00000    3.72700
   2.54500    3.60100    0.22300    1.35000    3.00000    2.00000    4.32000
   3.24700    3.59900    0.70200    1.51400    2.00000    1.00000    6.18300
   2.87600    2.26000    0.49900    0.90700    0.00000    0.00000    3.64500
   2.35100    3.03600    0.40500    1.20500    0.00000    1.00000    4.24700
   1.83400    2.63400    0.22300    0.93900    0.00000    0.00000    3.92600
   1.23900    3.02300    0.56000    1.34900    1.00000    0.00000    3.91700
   1.97100    3.64100    0.33100    1.93300    1.00000    0.00000    3.24600
   2.24200    3.33200    0.13400    1.51900    0.00000    0.00000    3.55400
   3.10900    1.84400    1.27500    0.80400    0.00000    0.00000    6.72000
   0.84600    2.51200    0.13400    1.29300    0.00000    0.00000    2.81100
   5.25800    4.43600    0.76400    1.22700    0.00000    1.00000    5.41200
  -0.06300    2.98000    0.25100    2.26100    0.00000    0.00000    1.63900
   0.07600    2.50700    0.40500    1.50000    0.00000    2.00000    2.85100
   1.97100    3.54200    1.38000    1.26400    0.00000    0.00000    6.28400
   1.51400    2.08000    0.76400    0.78800    0.00000    0.00000    4.96100
   3.25900    3.40700    0.00000    1.11100    0.00000    0.00000    4.27900
   1.70100    2.50800    0.58000    0.94100    0.00000    0.00000    3.79900
   1.14500    3.93700    0.76200    1.70800    0.00000    0.00000    3.29700
   4.05400    3.79300    0.13400    0.93000    0.00000    0.00000    6.03800
   1.94000    3.48500    0.22300    1.61400    0.00000    0.00000    3.50700
   4.27900    3.82800    1.25900    0.96600    1.00000    2.00000    8.60400
   2.23900    2.37700    0.82700    0.93800    0.00000    0.00000    5.00500
   1.95000    3.44400    0.88000    1.46600    0.00000    3.00000    4.00400
   3.79500    2.12600    0.97700    0.77100    0.00000    0.00000    5.28400
   2.60400    3.27700    0.48600    1.34300    0.00000    0.00000    3.73600
   1.70100    2.50800    0.58000    0.94100    0.00000    0.00000    3.48300
   1.14500    3.40700    1.54800    1.65300    0.00000    0.00000    6.25800
   1.06400    2.80200    0.22300    1.60000    1.00000    0.00000    3.82500
   1.06400    2.80200    0.22300    1.60000    1.00000    0.00000    3.93700
   2.24200    3.33200    0.13400    1.06800    0.00000    0.00000    3.80600
   1.53300    3.10300    0.13400    1.34400    0.00000    0.00000    3.17400
   3.31500    3.55400    0.62900    0.94500    0.00000    0.00000    3.45900
   0.90600    2.83100    1.39300    1.07700    0.00000    1.00000    5.31700
   2.35400    2.43500    1.11300    1.10900    0.00000    1.00000    2.83900
   2.93100    3.05500    1.27300    1.13200    0.00000    0.00000    5.39300
   6.16600    3.33700    1.44300    0.91300    0.00000    0.00000    7.42900
   2.11000    3.26000    0.40500    1.15100    1.00000    0.00000    3.83500
  -0.56400    1.42900    0.22300    1.80400    0.00000    0.00000    2.72000
   2.03300    1.78300    0.57000    1.18700    1.00000    0.00000    6.06400
   3.31400    2.01900    1.12600    0.79300    0.00000    0.00000    4.73000
   1.59100    2.72800    0.22300    0.95300    0.00000    0.00000    2.37100
   1.70100    2.50800    0.58000    0.94100    0.00000    0.00000    3.79900
   1.58000    2.96100    0.40500    1.38800    0.00000    0.00000    3.07000
  -0.81600    2.03100    0.85400    2.59100    0.00000    0.00000    2.68900
   1.99400    3.26000    0.25100    1.28700    0.00000    1.00000    2.74500
   3.06200    4.24700    0.58000    1.36000    2.00000    1.00000    5.06600
   4.45300    4.44300    0.25100    1.28700    4.00000    3.00000    6.48300
  -0.43900    3.31500    0.91600    1.75300    0.00000    2.00000    2.50100
   0.78700    3.07300    0.69300    1.43800    0.00000    2.00000    1.05500
  -0.31700    1.42900    0.22300    1.75000    1.00000    0.00000    3.07600
   2.29600    2.56800    0.38900    1.01200    0.00000    0.00000    3.51300
   4.65800    2.37700    1.27800    0.97400    0.00000    0.00000    5.37200
   3.29100    3.66900    0.48600    1.37400    0.00000    0.00000    3.70100
  -0.17200    2.16500    0.13400    1.91200    0.00000    0.00000    2.30000
   2.06600    2.91800    0.22300    0.94400    3.00000    0.00000    4.59000
   1.02000    2.93800    1.38500    1.22500    0.00000    2.00000    4.59300
  -0.06300    2.98000    0.25100    1.95900    0.00000    0.00000    1.65100
   1.23900    4.19100    0.76200    2.19500    0.00000    0.00000    2.61800
   1.74800    2.47900    0.88700    0.95400    0.00000    0.00000    4.18100
   3.37400    3.73900    0.00000    1.20400    0.00000    1.00000    5.43400
   1.53300    2.82400    0.22300    1.05100    0.00000    0.00000    4.05000
  -0.91700    2.70400    0.56000    1.96500    0.00000    0.00000    0.15000
   1.23700    2.43000    0.49600    0.84900    0.00000    1.00000    3.13300
