  28.00000  198.60000  132.40000    0.00000  192.00000    0.00000  978.40000  825.50000   28.02168
   3.00000  331.00000    0.00000    0.00000  192.00000    0.00000  879.00000  825.00000   13.52062
   7.00000  446.00000   24.00000   79.00000  162.00000   11.61000  967.00000  712.00000   52.00717
  90.00000  350.00000    0.00000    0.00000  203.00000    0.00000  974.00000  775.00000   31.35047
  56.00000  173.81000   93.37000  159.90000  172.34000    9.73000 1007.20000  746.60000   48.98727
  28.00000  143.80000  136.30000  106.20000  178.10000    7.50000  941.50000  774.30000   26.14769
  28.00000  284.00000   15.00000  141.00000  179.00000    5.46000  842.00000  801.00000   43.73346
   3.00000  374.00000  189.20000    0.00000  170.10000   10.10000  926.10000  756.70000   34.39796
  28.00000  148.00000    0.00000  182.00000  181.00000   15.00000  839.00000  884.00000   15.52010
  28.00000  218.23000   54.64000  123.78000  140.75000   11.91000 1075.70000  792.67000   55.50971
  28.00000  135.00000  105.00000  193.00000  196.00000    6.00000  965.00000  643.00000   21.91155
  28.00000  310.00000  143.00000    0.00000  168.00000   10.00000  914.00000  804.00000   45.29857
  28.00000  326.00000    0.00000  138.00000  199.00000   11.00000  801.00000  792.00000   40.67908
  28.00000  210.70000  316.10000    0.00000  185.70000    0.00000  977.00000  689.30000   37.81362
  14.00000  277.05000    0.00000   97.39000  160.60000   11.83000  973.90000  875.61000   41.88567
  56.00000  425.00000  106.30000    0.00000  153.50000   16.50000  852.10000  887.10000   64.30053
 365.00000  190.00000  190.00000    0.00000  228.00000    0.00000  932.00000  670.00000   53.69225
  56.00000  313.30000  262.20000    0.00000  175.50000    8.60000 1046.90000  611.80000   64.90038
  28.00000  155.00000    0.00000  143.00000  193.00000    9.00000  877.00000  868.00000    9.73540
   3.00000  295.71000    0.00000   95.64000  171.54000    8.87000  955.14000  859.20000   22.94576
   3.00000  313.30000  262.20000    0.00000  175.50000    8.60000 1046.90000  611.80000   28.79941
 100.00000  172.38000   13.61000  172.37000  156.76000    4.14000 1006.30000  856.40000   37.67986
   7.00000  170.30000  155.50000    0.00000  185.70000    0.00000 1026.60000  724.30000   10.73031
  56.00000  194.68000    0.00000  100.52000  170.17000    7.48000  998.00000  901.80000   43.38872
  28.00000  260.90000  100.50000   78.30000  200.60000    8.60000  864.50000  761.50000   32.40124
  56.00000  379.50000  151.20000    0.00000  153.90000   15.90000 1134.30000  605.00000   54.89608
  28.00000  273.00000    0.00000   90.00000  199.00000   11.00000  931.00000  762.00000   32.23990
   7.00000  424.00000   22.00000  132.00000  168.00000    8.92000  822.00000  750.00000   40.28510
 270.00000  525.00000    0.00000    0.00000  189.00000    0.00000 1125.00000  613.00000   67.11359
   7.00000  200.00000  133.00000    0.00000  192.00000    0.00000  965.40000  806.20000   17.16588
  28.00000  153.60000  144.20000  112.30000  220.10000   10.10000  923.20000  657.90000   16.50399
 180.00000  525.00000    0.00000    0.00000  189.00000    0.00000 1125.00000  613.00000   61.92184
   7.00000  255.00000    0.00000    0.00000  192.00000    0.00000  889.80000  945.00000   10.22217
   7.00000  375.00000   93.80000    0.00000  126.60000   23.40000  852.10000  992.60000   45.69847
  28.00000  272.60000    0.00000   89.60000  198.70000   10.60000  931.30000  762.20000   32.24541
   7.00000  387.00000   20.00000   94.00000  157.00000   13.93000  938.00000  845.00000   45.89842
   3.00000  212.00000    0.00000  124.78000  159.00000    7.84000 1085.40000  799.54000   19.51907
   7.00000  102.00000  153.00000    0.00000  192.00000    0.00000  887.00000  942.00000    7.67594
  28.00000  153.00000  102.00000    0.00000  192.00000    0.00000  888.00000  943.10000   17.96430
  14.00000  213.74000    0.00000  174.74000  154.79000   10.16000 1053.50000  776.35000   33.72917
   3.00000  183.90000  122.60000    0.00000  203.50000    0.00000  959.20000  800.00000    4.90355
   3.00000  310.00000    0.00000    0.00000  192.00000    0.00000 1012.00000  830.00000   11.85209
   7.00000  252.00000    0.00000    0.00000  185.00000    0.00000 1111.00000  784.00000   13.71368
   3.00000  122.60000  183.90000    0.00000  203.50000    0.00000  958.20000  800.10000    3.31983
  28.00000  284.00000  120.00000    0.00000  168.00000    7.00000  970.00000  794.00000   40.93419
   3.00000  173.54000   50.05000  173.53000  164.77000    6.47000 1006.20000  793.50000   23.07676
  28.00000  146.00000  230.00000    0.00000  202.00000    3.00000  827.00000  872.00000   33.06037
  28.00000  313.00000  145.00000    0.00000  178.00000    8.00000 1002.00000  689.00000   41.05140
  14.00000  251.37000    0.00000  118.27000  188.45000    5.75000 1028.40000  757.73000   29.93015
   7.00000  339.00000    0.00000    0.00000  185.00000    0.00000 1069.00000  754.00000   21.16002
  28.00000  152.60000  238.70000    0.00000  200.00000    6.30000 1001.80000  683.90000   26.85992
 100.00000  212.07000    0.00000  121.62000  180.31000    5.69000 1057.60000  779.32000   39.61040
  28.00000  313.80000    0.00000  112.60000  169.90000   10.10000  925.30000  782.90000   38.46104
 100.00000  222.36000    0.00000   96.67000  189.29000    4.46000  967.08000  870.32000   40.71356
   1.00000  385.00000    0.00000    0.00000  186.00000    0.00000  966.00000  763.00000    6.26734
  28.00000  181.38000    0.00000  167.01000  169.59000    7.56000 1055.60000  777.80000   27.77209
  90.00000  200.00000  133.00000    0.00000  192.00000    0.00000  965.40000  806.20000   43.25083
  28.00000  229.97000    0.00000  118.31000  195.47000    4.63000 1029.40000  758.59000   24.48329
   7.00000  525.00000    0.00000    0.00000  189.00000    0.00000 1125.00000  613.00000   42.42346
  90.00000  192.00000  288.00000    0.00000  192.00000    0.00000  929.80000  716.10000   50.73233
   7.00000  325.00000    0.00000    0.00000  184.00000    0.00000 1063.00000  783.00000   17.54027
   3.00000  181.38000    0.00000  167.01000  169.59000    7.56000 1055.60000  777.80000   13.62405
  28.00000  246.83000    0.00000  125.08000  143.30000   11.99000 1086.80000  800.89000   52.50360
   7.00000  300.00000    0.00000    0.00000  184.00000    0.00000 1075.00000  795.00000   15.57526
   7.00000  203.50000  305.30000    0.00000  203.50000    0.00000  963.40000  630.00000   19.53906
  56.00000  387.00000   20.00000   94.00000  157.00000   11.61000  938.00000  845.00000   61.45989
   3.00000  375.00000   93.80000    0.00000  126.60000   23.40000  852.10000  992.60000   28.99936
 100.00000  251.37000    0.00000  118.27000  188.45000    5.75000 1028.40000  757.73000   43.58178
   3.00000  277.19000   97.82000   24.46000  160.70000   11.19000 1061.70000  782.46000   30.44726
  28.00000  380.00000   95.00000    0.00000  228.00000    0.00000  932.00000  594.00000   36.44777
  28.00000  289.00000  133.70000    0.00000  194.90000    5.50000  924.10000  760.10000   46.24729
  28.00000  213.50000    0.00000  174.24000  159.21000   11.66000 1043.60000  771.90000   44.63668
  14.00000  251.81000    0.00000   99.94000  146.14000   12.35000 1006.00000  899.76000   33.35685
   7.00000  349.00000    0.00000    0.00000  192.00000    0.00000 1047.00000  806.00000   18.12632
  28.00000  162.00000  190.00000  148.00000  179.00000   19.00000  838.00000  741.00000   33.75674
  28.00000  173.00000  116.00000    0.00000  192.00000    0.00000  946.80000  856.80000   24.28197
  56.00000  424.00000   22.00000  132.00000  178.00000    8.48000  822.00000  750.00000   65.69721
  28.00000  255.30000   98.80000   77.00000  188.60000    6.50000  919.00000  749.30000   33.79880
  28.00000  446.00000   24.00000   79.00000  162.00000   10.30000  967.00000  712.00000   53.38613
  90.00000  198.60000  132.40000    0.00000  192.00000    0.00000  978.40000  825.50000   38.07424
   3.00000  198.60000  132.40000    0.00000  192.00000    0.00000  978.40000  825.50000    9.13142
   7.00000  238.00000    0.00000    0.00000  186.00000    0.00000 1119.00000  789.00000   12.05204
   7.00000  491.00000   26.00000  123.00000  210.00000    3.93000  882.00000  699.00000   33.48883
 100.00000  295.71000    0.00000   95.64000  171.54000    8.87000  955.14000  859.20000   52.04165
  28.00000  194.68000    0.00000  100.52000  170.17000    7.48000  998.00000  901.80000   37.26618
  28.00000  213.74000    0.00000  174.74000  154.79000   10.16000 1053.50000  776.35000   40.14819
  28.00000  334.00000   17.60000  158.00000  189.00000   15.30000  967.00000  633.00000   44.32641
   7.00000  296.00000    0.00000    0.00000  192.00000    0.00000 1085.00000  765.00000   14.20321
   7.00000  427.50000   47.50000    0.00000  228.00000    0.00000  932.00000  594.00000   35.07640
  90.00000  305.30000  203.50000    0.00000  203.50000    0.00000  965.40000  631.00000   54.59891
  90.00000  203.50000  305.30000    0.00000  203.50000    0.00000  963.40000  630.00000   51.86376
   3.00000  213.76000   98.06000   24.52000  181.74000    6.65000 1066.00000  785.52000   13.18278
  28.00000  213.50000    0.00000  174.24000  154.61000   11.66000 1052.30000  775.48000   45.93979
  28.00000  362.60000  189.00000    0.00000  164.90000   11.60000  944.70000  755.80000   71.29871
  28.00000  376.00000    0.00000    0.00000  214.60000    0.00000 1003.50000  762.36000   31.97100
   3.00000  525.00000    0.00000    0.00000  189.00000    0.00000 1125.00000  613.00000   33.79811
  28.00000  325.00000    0.00000    0.00000  184.00000    0.00000 1063.00000  783.00000   30.57137
   7.00000  359.00000   19.00000  141.00000  154.00000   10.91000  942.00000  801.00000   38.61066
  28.00000  446.00000   24.00000   79.00000  162.00000   11.64000  967.00000  712.00000   51.02122
   7.00000  275.00000    0.00000    0.00000  183.00000    0.00000 1088.00000  808.00000   14.20321
   3.00000  246.83000    0.00000  125.08000  143.30000   11.99000 1086.80000  800.89000   23.52492
  28.00000  277.00000    0.00000    0.00000  191.00000    0.00000  968.00000  856.00000   25.96567
  56.00000  212.07000    0.00000  121.62000  180.31000    5.69000 1057.60000  779.32000   34.20490
  91.00000  475.00000  118.80000    0.00000  181.10000    8.90000  852.10000  781.50000   74.19451
   7.00000  296.00000    0.00000    0.00000  186.00000    0.00000 1090.00000  769.00000   18.91233
 180.00000  266.00000  114.00000    0.00000  228.00000    0.00000  932.00000  670.00000   48.69562
 180.00000  380.00000    0.00000    0.00000  228.00000    0.00000  932.00000  670.00000   53.10413
  28.00000  250.00000    0.00000    0.00000  182.00000    0.00000 1100.00000  820.00000   20.87044
  28.00000  295.00000    0.00000    0.00000  185.00000    0.00000 1069.00000  769.00000   25.17966
   7.00000  116.00000  173.00000    0.00000  192.00000    0.00000  909.80000  891.90000   10.08979
 270.00000  266.00000  114.00000    0.00000  228.00000    0.00000  932.00000  670.00000   51.73276
  28.00000  375.00000   93.80000    0.00000  126.60000   23.40000  852.10000  992.60000   56.69561
  28.00000  250.00000    0.00000   95.69000  191.84000    5.33000  948.90000  857.20000   27.22051
  91.00000  425.00000  106.30000    0.00000  153.50000   16.50000  852.10000  887.10000   65.19685
  14.00000  238.05000    0.00000   94.11000  186.66000    7.00000  949.91000  847.01000   25.68988
  28.00000  350.00000    0.00000    0.00000  186.00000    0.00000 1050.00000  770.00000   34.29454
  28.00000  522.00000    0.00000    0.00000  146.00000    0.00000  896.00000  896.00000   74.98741
  28.00000  287.00000  121.00000   94.00000  188.00000    9.00000  904.00000  696.00000   41.94083
   3.00000  359.00000   19.00000  141.00000  154.00000   10.91000  942.00000  801.00000   25.11663
 100.00000  250.00000    0.00000   95.69000  187.42000    5.53000  956.86000  861.17000   42.34762
   3.00000  425.00000  106.30000    0.00000  153.50000   16.50000  852.10000  887.10000   33.39822
  28.00000  156.00000  243.00000    0.00000  180.00000   11.00000 1022.00000  698.00000   37.36270
  28.00000  193.50000  290.20000    0.00000  185.70000    0.00000  998.20000  704.30000   32.62669
  28.00000  252.00000   97.00000   76.00000  194.00000    8.00000  835.00000  821.00000   33.39822
  28.00000  182.04000   45.21000  121.97000  170.21000    8.19000 1059.40000  780.65000   31.26774
  28.00000  325.60000  166.40000    0.00000  174.00000    8.90000  881.60000  790.00000   61.23581
  14.00000  251.37000    0.00000  118.27000  188.45000    6.35000 1028.40000  757.73000   24.42813
  14.00000  165.00000  128.50000  132.10000  175.06000    8.08000 1005.80000  746.60000   33.08795
   3.00000  172.38000   13.61000  172.37000  156.76000    4.14000 1006.30000  856.40000   21.29102
  28.00000  229.68000    0.00000  118.16000  195.23000    6.13000 1028.10000  757.63000   24.53845
  90.00000  393.00000    0.00000    0.00000  192.00000    0.00000  940.00000  758.00000   48.79422
  28.00000  332.50000  142.50000    0.00000  228.00000    0.00000  932.00000  594.00000   33.01901
  28.00000  475.00000    0.00000   59.00000  142.00000    1.90000 1098.00000  641.00000   57.22651
  56.00000  491.00000   26.00000  123.00000  201.00000    3.93000  822.00000  699.00000   61.85585
  28.00000  313.30000  262.20000    0.00000  175.50000    8.60000 1046.90000  611.80000   59.79825
   3.00000  425.00000  106.30000    0.00000  153.50000   16.50000  852.10000  887.10000   33.39822
   7.00000  359.00000   19.00000  141.00000  154.00000   10.91000  942.00000  801.00000   35.75426
   7.00000  288.00000  192.00000    0.00000  192.00000    0.00000  932.00000  717.80000   23.52354
  91.00000  362.60000  189.00000    0.00000  164.90000   11.60000  944.70000  755.80000   79.29663
   7.00000  236.00000    0.00000    0.00000  193.00000    0.00000  968.00000  885.00000    9.99051
 100.00000  190.34000    0.00000  125.18000  161.85000    9.88000 1088.10000  802.59000   40.38950
  14.00000  190.34000    0.00000  125.18000  161.85000    9.88000 1088.10000  802.59000   22.71823
   7.00000  237.50000  237.50000    0.00000  228.00000    0.00000  932.00000  594.00000   26.25800
  28.00000  136.00000  196.00000   98.00000  199.00000    6.00000  847.00000  783.00000   26.96541
   3.00000  480.00000    0.00000    0.00000  192.00000    0.00000  936.00000  721.00000   24.39366
  28.00000  149.00000  117.60000   91.70000  182.90000    7.10000  953.40000  780.30000   23.52423
  56.00000  167.35000  129.90000  128.62000  175.46000    7.79000 1006.30000  746.60000   51.72449
   3.00000  339.00000    0.00000    0.00000  197.00000    0.00000  968.00000  781.00000   13.22415
  14.00000  190.68000    0.00000  125.40000  162.14000    7.77000 1090.00000  804.01000   21.06349
  14.00000  182.04000   45.21000  121.97000  170.21000    8.19000 1059.40000  780.65000   21.50476
   7.00000  228.00000  342.10000    0.00000  185.70000    0.00000  955.80000  674.30000   21.91706
 360.00000  349.00000    0.00000    0.00000  192.00000    0.00000 1047.00000  806.00000   42.12698
 270.00000  237.50000  237.50000    0.00000  228.00000    0.00000  932.00000  594.00000   38.40795
 100.00000  194.68000    0.00000  100.52000  165.62000    7.48000 1006.40000  905.90000   37.34202
  28.00000  322.00000    0.00000    0.00000  203.00000    0.00000  974.00000  800.00000   25.17966
  28.00000  183.90000  122.60000    0.00000  203.50000    0.00000  959.20000  800.00000   24.04616
  56.00000  213.50000    0.00000  174.24000  159.21000   11.66000 1043.60000  771.90000   51.25565
   7.00000  153.00000  102.00000    0.00000  192.00000    0.00000  888.00000  943.10000    8.37438
  28.00000  139.70000  163.90000  127.70000  236.70000    5.80000  868.60000  655.60000   35.22533
  56.00000  439.00000  177.00000    0.00000  186.00000   11.10000  884.90000  707.90000   71.69861
   3.00000  333.00000    0.00000    0.00000  192.00000    0.00000  931.20000  842.60000   15.61594
  28.00000  143.70000  170.20000  132.60000  191.60000    8.50000  814.10000  805.30000   29.87086
 100.00000  165.00000    0.02000  143.57000  163.81000    0.00000 1005.60000  900.90000   37.95565
   7.00000  305.30000  203.50000    0.00000  203.50000    0.00000  965.40000  631.00000   25.89396
  28.00000  165.00000  128.50000  132.10000  175.06000    8.08000 1005.80000  746.60000   46.38795
  56.00000  222.36000    0.00000   96.67000  189.29000    4.46000  967.08000  870.32000   29.44752
  91.00000  362.60000  189.00000    0.00000  164.90000   11.60000  944.70000  755.80000   79.29663
  28.00000  190.34000    0.00000  125.18000  161.85000    9.88000 1088.10000  802.59000   28.46846
  28.00000  313.00000    0.00000  113.00000  178.00000    8.00000 1002.00000  689.00000   36.80423
  28.00000  424.00000   22.00000  132.00000  178.00000    8.48000  822.00000  750.00000   62.05284
  28.00000  485.00000    0.00000    0.00000  146.00000    0.00000 1120.00000  800.00000   71.98819
 180.00000  236.00000    0.00000    0.00000  193.00000    0.00000  968.00000  885.00000   24.10408
   7.00000  252.00000    0.00000    0.00000  186.00000    0.00000 1111.00000  784.00000   11.46599
  14.00000  212.57000    0.00000  100.39000  159.35000   10.37000 1003.80000  903.79000   25.37272
   7.00000  380.00000   95.00000    0.00000  228.00000    0.00000  932.00000  594.00000   32.82319
 100.00000  249.10000    0.00000   98.75000  158.11000   12.80000  987.76000  889.01000   51.05570
  28.00000  200.00000  133.00000    0.00000  192.00000    0.00000  965.40000  806.20000   30.43968
  28.00000  155.00000  184.00000  143.00000  194.00000    9.00000  880.00000  699.00000   28.98557
   7.00000  522.00000    0.00000    0.00000  146.00000    0.00000  896.00000  896.00000   50.51101
  28.00000  316.10000  210.70000    0.00000  185.70000    0.00000  977.00000  689.30000   38.70029
  28.00000  145.70000  172.60000    0.00000  181.90000    3.40000  985.80000  816.80000   23.74417
   7.00000  313.30000  262.20000    0.00000  175.50000    8.60000 1046.90000  611.80000   42.79578
  56.00000  166.09000    0.00000  163.27000  176.46000    4.49000 1058.60000  780.09000   28.62704
  28.00000  276.40000  116.00000   90.30000  179.60000    8.90000  870.10000  768.30000   44.28435
  28.00000  200.00000    0.00000    0.00000  180.00000    0.00000 1125.00000  845.00000   12.24509
 270.00000  304.00000   76.00000    0.00000  228.00000    0.00000  932.00000  670.00000   54.37828
   3.00000  194.68000    0.00000  100.52000  165.62000    7.48000 1006.40000  905.90000   12.45194
   3.00000  251.81000    0.00000   99.94000  146.14000   12.35000 1006.00000  899.76000   21.02212
  28.00000  300.00000    0.00000  120.00000  212.00000   10.00000  878.00000  728.00000   23.83519
  28.00000  290.20000  193.50000    0.00000  185.70000    0.00000  998.20000  704.30000   33.04314
  28.00000  264.50000  111.00000   86.50000  195.50000    5.90000  832.60000  790.40000   41.54231
  28.00000  275.07000    0.00000  121.35000  159.48000    9.90000 1053.60000  777.50000   51.33149
  28.00000  252.50000    0.00000    0.00000  185.70000    0.00000 1111.60000  784.30000   19.76521
  56.00000  475.00000  118.80000    0.00000  181.10000    8.90000  852.10000  781.50000   72.29845
   7.00000  362.60000  189.00000    0.00000  164.90000   11.60000  944.70000  755.80000   55.89582
   3.00000  213.72000   98.05000   24.51000  181.71000    6.86000 1065.80000  785.38000   17.99532
  90.00000  342.00000   38.00000    0.00000  228.00000    0.00000  932.00000  670.00000   50.45930
  28.00000  167.35000  129.90000  128.62000  175.46000    7.79000 1006.30000  746.60000   41.20309
  28.00000  252.00000    0.00000    0.00000  185.00000    0.00000 1111.00000  784.00000   19.69143
  28.00000  255.00000   99.00000   77.00000  189.00000    6.00000  919.00000  749.00000   33.79811
 180.00000  190.00000  190.00000    0.00000  228.00000    0.00000  932.00000  670.00000   46.93194
 100.00000  246.83000    0.00000  125.08000  143.30000   11.99000 1086.80000  800.89000   66.42412
  28.00000  150.90000    0.00000  183.90000  166.60000   11.60000  991.20000  772.20000   15.56975
   7.00000  531.30000    0.00000    0.00000  141.80000   28.20000  852.10000  893.70000   46.89816
  14.00000  236.00000    0.00000    0.00000  194.00000    0.00000  968.00000  885.00000   12.83804
  28.00000  281.00000    0.00000    0.00000  185.00000    0.00000 1104.00000  774.00000   22.43555
   7.00000  500.00000    0.00000    0.00000  200.00000    0.00000 1125.00000  613.00000   33.21206
  28.00000  153.00000  145.00000    0.00000  178.00000    8.00000 1000.00000  822.00000   19.00885
  28.00000  305.00000    0.00000  100.00000  196.00000   10.00000  959.00000  705.00000   30.12321
  14.00000  167.00000   75.40000  167.00000  164.03000    7.91000 1007.30000  770.10000   32.90179
  56.00000  218.85000    0.00000  124.13000  158.49000   11.33000 1078.70000  794.91000   37.26618
 100.00000  167.95000   42.08000  163.83000  121.75000    5.72000 1058.70000  780.11000   39.23118
  90.00000  157.00000  236.00000    0.00000  192.00000    0.00000  935.40000  781.20000   43.37700
   3.00000  168.88000   42.22000  124.25000  158.33000   10.83000 1080.80000  796.15000    7.39808
  28.00000  178.03000  129.80000  118.60000  179.94000    3.57000 1007.30000  746.80000   39.16224
 100.00000  275.07000    0.00000  121.35000  159.48000    9.90000 1053.60000  777.50000   58.60546
 180.00000  332.50000  142.50000    0.00000  228.00000    0.00000  932.00000  594.00000   39.77932
  28.00000  313.30000  145.00000    0.00000  178.50000    8.00000  867.20000  824.00000   40.92523
  28.00000  158.80000  238.20000    0.00000  185.70000    0.00000 1040.60000  734.30000   21.06625
  28.00000  272.80000  181.90000    0.00000  185.70000    0.00000 1012.40000  714.30000   31.38150
   7.00000  400.00000    0.00000    0.00000  187.00000    0.00000 1025.00000  745.00000   30.14389
  28.00000  173.81000   93.37000  159.90000  172.34000    9.73000 1007.20000  746.60000   37.81086
 100.00000  252.31000    0.00000   98.75000  146.25000   14.17000  987.76000  889.01000   60.94968
  28.00000  146.00000  173.00000    0.00000  182.00000    3.00000  986.00000  817.00000   23.73866
  28.00000  297.16000    0.00000  117.54000  174.80000    9.52000 1022.80000  753.45000   47.40147
  28.00000  500.00000    0.00000    0.00000  200.00000    0.00000 1125.00000  613.00000   44.09199
   3.00000  213.74000    0.00000  174.74000  154.79000   10.16000 1053.50000  776.35000   17.57474
  14.00000  194.68000    0.00000  100.52000  170.17000    7.48000  998.00000  901.80000   24.28334
   3.00000  387.00000   20.00000   94.00000  157.00000   11.61000  938.00000  845.00000   34.77027
   3.00000  491.00000   26.00000  123.00000  201.00000    3.93000  822.00000  699.00000   29.54897
   3.00000  359.00000   19.00000  141.00000  154.00000   10.91000  942.00000  801.00000   23.63918
   3.00000  202.00000   11.00000  141.00000  206.00000    1.72000  942.00000  801.00000    9.84966
 180.00000  540.00000    0.00000    0.00000  173.00000    0.00000 1125.00000  613.00000   71.62277
  56.00000  173.54000   50.05000  173.53000  164.77000    6.47000 1006.20000  793.50000   53.77223
 100.00000  251.81000    0.00000   99.94000  146.14000   12.35000 1006.00000  899.76000   45.36752
   7.00000  425.00000  106.30000    0.00000  153.50000   16.50000  852.10000  887.10000   49.20101
  28.00000  220.80000  147.20000    0.00000  185.70000    0.00000 1055.00000  744.30000   25.74503
  28.00000  233.81000    0.00000   94.58000  197.89000    4.56700  947.04000  852.16000   22.83545
  56.00000  295.71000    0.00000   95.64000  171.54000    8.87000  955.14000  859.20000   48.71837
  28.00000  166.80000  250.20000    0.00000  203.50000    0.00000  975.60000  692.60000   33.94773
  91.00000  374.00000  189.20000    0.00000  170.10000   10.10000  926.10000  756.70000   64.90038
  28.00000  300.00000    0.00000    0.00000  184.00000    0.00000 1075.00000  795.00000   26.84820
   3.00000  166.80000  250.20000    0.00000  203.50000    0.00000  975.60000  692.60000    6.90234
   3.00000  393.00000    0.00000    0.00000  192.00000    0.00000  940.60000  785.60000   19.19915
  28.00000  333.00000    0.00000    0.00000  192.00000    0.00000  931.20000  842.60000   31.96687
 180.00000  342.00000   38.00000    0.00000  228.00000    0.00000  932.00000  670.00000   52.12439
  56.00000  425.00000  106.30000    0.00000  153.50000   16.50000  852.10000  887.10000   64.30053
  56.00000  238.05000    0.00000   94.11000  186.66000    7.00000  949.91000  847.01000   39.58971
   7.00000  337.90000  189.00000    0.00000  174.90000    9.50000  944.70000  755.80000   35.10122
   3.00000  251.37000    0.00000  118.27000  188.45000    5.75000 1028.40000  757.73000   17.22311
   3.00000  286.30000  200.90000    0.00000  144.70000   11.20000 1004.60000  803.70000   24.40056
  56.00000  229.68000    0.00000  118.16000  195.23000    6.13000 1028.10000  757.63000   31.35047
  28.00000  145.90000  230.50000    0.00000  202.50000    3.40000  827.00000  871.80000   32.72046
   3.00000  446.00000   24.00000   79.00000  162.00000   11.61000  967.00000  712.00000   35.36322
  56.00000  190.34000    0.00000  125.18000  161.85000    9.88000 1088.10000  802.59000   38.56239
   3.00000  229.97000    0.00000  118.31000  195.47000    4.63000 1029.40000  758.59000   10.03188
  56.00000  167.95000   42.08000  163.83000  121.75000    5.72000 1058.70000  780.11000   32.85353
  28.00000  298.10000    0.00000  107.50000  163.60000   12.80000  953.20000  784.00000   35.86585
  28.00000  203.50000  135.70000    0.00000  185.70000    0.00000 1076.20000  759.30000   22.62998
  28.00000  237.00000   92.00000   71.00000  247.00000    6.00000  853.00000  695.00000   28.62704
  14.00000  168.88000   42.22000  124.25000  158.33000   10.83000 1080.80000  796.15000   23.51113
  56.00000  231.75000    0.00000  121.62000  173.96000    6.72000 1056.40000  778.45000   42.69925
  90.00000  310.00000    0.00000    0.00000  192.00000    0.00000 1012.00000  830.00000   35.76312
  90.00000  108.30000  162.40000    0.00000  203.50000    0.00000  938.20000  849.00000   29.23171
  28.00000  397.00000    0.00000    0.00000  186.00000    0.00000 1040.00000  734.00000   36.93523
  56.00000  362.60000  189.00000    0.00000  164.90000   11.60000  944.70000  755.80000   77.29715
   3.00000  190.34000    0.00000  125.18000  166.61000    9.88000 1079.00000  798.90000   12.54846
  28.00000  190.34000    0.00000  125.18000  166.61000    9.88000 1079.00000  798.90000   24.84872
   3.00000  213.50000    0.00000  174.24000  159.21000   11.66000 1043.60000  771.90000   15.60974
  90.00000  296.00000    0.00000    0.00000  192.00000    0.00000 1085.00000  765.00000   29.39236
  28.00000  439.00000  177.00000    0.00000  186.00000   11.10000  884.90000  707.90000   65.99664
  28.00000  446.00000   24.00000   79.00000  162.00000   11.64000  967.00000  712.00000   44.42294
  28.00000  251.81000    0.00000   99.94000  146.14000   12.35000 1006.00000  899.76000   33.94290
   3.00000  167.95000   42.08000  163.83000  121.75000    5.72000 1058.70000  780.11000    7.74971
   3.00000  424.00000   22.00000  132.00000  168.00000    8.92000  822.00000  750.00000   32.10988
   3.00000  337.90000  189.00000    0.00000  174.90000    9.50000  944.70000  755.80000   24.09719
   3.00000  254.00000    0.00000    0.00000  198.00000    0.00000  968.00000  863.00000    9.30793
  28.00000  275.00000  180.00000  120.00000  162.00000   10.35000  830.00000  765.00000   76.23536
 360.00000  331.00000    0.00000    0.00000  192.00000    0.00000  978.00000  825.00000   41.24445
  14.00000  222.36000    0.00000   96.67000  189.29000    4.46000  967.08000  870.32000   24.44882
  28.00000  307.00000    0.00000    0.00000  193.00000    0.00000  968.00000  812.00000   27.53078
  91.00000  313.30000  262.20000    0.00000  175.50000    8.60000 1046.90000  611.80000   66.59649
   3.00000  203.50000  305.30000    0.00000  203.50000    0.00000  963.40000  630.00000    9.56165
   3.00000  387.00000   20.00000   94.00000  157.00000   14.32000  938.00000  845.00000   22.75271
  91.00000  362.60000  189.00000    0.00000  164.90000   11.60000  944.70000  755.80000   79.29663
 270.00000  380.00000    0.00000    0.00000  228.00000    0.00000  932.00000  670.00000   53.30063
   3.00000  212.57000    0.00000  100.39000  159.35000   10.37000 1003.80000  903.79000   13.33447
   3.00000  255.00000    0.00000    0.00000  192.00000    0.00000  889.80000  945.00000    8.20407
  28.00000  385.00000    0.00000  136.00000  158.00000   20.00000  903.00000  768.00000   55.55108
  56.00000  376.00000    0.00000    0.00000  214.60000    0.00000 1003.50000  762.36000   36.30091
  28.00000  152.00000    0.00000  112.00000  184.00000    8.00000  992.00000  816.00000   12.17615
  28.00000  310.00000    0.00000    0.00000  192.00000    0.00000  970.00000  850.00000   27.92378
   3.00000  229.68000    0.00000  118.16000  195.23000    6.13000 1028.10000  757.63000   13.35515
  28.00000  145.40000    0.00000  178.90000  201.70000    7.80000  824.00000  868.70000   10.53588
  91.00000  425.00000  106.30000    0.00000  153.50000   16.50000  852.10000  887.10000   65.19685
 100.00000  181.38000    0.00000  167.01000  169.59000    7.56000 1055.60000  777.80000   45.36752
 365.00000  304.00000   76.00000    0.00000  228.00000    0.00000  932.00000  670.00000   55.26012
   7.00000  186.20000  124.10000    0.00000  185.70000    0.00000 1083.40000  764.30000    7.99585
  90.00000  310.00000    0.00000    0.00000  192.00000    0.00000  970.00000  850.00000   34.68064
   3.00000  297.16000    0.00000  117.54000  174.80000    9.52000 1022.80000  753.45000   21.91155
  28.00000  290.35000    0.00000   96.18000  168.08000    9.41000  961.18000  865.00000   34.73580
  14.00000  250.00000    0.00000   95.69000  187.42000    5.53000  956.86000  861.17000   24.91766
  28.00000  133.00000  210.00000    0.00000  196.00000    3.00000  949.00000  795.00000   31.02642
  28.00000  154.00000  174.00000  185.00000  228.00000    7.00000  845.00000  612.00000   24.33850
  28.00000  318.80000  212.50000    0.00000  155.70000   14.30000  852.10000  880.40000   55.49592
  56.00000  277.19000   97.82000   24.46000  160.70000   11.19000 1061.70000  782.46000   66.82401
  90.00000  153.00000  102.00000    0.00000  192.00000    0.00000  888.00000  943.10000   26.32281
   7.00000  362.60000  189.00000    0.00000  164.90000   11.60000  944.70000  755.80000   22.89750
  56.00000  181.38000    0.00000  167.01000  169.59000    7.56000 1055.60000  777.80000   35.57007
  28.00000  200.00000  200.00000    0.00000  190.00000    0.00000 1145.00000  660.00000   49.24927
 365.00000  254.00000    0.00000    0.00000  198.00000    0.00000  968.00000  863.00000   29.78536
  14.00000  178.03000  129.80000  118.60000  179.94000    3.57000 1007.30000  746.80000   34.23938
  28.00000  326.50000    0.00000  137.90000  199.00000   10.80000  801.10000  792.50000   38.63065
  28.00000  122.60000  183.90000    0.00000  203.50000    0.00000  958.20000  800.10000   24.29093
  28.00000  321.00000  164.00000    0.00000  190.00000    5.00000  870.00000  774.00000   57.21272
   3.00000  362.60000  189.00000    0.00000  164.90000   11.60000  944.70000  755.80000   35.30117
  28.00000  231.75000    0.00000  121.62000  173.96000    6.72000 1056.40000  778.45000   33.72917
   3.00000  349.00000    0.00000    0.00000  192.00000    0.00000 1047.00000  806.00000   14.98921
 180.00000  475.00000    0.00000    0.00000  228.00000    0.00000  932.00000  594.00000   42.62065
   3.00000  393.00000    0.00000    0.00000  192.00000    0.00000  940.00000  758.00000   19.10538
  28.00000  238.00000    0.00000    0.00000  186.00000    0.00000 1119.00000  789.00000   17.54027
  28.00000  164.00000    0.00000  200.00000  181.00000   13.00000  849.00000  846.00000   15.08573
  14.00000  218.85000    0.00000  124.13000  158.49000   11.33000 1078.70000  794.91000   26.04840
  28.00000  155.60000  243.50000    0.00000  180.30000   10.70000 1022.00000  697.70000   37.36339
  28.00000  295.80000    0.00000    0.00000  185.70000    0.00000 1091.40000  769.30000   25.21690
   7.00000  339.00000    0.00000    0.00000  197.00000    0.00000  968.00000  781.00000   20.96697
  28.00000  397.00000   17.20000  158.00000  167.00000   20.80000  967.00000  633.00000   55.64761
   7.00000  349.00000    0.00000    0.00000  192.00000    0.00000 1056.00000  809.00000    9.01145
  28.00000  160.00000  250.00000    0.00000  168.00000   12.00000 1049.00000  688.00000   39.45182
  28.00000  151.00000    0.00000  184.00000  167.00000   12.00000  991.00000  772.00000   15.56837
   3.00000  318.80000  212.50000    0.00000  155.70000   14.30000  852.10000  880.40000   25.20035
  28.00000  480.00000    0.00000    0.00000  192.00000    0.00000  936.00000  721.00000   43.89204
  14.00000  229.68000    0.00000  118.16000  195.23000    6.13000 1028.10000  757.63000   22.31834
  28.00000  255.00000    0.00000    0.00000  192.00000    0.00000  889.80000  945.00000   18.74616
  90.00000  304.00000   76.00000    0.00000  228.00000    0.00000  932.00000  670.00000   49.18515
 360.00000  198.60000  132.40000    0.00000  192.00000    0.00000  978.40000  825.50000   44.29608
  28.00000  362.60000  189.00000    0.00000  164.90000   11.60000  944.70000  755.80000   71.29871
  28.00000  339.00000    0.00000    0.00000  185.00000    0.00000 1060.00000  754.00000   31.64695
 100.00000  166.09000    0.00000  163.27000  176.46000    4.49000 1058.60000  780.09000   33.54301
  28.00000  374.30000    0.00000    0.00000  190.20000    6.70000 1013.20000  730.40000   39.05606
  90.00000  236.00000    0.00000    0.00000  194.00000    0.00000  968.00000  885.00000   21.94602
  28.00000  355.00000   19.00000   97.00000  145.00000   12.25000  967.00000  871.00000   55.45455
   7.00000  382.00000    0.00000    0.00000  186.00000    0.00000 1047.00000  739.00000   24.00066
  28.00000  333.00000   17.50000  163.00000  167.00000   17.90000  996.00000  652.00000   47.27737
  28.00000  147.00000  115.00000   89.00000  202.00000    9.00000  860.00000  829.00000   19.98791
  28.00000  516.00000    0.00000    0.00000  162.00000    8.26000  801.00000  802.00000   41.36856
  28.00000  154.00000  144.00000  112.00000  220.00000   10.00000  923.00000  658.00000   16.49916
   7.00000  374.00000  189.20000    0.00000  170.10000   10.10000  926.10000  756.70000   46.20179
  56.00000  375.00000   93.80000    0.00000  126.60000   23.40000  852.10000  992.60000   60.19815
   3.00000  305.30000  203.50000    0.00000  203.50000    0.00000  965.40000  631.00000   14.14391
  56.00000  233.81000    0.00000   94.58000  197.89000    4.56700  947.04000  852.16000   27.66178
  28.00000  281.00000    0.00000    0.00000  186.00000    0.00000 1104.00000  774.00000   22.43555
  28.00000  531.30000    0.00000    0.00000  141.80000   28.20000  852.10000  893.70000   56.39914
  28.00000  160.00000  188.00000  146.00000  203.00000   11.00000  829.00000  710.00000   32.83974
  28.00000  366.00000  187.00000    0.00000  191.00000    7.00000  824.00000  757.00000   65.90701
 100.00000  297.16000    0.00000  117.54000  174.80000    9.52000 1022.80000  753.45000   56.74387
  28.00000  336.50000    0.00000    0.00000  181.90000    3.40000  985.80000  816.80000   44.86834
 270.00000  500.00000    0.00000    0.00000  200.00000    0.00000 1125.00000  613.00000   55.15808
  56.00000  284.00000   15.00000  141.00000  179.00000    5.46000  842.00000  801.00000   44.52045
  28.00000  500.10000    0.00000    0.00000  200.00000    3.00000 1124.40000  613.20000   44.13336
  28.00000  155.00000  183.00000    0.00000  193.00000    9.00000  877.00000  868.00000   23.78692
   7.00000  297.00000    0.00000    0.00000  186.00000    0.00000 1040.00000  734.00000   30.95747
   7.00000  401.80000   94.70000    0.00000  147.40000   11.40000  946.80000  852.10000   54.09629
  28.00000  151.80000  178.10000  138.70000  167.50000   18.30000  944.00000  694.60000   36.34986
  14.00000  350.00000    0.00000    0.00000  203.00000    0.00000  974.00000  775.00000   22.53208
  56.00000  165.00000    0.02000  143.57000  163.81000    0.00000 1005.60000  900.90000   36.56291
  56.00000  425.00000  106.30000    0.00000  151.40000   18.60000  936.00000  803.70000   64.90038
   3.00000  379.50000  151.20000    0.00000  153.90000   15.90000 1134.30000  605.00000   28.59946
   3.00000  165.00000  128.50000  132.10000  175.06000    8.08000 1005.80000  746.60000   19.41564
 180.00000  331.00000    0.00000    0.00000  192.00000    0.00000  978.00000  825.00000   38.99676
 270.00000  380.00000   95.00000    0.00000  228.00000    0.00000  932.00000  594.00000   41.15138
   3.00000  290.35000    0.00000   96.18000  168.08000    9.41000  961.18000  865.00000   22.50450
  28.00000  145.00000    0.00000  179.00000  202.00000    8.00000  824.00000  869.00000   10.53519
  28.00000  214.90000   53.80000  121.89000  155.63000    9.61000 1014.30000  780.58000   52.20023
   3.00000  236.00000  157.00000    0.00000  192.00000    0.00000  972.60000  749.10000   13.56544
   7.00000  238.20000  158.80000    0.00000  185.70000    0.00000 1040.60000  734.30000   15.69109
  28.00000  289.00000  134.00000    0.00000  195.00000    6.00000  924.00000  760.00000   46.24316
  28.00000  222.36000    0.00000   96.67000  189.29000    4.46000  967.08000  870.32000   24.89008
  28.00000  102.00000  153.00000    0.00000  192.00000    0.00000  887.00000  942.00000   17.27551
  28.00000  310.00000  143.00000  111.00000  168.00000   22.00000  914.00000  651.00000   33.68780
  28.00000  298.00000    0.00000  107.00000  210.00000   11.00000  880.00000  744.00000   31.87448
  28.00000  405.00000    0.00000    0.00000  175.00000    0.00000 1120.00000  695.00000   52.30365
  28.00000  145.00000  116.00000  119.00000  184.00000    5.70000  833.00000  880.00000   29.15794
  28.00000  143.00000  169.40000  142.70000  190.70000    8.40000  967.40000  643.50000   29.72607
  91.00000  531.30000    0.00000    0.00000  141.80000   28.20000  852.10000  893.70000   59.19841
  28.00000  133.10000  210.20000    0.00000  195.70000    3.10000  949.40000  795.30000   28.93800
  28.00000  173.54000   50.05000  173.53000  164.77000    6.47000 1006.20000  793.50000   38.20387
   7.00000  281.00000    0.00000    0.00000  186.00000    0.00000 1104.00000  774.00000   14.49968
   3.00000  173.00000  116.00000    0.00000  192.00000    0.00000  946.80000  856.80000    6.94095
  28.00000  280.00000  129.00000  100.00000  172.00000    9.00000  825.00000  805.00000   52.82076
  28.00000  190.00000  190.00000    0.00000  228.00000    0.00000  932.00000  670.00000   40.85697
  90.00000  250.20000  166.80000    0.00000  203.50000    0.00000  977.60000  694.10000   47.71450
   7.00000  181.90000  272.80000    0.00000  185.70000    0.00000 1012.40000  714.30000   12.37265
   3.00000  251.37000    0.00000  118.27000  192.94000    5.75000 1043.60000  754.30000   11.98309
 180.00000  310.00000    0.00000    0.00000  192.00000    0.00000  970.00000  850.00000   37.32823
  14.00000  173.81000   93.37000  159.90000  172.34000    9.73000 1007.20000  746.60000   29.55094
 100.00000  167.35000  129.90000  128.62000  175.46000    7.79000 1006.30000  746.60000   53.65502
  28.00000  382.00000    0.00000    0.00000  186.00000    0.00000 1047.00000  739.00000   37.42476
   7.00000  439.00000  177.00000    0.00000  186.00000   11.10000  884.90000  707.90000   56.09577
   7.00000  272.80000  181.90000    0.00000  185.70000    0.00000 1012.40000  714.30000   19.76521
   7.00000  331.00000    0.00000    0.00000  192.00000    0.00000 1025.00000  821.00000   17.43685
   3.00000  141.30000  212.00000    0.00000  203.50000    0.00000  971.80000  748.50000    4.82771
  28.00000  165.00000    0.00000  150.00000  182.00000   12.00000 1023.00000  729.00000   18.02980
   7.00000  387.00000   20.00000   94.00000  157.00000   11.61000  938.00000  845.00000   41.66503
  28.00000  289.00000    0.00000    0.00000  192.00000    0.00000  913.20000  895.30000   25.57335
 100.00000  251.37000    0.00000  118.27000  192.94000    5.75000 1043.60000  754.30000   40.14819
 100.00000  213.50000    0.00000  174.24000  159.21000   11.66000 1043.60000  771.90000   52.95865
 120.00000  349.00000    0.00000    0.00000  192.00000    0.00000 1056.00000  809.00000   40.85835
  14.00000  252.31000    0.00000   98.75000  146.25000   14.17000  987.76000  889.01000   42.29246
 180.00000  427.50000   47.50000    0.00000  228.00000    0.00000  932.00000  594.00000   41.83671
  28.00000  393.00000    0.00000    0.00000  192.00000    0.00000  940.60000  785.60000   39.60488
  28.00000  136.00000  162.00000  126.00000  172.00000   10.00000  923.00000  764.00000   29.06831
  91.00000  425.00000  106.30000    0.00000  151.40000   18.60000  936.00000  803.70000   66.69991
  14.00000  165.00000    0.02000  143.57000  163.81000    0.00000 1005.60000  900.90000   16.87837
  90.00000  122.60000  183.90000    0.00000  203.50000    0.00000  958.20000  800.10000   33.19206
  28.00000  303.60000  139.90000    0.00000  213.50000    6.20000  895.50000  722.50000   33.41959
  28.00000  322.20000    0.00000  115.60000  196.00000   10.40000  817.90000  813.40000   31.17879
 100.00000  173.81000   93.37000  159.90000  172.34000    9.73000 1007.20000  746.60000   50.93849
  28.00000  202.00000   11.00000  141.00000  206.00000    1.72000  942.00000  801.00000   21.96671
  90.00000  102.00000  153.00000    0.00000  192.00000    0.00000  887.00000  942.00000   25.46097
   3.00000  388.60000   97.10000    0.00000  157.90000   12.10000  852.10000  925.70000   28.09615
  28.00000  475.00000    0.00000    0.00000  228.00000    0.00000  932.00000  594.00000   39.28979
   3.00000  475.00000  118.80000    0.00000  181.10000    8.90000  852.10000  781.50000   37.79707
  28.00000  261.00000  100.00000   78.00000  201.00000    9.00000  864.00000  761.00000   32.39848
  28.00000  249.10000    0.00000   98.75000  158.11000   12.80000  987.76000  889.01000   30.84716
   7.00000  397.00000    0.00000    0.00000  185.70000    0.00000 1040.60000  734.30000   25.44787
  90.00000  173.00000  116.00000    0.00000  192.00000    0.00000  946.80000  856.80000   32.10269
  56.00000  297.16000    0.00000  117.54000  174.80000    9.52000 1022.80000  753.45000   51.95891
  28.00000  158.00000    0.00000  195.00000  220.00000   11.00000  898.00000  713.00000    8.53571
 100.00000  277.19000   97.82000   24.46000  160.70000   11.19000 1061.70000  782.46000   66.94812
  28.00000  379.50000  151.20000    0.00000  153.90000   15.90000 1134.30000  605.00000   52.20023
  28.00000  273.00000  105.00000   82.00000  210.00000    9.00000  904.00000  680.00000   37.16965
  28.00000  238.20000  158.80000    0.00000  185.70000    0.00000 1040.60000  734.30000   26.91370
  28.00000  296.00000    0.00000  106.70000  221.40000   10.50000  819.20000  778.40000   31.42011
  14.00000  213.50000    0.00000  174.24000  159.21000   11.66000 1043.60000  771.90000   29.59231
   7.00000  316.10000  210.70000    0.00000  185.70000    0.00000  977.00000  689.30000   24.43779
   3.00000  250.00000    0.00000   95.69000  191.84000    5.33000  948.90000  857.20000    8.48745
   3.00000  389.90000  189.00000    0.00000  145.90000   22.00000  944.70000  755.80000   40.59635
  28.00000  212.07000    0.00000  121.62000  180.31000    5.69000 1057.60000  779.32000   24.90387
   7.00000  122.60000  183.90000    0.00000  203.50000    0.00000  958.20000  800.10000   10.35455
  28.00000  213.72000   98.05000   24.51000  181.71000    6.86000 1065.80000  785.38000   45.70536
  28.00000  164.60000    0.00000  150.40000  181.60000   11.70000 1023.30000  728.90000   18.03393
   7.00000  158.80000  238.20000    0.00000  185.70000    0.00000 1040.60000  734.30000    9.61750
   7.00000  375.00000    0.00000    0.00000  186.00000    0.00000 1038.00000  758.00000   26.06219
   3.00000  446.00000   24.00000   79.00000  162.00000   11.64000  967.00000  712.00000   23.34566
   7.00000  480.00000    0.00000    0.00000  192.00000    0.00000  936.20000  712.20000   34.56964
   7.00000  540.00000    0.00000    0.00000  173.00000    0.00000 1125.00000  613.00000   52.61391
  28.00000  313.00000  145.00000    0.00000  127.00000    8.00000 1000.00000  822.00000   44.51947
  28.00000  356.00000  119.00000    0.00000  160.00000    9.03000 1061.00000  657.00000   58.99846
  28.00000  451.00000    0.00000    0.00000  165.00000   11.25000 1030.00000  745.00000   78.80021
  28.00000  298.10000    0.00000  107.00000  186.40000    6.10000  879.00000  815.20000   42.64409
  28.00000  212.57000    0.00000  100.39000  159.35000   10.37000 1003.80000  903.79000   37.40407
  28.00000  362.60000  189.00000    0.00000  164.90000   11.60000  944.70000  755.80000   71.29871
  28.00000  299.80000    0.00000  119.80000  211.50000    9.90000  878.20000  727.60000   23.83587
   7.00000  332.50000  142.50000    0.00000  228.00000    0.00000  932.00000  594.00000   30.27558
  56.00000  388.60000   97.10000    0.00000  157.90000   12.10000  852.10000  925.70000   55.19945
 100.00000  182.04000   45.21000  121.97000  170.21000    8.19000 1059.40000  780.65000   48.67011
   7.00000  475.00000  118.80000    0.00000  181.10000    8.90000  852.10000  781.50000   55.59934
   3.00000  116.00000  173.00000    0.00000  192.00000    0.00000  909.80000  891.90000    6.28044
  56.00000  212.00000    0.00000  124.78000  159.00000    7.84000 1085.40000  799.54000   45.08484
  90.00000  139.60000  209.40000    0.00000  192.00000    0.00000 1047.00000  806.90000   39.35805
   7.00000  133.00000  200.00000    0.00000  192.00000    0.00000  927.40000  839.20000   13.66404
   3.00000  425.00000  106.30000    0.00000  153.50000   16.50000  852.10000  887.10000   33.39822
   3.00000  277.05000    0.00000   97.39000  160.60000   11.83000  973.90000  875.61000   23.13881
  56.00000  178.03000  129.80000  118.60000  179.94000    3.57000 1007.30000  746.80000   48.58737
  28.00000  133.00000  200.00000    0.00000  192.00000    0.00000  927.40000  839.20000   27.87483
  28.00000  151.00000    0.00000  185.00000  167.00000   16.00000 1074.00000  678.00000   13.45857
  90.00000  277.00000    0.00000    0.00000  191.00000    0.00000  968.00000  856.00000   31.25395
  90.00000  380.00000    0.00000    0.00000  228.00000    0.00000  932.00000  670.00000   52.90832
  90.00000  254.00000    0.00000    0.00000  198.00000    0.00000  968.00000  863.00000   26.94472
  14.00000  376.00000    0.00000    0.00000  214.60000    0.00000 1003.50000  762.36000   25.62093
  28.00000  164.20000    0.00000  200.10000  181.20000   12.60000  849.30000  846.00000   15.09125
  28.00000  162.00000  207.00000  172.00000  216.00000   10.00000  822.00000  638.00000   39.84482
  90.00000  288.00000  192.00000    0.00000  192.00000    0.00000  932.00000  717.80000   50.52687
  56.00000  424.00000   22.00000  132.00000  168.00000    8.92000  822.00000  750.00000   74.36491
  28.00000  154.80000    0.00000  142.80000  193.30000    9.10000  877.20000  867.70000    9.73816
 270.00000  427.50000   47.50000    0.00000  228.00000    0.00000  932.00000  594.00000   43.01296
  56.00000  213.76000   98.06000   24.52000  181.74000    6.65000 1066.00000  785.52000   47.13258
  28.00000  203.50000  305.30000    0.00000  203.50000    0.00000  963.40000  630.00000   41.68434
  56.00000  182.04000   45.21000  121.97000  170.21000    8.19000 1059.40000  780.65000   43.49904
 180.00000  304.00000   76.00000    0.00000  228.00000    0.00000  932.00000  670.00000   50.94883
 270.00000  540.00000    0.00000    0.00000  173.00000    0.00000 1125.00000  613.00000   74.16693
  28.00000  359.00000   19.00000  141.00000  154.00000   10.91000  942.00000  801.00000   62.93537
  56.00000  446.00000   24.00000   79.00000  162.00000   11.64000  967.00000  712.00000   55.25461
  28.00000  389.90000  189.00000    0.00000  145.90000   22.00000  944.70000  755.80000   74.49788
   7.00000  250.20000  166.80000    0.00000  203.50000    0.00000  977.60000  694.10000   19.35014
  28.00000  298.00000    0.00000  107.00000  186.00000    6.00000  879.00000  815.00000   42.63720
  28.00000  238.05000    0.00000   94.11000  186.66000    7.00000  949.91000  847.01000   30.23352
   7.00000  225.00000    0.00000    0.00000  181.00000    0.00000 1113.00000  833.00000   11.16951
  90.00000  183.90000  122.60000    0.00000  203.50000    0.00000  959.20000  800.00000   32.53293
 365.00000  342.00000   38.00000    0.00000  228.00000    0.00000  932.00000  670.00000   56.14196
  28.00000  266.20000  112.30000   87.50000  177.90000   10.40000  909.70000  744.50000   39.42148
  91.00000  362.60000  189.00000    0.00000  164.90000   11.60000  944.70000  755.80000   79.29663
   3.00000  218.23000   54.64000  123.78000  140.75000   11.91000 1075.70000  792.67000   27.42046
 100.00000  190.34000    0.00000  125.18000  166.61000    9.88000 1079.00000  798.90000   33.56369
  56.00000  250.00000    0.00000   95.69000  191.84000    5.33000  948.90000  857.20000   39.64487
   7.00000  389.90000  189.00000    0.00000  145.90000   22.00000  944.70000  755.80000   59.09499
   7.00000  393.00000    0.00000    0.00000  192.00000    0.00000  940.60000  785.60000   27.74245
  28.00000  382.50000    0.00000    0.00000  185.70000    0.00000 1047.80000  739.30000   37.43786
 100.00000  190.68000    0.00000  125.40000  162.14000    7.77000 1090.00000  804.01000   40.56877
  28.00000  166.09000    0.00000  163.27000  176.46000    4.49000 1058.60000  780.09000   21.53923
  28.00000  309.90000  142.80000  111.20000  167.80000   22.10000  913.90000  651.20000   38.21559
   3.00000  288.00000  192.00000    0.00000  192.00000    0.00000  932.00000  717.80000   16.10961
  28.00000  331.00000  170.00000    0.00000  195.00000    8.00000  811.00000  802.00000   56.61287
