   2.60400    3.21900    0.81100    1.12700    0.00000    0.00000    4.25700
   0.13300    2.02400    0.40500    1.60500    0.00000    1.00000    1.30700
   2.95600    2.03100    0.89100    0.82200    0.00000    0.00000    4.42000
   1.00200    3.24000    0.69300    1.48700    1.00000    0.00000    3.59800
  -0.54400    2.08500    0.56000    2.45100    0.00000    0.00000    1.18000
  -1.18600    2.53400    0.87200    1.61900    0.00000    0.00000    2.73200
   2.93800    1.88600    1.15300    0.52300    0.00000    0.00000    4.73700
   1.68000    2.59400    0.25100    0.86100    0.00000    0.00000    3.11200
   3.66100    3.86000    0.22300    1.55000    0.00000    1.00000    4.51000
   3.61700    1.96200    1.34500    0.78300    0.00000    0.00000    5.35200
   4.87800    3.81900    0.61500    0.86400    0.00000    0.00000    3.71500
  -0.45000    3.81500    1.82500    1.35100    0.00000    0.00000    4.69100
   2.34500    3.40200    0.49600    1.45000    1.00000    0.00000    4.55700
   1.79500    3.13400    0.22300    1.31900    0.00000    0.00000    4.80400
   2.12700    2.08600    0.64000    0.83800    0.00000    0.00000    3.99500
   1.24600    2.88800    0.25100    0.94400    0.00000    0.00000    1.93500
   2.19300    3.01200    0.22300    1.02300    0.00000    0.00000    3.85700
   1.82100    2.47000    1.43700    1.34600    2.00000    2.00000    6.35100
   0.20200    0.66700    0.58200    1.36100    0.00000    0.00000    4.74800
   2.81300    3.46100    0.22300    1.12000    0.00000    0.00000    4.47000
   2.50200    3.73400    0.22300    1.28200    0.00000    0.00000    3.38700
   0.80000    2.74800    0.22300    1.70500    0.00000    0.00000    1.58900
   2.45900    3.61300    1.33600    0.83900    0.00000    0.00000    4.88600
   1.32100    3.19600    1.38000    1.23400    0.00000    0.00000    6.01800
   0.75700    3.52600    0.71100    1.59600    0.00000    3.00000    3.42300
   2.27400    3.74000    0.13400    1.58100    0.00000    0.00000    4.39600
   0.15800    1.83100    1.18200    1.90100    0.00000    2.00000    1.23400
  -0.52100    3.28600    0.35700    2.10400    0.00000    0.00000    1.77100
   1.60200    2.64700    1.28600    1.27800    0.00000    0.00000    4.50800
   2.62100    2.34800    0.76200    0.85000    0.00000    0.00000    3.76900
   1.09100    2.30900    0.76200    0.84500    1.00000    0.00000    3.60100
   1.76900    2.21700    0.87200    0.87500    0.00000    0.00000    4.18200
  -0.53400    2.66500    0.25100    1.76200    0.00000    0.00000    1.81700
   3.55800    2.46500    1.58600    1.00000    0.00000    4.00000    7.59100
   0.09400    1.59400    0.22300    1.33300    2.00000    0.00000    6.29700
   3.38600    3.86700    0.13400    1.17400    0.00000    0.00000    4.06400
   1.69700    2.64100    0.49600    1.07700    0.00000    1.00000    3.53700
   0.20200    2.02600    0.22300    1.66700    1.00000    0.00000    2.65000
  -1.05300    2.33300    0.25100    1.94600    0.00000    0.00000    2.57600
   0.89300    2.35900    0.40500    0.81400    0.00000    0.00000    6.40000
   2.35900    2.45400    1.07500    0.95100    0.00000    0.00000    4.96000
   4.63400    2.12600    1.27800    0.89600    0.00000    0.00000    5.81500
   1.11900    1.81400    1.31600    1.07400    0.00000    1.00000    3.35000
   2.23900    2.37700    0.82700    0.93800    0.00000    0.00000    5.08300
   2.37000    2.23300    0.64000    0.92000    1.00000    0.00000    4.80500
   0.91500    3.26100    0.33100    2.04700    0.00000    1.00000    4.18200
   1.74200    3.63400    0.69300    1.74700    0.00000    2.00000    4.05100
   0.45400    2.59400    0.25100    1.28700    0.00000    0.00000    1.74900
   1.61000    2.11000    0.58000    0.80500    0.00000    0.00000    3.39100
   0.99600    2.75500    0.40500    1.55900    0.00000    1.00000    3.12300
   4.83300    4.14100    0.13400    1.22000    0.00000    0.00000    6.23300
   2.52600    2.71000    0.93000    0.72400    0.00000    0.00000    4.83800
   3.01800    2.74400    0.49600    0.75300    0.00000    0.00000    4.28400
   1.85900    2.83400    0.13400    0.95000    0.00000    0.00000    3.47000
  -0.53400    2.37700    0.33100    1.73400    0.00000    0.00000    1.47400
   1.70100    2.50800    0.58000    0.94100    0.00000    0.00000    3.79900
   1.94000    2.42300    0.94900    1.15000    0.00000    0.00000    2.44000
   1.19900    2.83400    0.13400    1.32200    0.00000    0.00000    2.41300
   1.65400    3.37800    1.38000    1.25000    0.00000    0.00000    4.85400
   1.54800    3.13400    0.22300    1.19300    0.00000    0.00000    2.69200
   2.79100    3.40100    0.73200    1.18500    0.00000    1.00000    3.52900
   1.45300    3.26000    0.82900    1.67600    0.00000    1.00000    3.77000
   0.24200    2.56500    0.45200    1.52900    0.00000    0.00000    2.11500
   3.11800    5.15800    0.13400    1.79100    0.00000    0.00000    6.04000
   3.61800    4.05000    0.69300    1.38100    0.00000    2.00000    5.66700
   2.50200    3.86000    0.22300    1.42900    0.00000    0.00000    3.91900
   2.24200    3.33200    0.13400    1.29400    0.00000    0.00000    3.37400
  -0.06300    2.98000    0.25100    2.26100    0.00000    0.00000    1.63900
   2.65000    3.90500    0.56000    1.39900    1.00000    0.00000    4.94700
   3.98300    3.65200    0.87200    0.86700    2.00000    3.00000    4.04000
   2.57700    3.47700    0.69300    1.34400    0.00000    2.00000    4.11600
   3.26700    3.73900    0.00000    1.25000    1.00000    2.00000    2.14900
   1.64300    2.49500    0.56000    0.83500    0.00000    1.00000    1.96900
   1.61000    2.25100    0.63800    0.87100    1.00000    0.00000    4.41600
   1.54800    2.92600    0.58200    1.93900    0.00000    0.00000    3.04600
   3.02600    3.87100    0.82900    1.55800    0.00000    1.00000    4.53900
   0.58600    2.67700    0.33100    1.58200    0.00000    1.00000    2.89500
   3.04600    2.30900    0.90700    0.87100    0.00000    0.00000    3.77500
   3.31500    3.51400    0.13400    1.07000    1.00000    0.00000    7.80900
   0.34700    1.51200    0.64000    1.84400    0.00000    0.00000    3.20300
   2.50200    3.73400    0.22300    1.42600    0.00000    0.00000    3.18000
   2.95700    1.70100    1.44300    1.90500    0.00000    0.00000    4.44000
   2.04200    3.11100    0.33100    1.01100    0.00000    1.00000    3.25000
   0.87400    2.59100    0.33100    1.62900    0.00000    0.00000    2.39500
   4.09800    4.16600    0.13400    1.55600    0.00000    0.00000    5.91200
   4.06300    2.08500    1.07900    0.89500    0.00000    0.00000    4.74000
   1.58700    1.85500    1.06700    1.24400    0.00000    0.00000    3.48700
  -0.27300    2.03400    0.33100    2.67200    1.00000    0.00000    0.84100
   4.19000    1.92500    1.36400    0.42100    0.00000    0.00000    5.59100
   0.20200    2.03100    0.87200    1.47500    0.00000    1.00000    6.42400
   3.16700    3.67500    1.71800    1.24800    0.00000    0.00000    4.13600
   2.68800    2.46900    0.58200    0.91300    0.00000    0.00000    4.00200
   3.50800    2.92800    1.13100    0.90800    0.00000    2.00000    5.86000
   0.05200    2.52300    0.56000    1.60200    1.00000    1.00000    4.38400
   2.35700    3.46100    0.22300    1.11100    0.00000    1.00000    3.39300
   3.14800    3.47500    0.40500    0.87500    1.00000    2.00000    4.80300
   2.99100    2.44200    0.93400    0.98400    0.00000    1.00000    4.20800
   4.06300    2.08500    1.07900    0.89500    0.00000    0.00000    4.89000
   2.24200    3.33200    0.13400    1.06800    0.00000    0.00000    3.80600
   5.08900    4.21600    0.22300    1.24800    0.00000    0.00000    5.89600
   2.19300    3.10300    0.13400    1.52100    0.00000    0.00000    3.26700
   0.37000    4.08600    0.45200    1.84300    0.00000    0.00000    3.46300
   1.43300    2.77700    0.56000    1.12700    1.00000    0.00000    4.76700
   2.46100    2.56800    0.58200    0.93100    0.00000    0.00000    3.59400
   3.12700    3.31500    0.22300    0.79900    0.00000    0.00000    4.44000
   2.37000    1.97700    1.11200    0.88100    0.00000    0.00000    4.79800
   4.03800    3.11300    1.59300    1.31900    1.00000    1.00000    6.14300
   4.65100    4.39500    0.13400    1.54600    0.00000    0.00000    6.48400
   1.80700    3.02700    0.33100    1.47200    1.00000    0.00000    3.51000
   4.05300    2.80300    1.50100    1.12400    0.00000    0.00000    5.38500
  -1.16900    2.70700    0.97200    1.88900    0.00000    3.00000    2.97600
   3.56300    3.99300    0.22300    1.21400    1.00000    0.00000    4.61100
   4.43600    3.39000    0.93400    0.88900    0.00000    0.00000    5.26400
   2.71500    2.91400    0.79800    0.97500    0.00000    1.00000    4.10900
   2.04800    3.31400    0.33100    1.39700    3.00000    0.00000    4.47300
   4.41200    3.26000    0.81100    0.70200    0.00000    0.00000    6.29800
   0.78700    3.07300    0.69300    1.43800    0.00000    2.00000    1.05500
   3.61800    4.05000    0.69300    1.38100    0.00000    2.00000    5.49000
   1.61900    3.08000    0.40500    1.60900    0.00000    2.00000    3.52800
   2.23900    2.37700    0.82700    0.93800    0.00000    0.00000    5.00500
   1.94000    2.16000    1.16000    1.60700    0.00000    0.00000    3.13000
   1.73700    3.19100    0.22300    1.15400    0.00000    0.00000    2.68600
   4.37900    4.23700    0.22300    1.56500    0.00000    0.00000    5.26800
  -1.96000    2.24200    1.09600    1.90700    0.00000    1.00000    3.39600
  -0.31700    1.12600    0.13400    1.43100    0.00000    0.00000    1.39900
   2.42000    3.17100    0.13400    1.18900    1.00000    0.00000    3.56900
  -0.91700    2.67000    0.49600    2.04700    0.00000    0.00000    1.84200
   2.50900    1.82200    0.82900    0.83400    0.00000    0.00000    3.73100
   1.14500    3.93700    0.76200    1.70800    0.00000    0.00000    3.29700
   2.72900    2.08000    0.89100    0.81600    0.00000    0.00000    4.62000
   1.49000    2.76500    0.33100    0.95100    0.00000    1.00000    2.55000
   2.59200    3.32300    0.40500    1.17000    0.00000    2.00000    4.57700
   2.85100    3.00000    0.00000    0.93800    1.00000    0.00000    3.51300
   0.20400    2.53600    0.49600    1.48200    0.00000    1.00000    3.03000
   4.05400    3.79300    0.13400    0.93000    0.00000    0.00000    6.03800
   2.12900    3.52000    0.22300    1.56200    0.00000    1.00000    3.44600
   3.31400    1.92500    1.16000    0.80100    0.00000    0.00000    5.19200
   1.51400    2.08000    0.76400    0.78800    0.00000    0.00000    4.96100
   1.05000    2.86600    0.22300    1.33300    0.00000    1.00000    2.27000
   2.51000    3.25200    0.22300    1.07700    0.00000    0.00000    4.09300
   4.03800    4.02900    0.96500    1.72900    0.00000    0.00000    4.45100
   1.75000    3.02300    0.56000    1.16800    0.00000    1.00000    3.37900
   2.20900    3.55700    0.33100    1.30100    2.00000    1.00000    4.71100
   1.29400    3.42600    0.69300    1.48800    0.00000    1.00000    3.02500
   2.10200    2.82400    0.22300    1.00000    1.00000    0.00000    3.56000
   2.43300    3.55000    1.18200    1.62400    0.00000    0.00000    4.81100
   2.60400    1.50000    1.27800    1.86800    0.00000    0.00000    3.91600
  -0.29400    4.06100    0.13400    1.65800    0.00000    0.00000    3.15100
   2.81300    3.46100    0.22300    1.12000    0.00000    0.00000    4.67200
   3.94500    2.93700    0.49900    0.80000    0.00000    0.00000    4.84900
   1.85900    2.72800    0.22300    0.95300    0.00000    0.00000    3.75500
   3.21000    2.62000    0.49900    0.99000    0.00000    0.00000    4.33000
   4.78900    3.72800    0.95600    1.17000    0.00000    0.00000    5.57400
   1.09900    2.49500    0.56000    0.83500    1.00000    0.00000    4.02300
   1.56500    3.64100    0.33100    1.93300    0.00000    1.00000    2.67000
   2.70200    3.09800    0.93000    1.07500    0.00000    0.00000    5.65000
   4.27900    3.82800    1.25900    0.96600    1.00000    2.00000    8.60400
   1.74800    2.47900    0.88700    0.95400    0.00000    0.00000    4.11900
   1.44200    3.08000    0.22300    1.46200    1.00000    0.00000    3.51800
   3.34500    3.81400    0.33100    1.22500    0.00000    1.00000    3.69800
   2.21400    3.24000    0.56000    0.88900    0.00000    0.00000    4.54400
   3.58600    3.08600    0.94800    0.75100    0.00000    0.00000    5.10700
   1.75800    2.21700    0.65900    0.78800    0.00000    0.00000    3.72700
   1.74800    2.47900    0.88700    0.95400    0.00000    0.00000    4.45800
   1.57000    3.42100    0.58000    1.70000    0.00000    1.00000    5.02900
   3.30500    3.38000    1.74900    1.13500    0.00000    1.00000    4.95100
   3.04600    2.30900    0.90700    0.87100    0.00000    0.00000    3.78200
   3.66100    3.73400    0.22300    1.37400    0.00000    0.00000    5.15900
   2.35400    2.43500    1.11300    1.10900    0.00000    1.00000    2.83900
   1.75600    3.11100    0.40500    1.05000    0.00000    2.00000    5.16900
   3.61700    1.96200    1.34500    0.78300    0.00000    0.00000    5.34800
   3.31500    3.17700    0.62900    0.87100    0.00000    0.00000    3.36500
   1.44200    3.08000    0.22300    1.58300    0.00000    1.00000    2.36900
   3.55700    4.22300    0.63800    1.11700    0.00000    1.00000    8.16900
   4.06800    3.11100    0.73200    0.92300    0.00000    0.00000    5.64300
   2.85900    3.25200    0.13400    0.87500    0.00000    0.00000    5.29200
   2.57300    2.63600    0.82700    0.99900    0.00000    0.00000    4.39300
   0.58600    2.43500    0.33100    1.53200    0.00000    1.00000    2.01400
   2.23300    3.05000    0.40500    0.86800    1.00000    3.00000    6.19500
   1.67200    1.00000    0.83000    1.43200    0.00000    1.00000    2.85600
   0.11300    2.42800    0.95600    2.60900    0.00000    0.00000    1.30100
   0.31400    3.02600    0.25100    2.16400    0.00000    0.00000    1.81200
   0.46800    2.11100    0.13400    1.25300    0.00000    0.00000    2.91400
   1.70100    2.44800    0.63800    1.12100    0.00000    0.00000    2.90400
   1.85100    3.59100    0.58000    1.68500    0.00000    1.00000    4.11700
   5.74100    4.35600    1.02800    1.22400    0.00000    1.00000    5.75800
   1.49200    1.94000    0.74900    1.06600    0.00000    0.00000    2.99000
  -0.05900    2.99300    0.81100    1.23200    0.00000    2.00000    5.39500
   2.65900    3.24700    0.87400    1.22100    0.00000    1.00000    4.26200
   1.97400    2.73900    0.00000    1.30000    1.00000    1.00000    2.95300
   0.65500    2.13700    0.22300    1.17900    0.00000    0.00000    3.77900
   3.29100    3.66900    0.48600    1.37400    0.00000    0.00000    3.70100
  -0.02200    3.98000    0.45200    2.01300    0.00000    0.00000    1.81000
   1.06400    2.54400    0.22300    1.24500    0.00000    0.00000    1.40800
   5.12400    2.93100    1.71000    0.93500    2.00000    2.00000    7.01700
   1.96900    1.94500    0.88900    0.83500    0.00000    0.00000    3.92700
   1.43700    2.80000    0.69300    1.09100    0.00000    1.00000    3.60300
  -0.38600    1.50000    0.40500    1.66900    0.00000    1.00000    2.66100
   1.74800    2.47900    0.88700    0.95400    0.00000    0.00000    4.18100
   3.39900    4.32700    0.56000    1.25400    2.00000    5.00000    6.68300
   2.46100    2.45600    0.64000    0.93700    0.00000    0.00000    4.28600
   1.74800    2.43900    0.93000    0.92400    0.00000    0.00000    5.00700
   2.54000    3.45200    0.33100    1.09800    0.00000    1.00000    3.74200
  -1.16900    2.81700    1.01200    1.52100    0.00000    3.00000    2.06900
   3.80600    4.03700    0.13400    1.56300    0.00000    0.00000    5.18000
   3.49200    3.83300    0.40500    1.52200    0.00000    1.00000    2.09200
   2.52700    3.58700    0.67500    2.10800    0.00000    0.00000    3.65600
   2.42900    2.21700    0.84500    0.79300    1.00000    0.00000    5.18900
   4.80400    3.38300    1.40800    0.89200    0.00000    0.00000    5.44000
   4.45300    4.44300    0.25100    1.28700    4.00000    3.00000    6.48300
   1.31300    1.63400    0.71300    1.19000    0.00000    0.00000    2.05600
   2.06600    2.91800    0.22300    0.94400    3.00000    0.00000    4.59000
   1.67200    1.81800    0.49900    1.46800    1.00000    0.00000    3.54600
   2.78600    3.43600    0.33100    0.95100    0.00000    0.00000    4.33800
   2.29400    4.25500    1.69500    1.08700    0.00000    0.00000    4.47500
   2.06600    2.83400    0.13400    1.00900    0.00000    0.00000    3.44800
   1.96800    2.58300    0.76200    1.10400    0.00000    1.00000    3.88200
   2.63700    3.01200    0.22300    0.76000    0.00000    0.00000    4.62000
   2.35800    1.98300    1.71400    2.10500    0.00000    0.00000    5.06200
   1.18800    1.88300    0.91600    1.20700    0.00000    1.00000    1.15300
   3.88700    3.69000    0.22300    0.88300    0.00000    0.00000    6.64400
   2.50900    1.82200    0.82900    0.83400    0.00000    0.00000    3.93300
   2.10200    2.82400    0.22300    1.00000    0.00000    1.00000    2.87000
   0.20200    2.02600    0.22300    1.42900    1.00000    0.00000    5.25900
   3.67700    3.39400    0.00000    0.86800    0.00000    0.00000    4.19900
   1.88600    2.09400    0.82700    0.86000    0.00000    0.00000    5.44900
   2.84100    2.29700    0.76200    0.79800    0.00000    0.00000    3.55500
   2.35700    3.60100    0.22300    1.25400    0.00000    1.00000    3.14100
   3.11500    2.57200    1.83400    1.35000    0.00000    2.00000    8.47100
   1.44200    3.08000    0.22300    1.58300    0.00000    1.00000    2.27100
   0.65500    2.13700    0.22300    1.17900    0.00000    0.00000    3.28800
   0.05700    2.56500    0.69300    1.98700    0.00000    2.00000    4.03100
   2.72900    2.08000    0.89100    0.81600    0.00000    0.00000    4.33200
   2.08100    1.63900    0.83000    1.44500    2.00000    0.00000    5.05000
   1.56900    3.52600    0.71100    1.58600    0.00000    3.00000    3.66000
   1.06400    2.80200    0.22300    1.60000    1.00000    0.00000    4.42300
   2.22600    1.43900    1.07900    1.86700    0.00000    0.00000    3.40200
   2.43700    4.62800    1.20900    1.96800    0.00000    0.00000    4.55100
   2.60400    3.21900    0.81100    1.15100    0.00000    0.00000    3.39700
   1.06000    2.72600    0.49600    1.17900    0.00000    1.00000    2.26900
   3.03800    3.51400    0.00000    1.37500    2.00000    2.00000    4.46500
   1.39500    2.21500    0.88700    0.88800    0.00000    0.00000    4.33000
   1.79500    3.31600    0.22300    1.57100    0.00000    1.00000    2.94000
   1.97100    3.64100    0.33100    1.93300    1.00000    0.00000    3.24600
   1.06400    2.80200    0.22300    1.60000    1.00000    0.00000    3.82500
   2.48100    2.07900    0.98800    0.83600    0.00000    1.00000    2.60800
   0.58000    1.27900    0.81100    1.31300    0.00000    0.00000    2.92500
   4.80400    3.00500    1.68300    0.77400    0.00000    0.00000    7.28700
   2.24100    2.43000    0.49600    0.94600    0.00000    0.00000    3.56800
   2.64200    3.73400    0.22300    1.37400    2.00000    2.00000    4.58600
   1.57000    3.38000    0.63800    1.50600    0.00000    1.00000    4.38000
   0.49600    2.45600    0.33100    1.25900    0.00000    1.00000    2.85800
   2.35100    3.03600    0.40500    1.20500    0.00000    1.00000    4.24700
   2.19300    3.01200    0.22300    1.02300    0.00000    0.00000    4.07000
   1.46700    2.34400    0.58200    1.59000    0.00000    0.00000    3.10900
   2.55300    2.37500    1.02600    1.09000    0.00000    1.00000    3.89500
   0.48900    2.23800    1.51300    2.07800    0.00000    0.00000    4.51300
   3.90900    2.08600    1.50100    0.76600    0.00000    0.00000    6.09300
  -0.93700    3.20100    0.69300    2.00400    0.00000    0.00000    0.33000
   0.80000    2.87800    0.13400    1.68400    0.00000    0.00000    2.42500
   1.06000    2.72600    0.49600    1.17900    0.00000    1.00000    2.12600
  -0.47300    2.42900    0.40500    1.95400    0.00000    0.00000    0.93100
   2.19300    3.10300    0.13400    1.01600    0.00000    0.00000    3.22000
  -0.16500    3.31100    0.97200    2.20800    0.00000    3.00000    4.24400
   2.46300    2.06500    1.06200    0.85200    0.00000    0.00000    4.39900
  -0.40600    2.11800    0.95600    2.53900    0.00000    0.00000    3.84500
   3.18200    3.73000    0.82900    1.56200    0.00000    1.00000    4.73200
   0.29100    2.21800    0.92300    1.07400    0.00000    0.00000    3.23700
   3.35800    3.63000    0.13400    1.47600    0.00000    0.00000    4.30500
   0.22600    2.84100    0.88000    1.70500    0.00000    3.00000    1.64700
   2.19300    3.01200    0.22300    1.02300    0.00000    0.00000    3.75100
   3.04500    2.26000    0.60400    0.83600    0.00000    0.00000    4.19400
   4.80400    4.71700    0.22300    1.28800    1.00000    1.00000    6.38400
   1.99600    3.04900    0.76200    1.25800    0.00000    2.00000    4.36900
   1.85900    2.83400    0.13400    0.95000    0.00000    0.00000    3.12000
   4.73800    4.32400    0.00000    1.20500    0.00000    1.00000    4.30200
  -0.12900    2.30900    0.76200    1.11800    0.00000    2.00000    2.71500
   0.88300    2.12500    0.73000    1.53700    0.00000    0.00000    3.00700
   0.50100    1.63400    0.71300    1.19000    0.00000    0.00000    2.31900
   6.51500    3.46500    2.17100    0.88800    0.00000    0.00000    3.62300
   1.07400    2.63200    0.42900    1.17600    0.00000    0.00000    2.97500
   1.44200    3.08000    0.22300    1.46200    2.00000    0.00000    2.49400
   0.82800    2.22200    0.71100    0.84900    0.00000    0.00000    3.64100
   3.31500    3.55400    0.62900    0.94500    0.00000    0.00000    3.45900
   1.85900    2.83400    0.13400    0.95000    0.00000    0.00000    2.82700
   2.24200    3.33200    0.13400    1.51900    0.00000    0.00000    3.55400
   5.20700    2.58500    1.58600    0.91700    0.00000    0.00000    6.37900
   1.70100    2.50800    0.58000    0.94100    0.00000    0.00000    3.79900
   3.73700    3.07300    1.49300    1.27900    0.00000    0.00000    6.64500
   2.22600    1.43900    1.07900    1.86700    0.00000    0.00000    3.21300
   1.74600    3.69100    0.71100    1.07300    0.00000    2.00000    5.47200
   0.43000    2.81500    0.56000    1.58500    1.00000    1.00000    4.59000
   1.79800    2.98600    0.96100    1.66900    0.00000    4.00000    3.15200
   1.18200    2.81800    0.88000    1.48800    0.00000    0.00000    3.72600
  -0.29700    1.71300    1.09800    1.75200    0.00000    0.00000    3.04600
   1.91900    2.86800    1.28600    1.29400    0.00000    0.00000    4.80900
   4.63300    3.88800    0.69300    0.97800    0.00000    2.00000    6.60000
   1.70100    2.50800    0.58000    0.94100    0.00000    0.00000    3.34500
   2.05000    3.57000    1.37400    2.25900    0.00000    0.00000    6.08300
   0.65500    2.46200    0.22300    1.62500    1.00000    0.00000    3.65400
   4.44900    3.69000    1.15900    1.29500    0.00000    2.00000    5.74900
   3.98800    2.97800    1.24600    1.10300    0.00000    1.00000    6.53500
   1.44200    3.08000    0.22300    1.58300    1.00000    0.00000    3.72700
   3.25900    3.25000    0.00000    0.95000    0.00000    0.00000    3.92600
   2.72900    2.08000    0.89100    0.81600    0.00000    0.00000    4.41000
   1.89000    3.35800    1.34800    1.32800    0.00000    0.00000    3.85200
  -0.53400    2.66500    0.25100    1.76200    0.00000    0.00000    1.79500
  -0.31700    1.75100    0.62900    1.48300    0.00000    0.00000    0.36100
   0.20200    1.59400    0.22300    1.06800    0.00000    0.00000    4.56400
   1.24600    2.68500    0.40500    1.14500    0.00000    0.00000    3.21900
   1.58700    3.36900    0.13400    1.61400    0.00000    0.00000    2.22600
  -0.38600    1.51200    0.33100    1.62700    1.00000    0.00000    2.89100
   1.66100    3.61800    0.84200    1.68600    0.00000    2.00000    5.18400
   3.98700    3.96100    0.40500    1.08300    1.00000    0.00000    5.84200
   2.28900    3.67600    0.40500    1.52400    0.00000    1.00000    3.97600
   3.29100    3.60900    0.81100    1.20800    0.00000    0.00000    4.46900
   4.37900    4.28500    0.13400    1.55100    0.00000    0.00000    6.25500
   2.22600    2.02400    0.83000    1.76100    0.00000    0.00000    2.92800
   1.74800    2.47900    0.88700    0.95400    0.00000    0.00000    4.91200
   1.58700    3.27700    0.22300    1.86900    0.00000    0.00000    2.08500
   3.32000    2.39600    1.59300    1.35100    0.00000    0.00000    6.02300
   0.20200    0.96500    0.64000    1.69500    0.00000    1.00000    3.27200
  -0.74100    2.33000    0.58000    1.77600    0.00000    2.00000    0.89000
   2.89400    3.98000    0.22300    1.72300    0.00000    0.00000    4.70300
   3.90300    4.56600    0.35700    1.39400    4.00000    1.00000    6.92300
  -0.79200    1.83200    1.20900    1.36400    0.00000    0.00000    3.82800
   2.02100    3.36100    0.22300    1.43700    1.00000    2.00000    3.16800
   3.84200    2.89300    1.23600    0.90700    0.00000    0.00000    6.04700
   2.72600    3.69000    0.22300    1.06200    0.00000    0.00000    3.59900
   1.75900    3.56700    0.71100    1.50100    1.00000    3.00000    4.04300
   0.13300    2.03400    0.33100    1.56000    0.00000    1.00000    2.11700
   4.20600    4.13900    0.49600    1.43000    0.00000    1.00000    5.76700
  -0.56400    1.42900    0.22300    1.80400    0.00000    0.00000    2.72000
   2.29400    3.02300    0.56000    1.16800    0.00000    1.00000    3.92400
   1.06400    2.54400    0.22300    1.24500    0.00000    0.00000    3.38000
   1.58700    3.27700    0.22300    1.63300    0.00000    0.00000    2.98000
   0.89300    2.35900    0.40500    0.81400    0.00000    0.00000    4.28700
   2.60400    3.21900    0.81100    1.12700    0.00000    0.00000    4.75900
   1.06000    2.72600    0.49600    1.17900    0.00000    1.00000    3.66100
   3.11200    3.31400    0.33100    1.17300    1.00000    0.00000    3.81200
   1.80100    2.82400    0.22300    1.05100    0.00000    0.00000    3.16800
   1.74800    2.47900    0.88700    0.95400    0.00000    0.00000    4.20800
   0.47900    2.12600    0.40500    1.69000    1.00000    1.00000    3.57300
   1.23900    3.02300    0.56000    1.16800    1.00000    0.00000    3.27800
   2.18600    3.17100    0.13400    1.01100    0.00000    0.00000    3.98400
   2.64000    2.12200    1.62100    1.51100    0.00000    0.00000    5.67700
   2.12700    2.21600    0.58200    0.83900    0.00000    0.00000    4.35300
   2.59000    3.17500    0.85900    2.09500    0.00000    0.00000    4.09500
   2.60400    1.92000    1.07900    1.73800    0.00000    0.00000    3.40800
   2.08100    1.12600    1.07900    1.44000    1.00000    1.00000    3.47000
   3.04800    3.91400    0.56000    1.63700    0.00000    1.00000    3.92600
   1.58700    1.85500    1.17900    1.44000    0.00000    0.00000    2.83800
   1.24600    2.68500    0.40500    1.14500    0.00000    0.00000    3.11000
   3.21300    2.62400    1.62100    1.50200    0.00000    0.00000    6.31400
   1.61000    2.25100    0.63800    0.87100    1.00000    0.00000    4.17500
   4.63900    4.53200    0.40500    1.18900    2.00000    2.00000    5.54100
   0.56200    2.54200    0.42900    1.89100    0.00000    0.00000    2.12000
   1.71700    2.81900    0.73200    1.48300    0.00000    0.00000    2.94100
  -0.52100    2.98300    0.49600    2.10600    0.00000    0.00000    1.68000
   0.80000    2.87800    0.13400    1.68400    0.00000    0.00000    2.43600
   3.94800    3.24900    2.07100    1.32700    0.00000    0.00000    6.44600
   1.50600    2.38600    0.22300    0.85700    0.00000    0.00000    3.51300
   4.20700    3.32300    1.23200    1.13400    0.00000    0.00000    6.50000
   2.81300    3.46100    0.22300    1.12000    0.00000    0.00000    4.46300
   1.02000    2.93800    1.38500    1.22500    0.00000    2.00000    4.59300
   1.09700    3.35100    0.49600    1.46600    0.00000    0.00000    2.39200
   3.56200    2.77800    0.83000    1.04600    0.00000    0.00000    6.65200
   4.76400    3.68400    1.27500    1.07200    0.00000    1.00000    7.69100
   0.88800    2.50700    0.40500    1.65200    0.00000    2.00000    2.49500
   0.89300    2.35900    0.40500    0.81400    0.00000    0.00000    3.31400
   2.72900    2.08000    0.89100    0.81600    0.00000    0.00000    4.98900
   4.45200    3.05700    1.63600    0.99500    0.00000    2.00000    8.43300
   1.37300    3.02600    0.40500    1.54800    0.00000    1.00000    2.84000
   2.60400    2.02400    0.97700    1.32800    0.00000    0.00000    5.05200
   1.70100    2.50800    0.58000    0.94100    0.00000    0.00000    3.76600
   2.34300    1.88600    0.98800    0.76400    0.00000    0.00000    3.88900
   1.53300    3.10300    0.13400    1.34400    0.00000    0.00000    3.17400
  -0.08100    2.70900    0.33100    2.07200    0.00000    0.00000    1.78000
   0.14300    2.12600    0.25100    1.11400    0.00000    0.00000    2.15700
   4.09100    4.07300    0.69300    1.17100    0.00000    2.00000    5.22400
   0.84600    2.51200    0.13400    1.29300    0.00000    0.00000    2.36400
   4.91200    3.16400    2.04400    0.83000    0.00000    1.00000    6.11300
   4.09200    2.58500    1.58600    1.35200    0.00000    0.00000    6.55100
   1.61000    2.11000    0.58000    0.80500    0.00000    0.00000    3.78700
   1.23700    2.43000    0.49600    0.84900    0.00000    1.00000    3.13300
   3.58700    3.38900    0.22300    0.84900    0.00000    1.00000    4.10800
   3.50300    3.89600    0.13400    1.57100    0.00000    0.00000    4.82200
   3.28900    3.64100    0.40500    1.53100    0.00000    1.00000    3.18200
   2.77300    3.74900    0.33100    1.27800    0.00000    0.00000    4.77700
   0.92200    2.77700    0.56000    1.12700    1.00000    0.00000    3.11800
   2.64600    1.88600    1.11500    0.65300    0.00000    0.00000    4.34200
   1.39500    2.18300    0.93000    0.84600    0.00000    0.00000    3.66600
   3.84200    3.16000    1.02800    0.80900    0.00000    0.00000    5.93900
   1.83400    2.63400    0.22300    0.93900    0.00000    0.00000    3.92600
   1.31700    2.80400    1.11000    0.61800    0.00000    6.00000    6.25400
   2.82100    3.62900    0.33100    1.47800    0.00000    1.00000    3.24000
   3.10500    3.64500    0.22300    1.15500    0.00000    0.00000    5.17800
   3.47800    2.12600    0.83000    0.89900    0.00000    0.00000    4.26300
   1.50600    2.51200    0.13400    0.86200    0.00000    0.00000    3.07800
   0.20200    0.96500    0.64000    1.69500    1.00000    0.00000    4.37000
   1.34800    2.18900    0.58000    0.86300    0.00000    0.00000    3.11500
   1.29700    3.35300    0.85400    1.94400    0.00000    0.00000    2.45100
   0.80000    2.74800    0.22300    1.70500    0.00000    0.00000    1.30500
   2.42000    3.11000    0.00000    1.07900    2.00000    0.00000    3.97400
   4.37900    4.18100    0.57000    1.38300    0.00000    0.00000    6.21300
   3.29100    3.60900    0.81100    1.18900    0.00000    0.00000    5.11500
   3.12700    3.31500    0.22300    0.79900    0.00000    0.00000    4.50700
   1.59100    2.83400    0.13400    0.95000    0.00000    0.00000    3.02100
   2.06000    3.46200    0.40500    1.71700    0.00000    1.00000    4.09700
   1.74800    2.43900    0.93000    0.92400    0.00000    0.00000    4.85600
   2.94200    3.17900    0.00000    1.06300    0.00000    0.00000    4.09100
   0.62600    3.52800    1.74000    1.28800    0.00000    0.00000    5.46600
  -0.17200    2.16500    0.13400    1.91200    0.00000    0.00000    2.30000
   3.90900    3.70900    1.37100    1.47800    0.00000    1.00000    5.56800
  -1.05300    1.95100    0.40500    1.87800    0.00000    0.00000    0.05300
   1.53900    2.52800    0.58000    1.29700    0.00000    0.00000    3.02500
   0.14300    2.08600    0.33100    1.22100    1.00000    0.00000    3.81500
   2.11000    4.20500    1.51200    1.04600    0.00000    2.00000    5.00200
   2.37100    2.20600    1.30000    1.36000    0.00000    0.00000    4.73900
   3.08900    3.20000    1.53100    1.05900    0.00000    0.00000    6.16000
  -0.14500    1.96500    0.40500    1.16900    1.00000    0.00000    3.66000
   2.93100    3.05500    1.27300    1.13200    0.00000    0.00000    5.39300
   1.99400    3.26000    0.25100    1.28700    0.00000    1.00000    2.74500
   1.39500    2.18300    0.93000    0.84600    0.00000    0.00000    4.73900
   0.80000    2.03400    0.64000    1.72700    0.00000    0.00000    2.58600
   5.25800    4.43600    0.76400    1.22700    0.00000    1.00000    5.41200
   2.50200    3.92100    0.13400    1.78900    0.00000    0.00000    3.86100
   2.60400    2.42900    0.83000    1.69600    0.00000    0.00000    3.39100
   0.45400    2.85500    1.33100    1.32500    0.00000    2.00000    7.04500
   2.57300    2.16400    1.43700    1.22700    0.00000    2.00000    6.20700
   0.02400    1.07500    1.16100    0.86500    0.00000    1.00000    5.38600
   2.44600    3.55900    0.22300    1.36000    0.00000    0.00000    3.45800
   2.31400    3.92400    0.69300    1.70700    0.00000    2.00000    4.71300
   2.95700    2.75500    0.83000    1.65600    0.00000    0.00000    3.74600
   2.03300    1.78300    0.57000    1.18700    1.00000    0.00000    6.06400
   1.65400    3.37800    1.38000    1.25000    0.00000    0.00000    5.93300
  -0.12900    3.19900    0.56000    2.03300    0.00000    0.00000    1.02000
  -1.30600    1.00000    0.40500    1.50000    2.00000    0.00000    2.38100
   2.23900    2.37700    0.82700    0.93800    0.00000    0.00000    3.91000
   2.84100    2.37400    0.81100    0.81700    1.00000    0.00000    5.27700
   2.19300    3.10300    0.13400    1.01600    0.00000    0.00000    3.21000
   4.29500    4.28800    0.86500    1.32700    0.00000    0.00000    5.64200
   3.39500    3.31500    0.22300    0.96000    0.00000    0.00000    4.62900
   2.52900    2.33000    0.93200    0.93100    0.00000    1.00000    4.55900
