   2.51000    3.25200    0.22300    1.07700    0.00000    0.00000    4.22000
   4.06300    2.08500    1.07900    0.89500    0.00000    0.00000    4.89000
   1.61000    2.25100    0.63800    0.87100    1.00000    0.00000    4.17500
   2.40200    3.45200    0.33100    1.47600    1.00000    0.00000    3.87000
   1.10700    3.02400    0.45200    2.69800    0.00000    0.00000    0.45000
   2.24200    3.33200    0.13400    1.29400    0.00000    0.00000    3.37400
   0.99600    1.00000    1.15000    0.96800    0.00000    1.00000    3.49900
   2.22200    3.19500    0.49600    1.13300    0.00000    1.00000    4.44600
   0.65500    2.13700    0.22300    1.17900    0.00000    0.00000    3.28800
   0.78700    3.07300    0.69300    1.85100    0.00000    2.00000    4.01600
   2.85100    3.00000    0.00000    0.93800    1.00000    0.00000    3.51300
   3.06200    4.24700    0.58000    1.36000    2.00000    1.00000    5.06600
   3.12700    3.31500    0.22300    0.79900    0.00000    0.00000    4.44000
   2.12900    3.52000    0.22300    1.56200    1.00000    0.00000    3.62900
   1.95000    3.44400    0.88000    1.46600    0.00000    3.00000    4.00400
   0.40800    2.46200    0.22300    1.66900    0.00000    0.00000    1.52400
   1.34800    2.18900    0.58000    0.86300    0.00000    0.00000    3.11500
   2.12700    2.21600    0.58200    0.83900    0.00000    0.00000    3.62000
  -0.46300    2.86200    1.03100    1.82800    0.00000    3.00000    4.51200
   0.68000    1.63400    0.79800    1.09300    0.00000    0.00000    2.56900
   2.05000    3.57000    1.37400    2.25900    0.00000    0.00000    6.08300
   2.57700    3.47700    0.69300    1.34400    0.00000    2.00000    4.11600
   2.24100    2.43000    0.49600    0.94600    0.00000    0.00000    3.44100
   4.57000    4.82900    0.33100    1.52100    4.00000    4.00000    6.34700
   3.31400    2.01900    1.12600    0.79300    0.00000    0.00000    5.00100
   2.84100    2.37400    0.81100    0.81700    1.00000    0.00000    5.27700
   3.89600    2.86200    1.54000    1.22600    0.00000    0.00000    6.17100
   3.29100    3.66900    0.48600    1.37400    0.00000    0.00000    3.70100
   4.63900    4.53200    0.40500    1.18900    2.00000    2.00000    5.54100
  -0.08100    2.70900    0.33100    2.07200    0.00000    0.00000    1.78000
   0.54800    2.13700    0.22300    1.37500    3.00000    0.00000    4.86500
   2.12700    2.21600    0.58200    0.83900    0.00000    0.00000    3.97900
   0.07600    2.50700    0.40500    1.50000    2.00000    0.00000    3.93600
   2.70200    3.09800    0.93000    1.07500    0.00000    0.00000    5.65000
   2.51000    3.33200    0.13400    1.51900    0.00000    0.00000    3.41500
   2.51000    3.33200    0.13400    1.29400    0.00000    0.00000    3.43600
   1.88700    2.08000    0.49600    0.85800    0.00000    0.00000    3.02200
   2.12700    2.21600    0.58200    0.83900    0.00000    0.00000    4.35300
   3.56200    3.60500    0.00000    1.15000    0.00000    0.00000    4.51000
   2.45900    3.61300    1.33600    0.83900    0.00000    0.00000    4.88600
   4.44900    3.69000    1.15900    1.29500    0.00000    2.00000    5.74900
   3.80600    4.03700    0.13400    1.56300    0.00000    0.00000    5.18000
   5.17600    3.97900    1.30600    1.40400    0.00000    1.00000    4.23900
   1.20900    3.14300    0.13400    1.64100    0.00000    0.00000    2.48700
   1.49000    2.77800    0.40500    1.17000    1.00000    0.00000    2.93000
   2.90400    4.13500    0.58000    1.26300    1.00000    2.00000    5.53800
   1.79500    3.31600    0.22300    1.57100    1.00000    0.00000    3.97900
   3.76200    3.04400    1.02800    0.95900    1.00000    0.00000    5.95000
   4.06800    3.11100    0.73200    0.92300    0.00000    0.00000    5.64300
   1.51400    2.08000    0.76400    0.78800    0.00000    0.00000    4.96100
   2.92200    3.24700    0.63800    0.88900    0.00000    1.00000    4.68000
   5.46900    3.03000    1.82100    1.02700    0.00000    2.00000    6.89700
   3.10500    3.64500    0.22300    1.15500    0.00000    0.00000    5.17800
   4.63900    4.53200    0.40500    1.18900    2.00000    3.00000    5.10400
   2.81300    3.53200    0.13400    1.11000    0.00000    0.00000    4.16500
  -0.78600    1.25100    0.25100    1.12600    0.00000    0.00000    5.07200
  -1.16900    2.70700    0.97200    1.88900    0.00000    3.00000    2.97600
   2.10200    2.23300    0.64000    0.92000    0.00000    1.00000    3.61500
  -0.12800    2.36600    0.40500    2.60600    0.00000    0.00000    1.03700
   1.76900    2.51200    0.22300    0.92900    1.00000    0.00000    3.91900
   0.80000    2.87800    0.13400    2.10200    0.00000    0.00000    1.93200
   2.37000    2.23300    0.64000    0.92000    1.00000    0.00000    4.75000
   1.14500    3.93700    0.76200    1.70800    0.00000    0.00000    3.29700
   1.39100    2.43400    1.17000    0.99600    1.00000    0.00000    3.57500
   0.20200    1.81800    0.13400    1.44500    0.00000    0.00000    1.55900
   2.78200    3.26000    0.40500    0.92100    0.00000    0.00000    4.57800
   2.81300    3.46100    0.22300    1.28100    0.00000    0.00000    4.41600
   4.06600    3.89800    0.88700    1.45000    0.00000    0.00000    5.99900
   1.07400    2.63200    0.42900    1.17600    0.00000    0.00000    2.97500
   1.74800    2.47900    0.88700    0.95400    0.00000    0.00000    5.34100
   0.37000    4.08600    0.45200    1.84300    0.00000    0.00000    3.46300
   1.20900    3.14300    0.13400    1.64100    0.00000    0.00000    2.69200
   1.29400    3.42600    0.69300    1.48800    0.00000    1.00000    3.02500
   2.73600    1.96500    1.40800    0.70900    0.00000    0.00000    5.29000
   1.74800    2.43900    0.93000    0.92400    0.00000    0.00000    5.00700
   0.75700    3.52600    0.71100    1.59600    0.00000    3.00000    3.42300
   0.22600    2.84100    0.88000    1.70500    0.00000    3.00000    1.64700
   3.47800    2.12600    0.83000    0.89900    0.00000    0.00000    4.19400
  -0.08100    2.70100    0.40500    2.00300    0.00000    0.00000    0.53300
   2.53800    3.34300    1.06800    0.92300    0.00000    0.00000    3.32700
   3.79500    2.47700    0.83000    0.98300    0.00000    0.00000    4.54000
   1.53300    2.82400    0.22300    1.05100    0.00000    0.00000    4.05000
   3.31400    2.01900    1.12600    0.79300    0.00000    0.00000    4.73000
   2.39100    3.57800    0.49600    1.40600    0.00000    1.00000    4.32000
   3.11500    2.57200    1.83400    1.35000    0.00000    2.00000    8.47100
   4.73800    4.32400    0.00000    1.20500    0.00000    1.00000    4.30200
   0.07600    2.50700    0.40500    1.50000    0.00000    2.00000    2.85100
   0.91500    3.26100    0.33100    2.04700    0.00000    1.00000    4.18200
   2.84100    2.29700    0.76200    0.79800    0.00000    0.00000    3.60800
   0.15600    1.96100    0.13400    1.27000    0.00000    0.00000    2.50500
   0.99600    2.75500    0.40500    1.84400    0.00000    1.00000    3.23100
   1.44200    2.86600    0.22300    1.28800    0.00000    0.00000    1.90600
   1.31300    1.63400    0.71300    1.19000    0.00000    0.00000    2.78200
   1.65400    3.37800    1.38000    1.25000    0.00000    0.00000    5.93300
   3.80600    3.98000    0.22300    1.57800    0.00000    0.00000    4.81900
   2.50200    3.73400    0.22300    1.42600    0.00000    0.00000    3.18000
   1.46600    2.57000    1.02800    2.13700    0.00000    0.00000    2.97300
   2.48100    2.07900    0.98800    0.83600    0.00000    1.00000    2.60800
   1.18200    2.81800    0.88000    1.48800    0.00000    0.00000    3.72600
  -0.45000    2.00000    0.69300    1.12800    2.00000    2.00000    4.36600
   3.23700    3.05200    0.63800    0.90300    0.00000    0.00000    4.90600
   3.04600    2.30900    0.90700    0.87100    0.00000    0.00000    3.78200
   2.12900    3.52000    0.22300    1.56200    0.00000    1.00000    3.44600
   3.91300    4.12100    0.82900    1.55100    0.00000    1.00000    5.65300
   1.59100    2.83400    0.13400    0.95000    0.00000    0.00000    3.02100
   1.99400    3.26000    0.25100    1.28700    0.00000    1.00000    2.74500
   2.49200    3.18000    1.28100    1.24600    0.00000    0.00000    4.96300
   1.06000    2.72600    0.49600    1.17900    0.00000    1.00000    2.26900
  -1.30600    1.00000    0.40500    1.50000    2.00000    0.00000    2.38100
   3.61800    4.05000    0.69300    1.38100    0.00000    2.00000    5.66700
   2.02100    3.36100    0.22300    1.43700    1.00000    2.00000    3.16800
   0.09400    1.35900    0.13400    1.13000    1.00000    0.00000    3.47000
   4.76000    3.73900    0.00000    0.70000    0.00000    0.00000    7.34600
   1.20900    1.27900    1.16000    1.71400    0.00000    0.00000    2.93600
   4.33200    4.53500    0.56000    1.13700    1.00000    2.00000    8.57100
   3.28900    3.64100    0.40500    1.53100    0.00000    1.00000    3.18200
   2.21400    3.24000    0.56000    0.88900    0.00000    0.00000    4.54400
   3.21000    2.62000    0.49900    0.99000    0.00000    0.00000    4.33000
   2.19300    3.10300    0.13400    1.52100    0.00000    0.00000    3.26700
   0.05200    2.52300    0.56000    1.60200    1.00000    1.00000    4.38400
   3.04500    2.26000    0.60400    0.83600    0.00000    0.00000    4.19400
   2.23900    2.37700    0.82700    0.93800    0.00000    0.00000    3.91000
   3.94500    2.93700    0.49900    0.80000    0.00000    0.00000    4.84900
   4.92600    2.26000    1.44300    0.90200    0.00000    0.00000    6.00600
   2.83700    3.64500    0.22300    1.15500    0.00000    0.00000    3.39300
   1.58700    1.85500    1.06700    1.24400    0.00000    0.00000    3.48700
   2.52600    2.71000    0.93000    0.72400    0.00000    0.00000    4.83800
   2.85900    3.25200    0.13400    0.87500    0.00000    0.00000    5.29200
  -1.05300    1.95100    0.40500    1.87800    0.00000    0.00000    0.05300
   1.87800    3.35300    0.40500    1.41800    1.00000    1.00000    5.01800
   3.15700    2.08000    1.03300    0.90200    0.00000    0.00000    3.69300
   1.71700    2.81900    0.73200    1.48300    0.00000    0.00000    2.94100
   1.73700    3.19100    0.22300    1.15400    0.00000    0.00000    2.68600
   1.99600    3.04900    0.76200    1.25800    0.00000    2.00000    4.36900
   1.66000    2.54800    0.94700    1.05100    1.00000    0.00000    3.58800
   3.39500    3.37800    0.13400    0.98800    0.00000    0.00000    4.65000
   2.24100    2.43000    0.49600    0.94600    0.00000    0.00000    3.66000
   2.11600    1.96500    1.02800    0.76200    0.00000    0.00000    5.30300
   1.29400    2.45600    0.33100    0.87500    0.00000    1.00000    2.26300
   1.23700    2.53600    0.42900    0.87100    0.00000    1.00000    2.53700
   1.61000    2.11000    0.58000    0.80500    0.00000    0.00000    3.78700
   3.42600    1.89200    1.44100    0.77600    0.00000    0.00000    6.08700
   0.99600    1.52300    1.02800    1.51200    0.00000    1.00000    2.69300
   2.57000    2.11000    0.77300    0.77300    0.00000    1.00000    3.36000
   0.49600    2.45600    0.33100    1.25900    0.00000    1.00000    2.85800
   1.69700    2.64100    0.49600    1.07700    0.00000    1.00000    3.53700
  -0.38600    1.33300    0.75400    1.14800    0.00000    1.00000    3.48700
   4.20700    3.32300    1.23200    1.13400    0.00000    0.00000    6.52500
   2.63700    3.01200    0.22300    0.76000    0.00000    0.00000    4.62000
   2.43300    2.30400    1.02800    1.12400    0.00000    0.00000    4.63500
   1.58700    3.27700    0.22300    1.63300    0.00000    0.00000    2.98000
   3.50800    2.92800    1.13100    0.90800    0.00000    2.00000    5.86000
   4.45200    3.05700    1.63600    0.99500    0.00000    2.00000    8.43300
   2.27800    3.65100    1.15100    0.91100    0.00000    2.00000    4.54000
   3.16700    3.67500    1.71800    1.24800    0.00000    0.00000    4.13600
   1.02400    3.12600    0.69300    1.69000    2.00000    2.00000    4.28200
   4.90700    4.53600    0.22300    1.29000    0.00000    0.00000    6.63400
   3.57400    2.90000    1.27500    0.91300    0.00000    1.00000    6.56400
   2.57300    2.16400    1.43700    1.22700    0.00000    2.00000    6.20700
   2.87600    2.26000    0.49900    0.90700    0.00000    0.00000    3.64500
   1.49200    1.94000    0.74900    1.06600    0.00000    0.00000    2.99000
   2.19300    3.10300    0.13400    1.01600    0.00000    0.00000    3.65100
   2.10200    2.82400    0.22300    1.00000    1.00000    0.00000    3.36000
   3.08900    3.20000    1.53100    1.05900    0.00000    0.00000    6.16000
   2.19300    3.10300    0.13400    1.01600    0.00000    0.00000    3.21000
   3.12400    3.25200    0.00000    1.41700    0.00000    0.00000    3.29900
   1.65500    3.10100    1.53500    1.32600    0.00000    1.00000    6.23800
   0.80000    2.74800    0.22300    2.04800    0.00000    0.00000    1.46200
   1.76900    2.40500    0.13400    0.84300    0.00000    0.00000    3.21000
   2.59000    3.42600    0.85000    1.79200    0.00000    0.00000    4.37700
   1.94700    3.41000    0.22300    1.27800    1.00000    2.00000    2.73700
   3.79500    2.47700    0.83000    0.98300    0.00000    0.00000    4.74300
   2.95700    1.70100    1.44300    1.90500    0.00000    0.00000    4.44000
   1.94000    2.16000    1.16000    1.60700    0.00000    0.00000    3.13000
   4.03800    3.11300    1.59300    1.31900    1.00000    1.00000    6.14300
   0.20200    0.96500    0.64000    1.69500    1.00000    0.00000    4.37000
   1.96800    2.58300    0.76200    1.10400    0.00000    1.00000    3.88200
   1.94000    3.48500    0.22300    1.61400    0.00000    0.00000    2.85300
   4.63400    2.12600    1.27800    0.89600    0.00000    0.00000    5.81500
   2.94200    3.17900    0.00000    1.06300    0.00000    0.00000    3.94700
   1.39300    3.61100    0.33100    2.01700    0.00000    0.00000    2.85900
   3.11800    5.15800    0.13400    1.79100    0.00000    0.00000    6.04000
   2.81300    3.53200    0.13400    1.51800    0.00000    0.00000    3.95900
   2.06600    2.83400    0.13400    1.00900    0.00000    0.00000    3.44800
   2.10200    2.72800    0.13400    0.92300    0.00000    0.00000    3.42000
  -0.93700    3.15500    0.63800    2.12800    0.00000    0.00000    1.10200
   2.20000    1.27900    1.32700    1.28400    0.00000    0.00000    4.69700
   0.80000    2.74800    0.22300    1.70500    0.00000    0.00000    1.30500
   0.65500    2.13700    0.22300    1.17900    0.00000    0.00000    3.77900
   1.51500    2.78100    0.71100    1.14700    0.00000    0.00000    3.84600
   1.12100    3.15900    0.96500    1.58400    0.00000    2.00000    3.77000
  -0.22600    2.12600    0.40500    1.12700    0.00000    0.00000    3.20600
   1.24600    2.09200    1.35900    2.27300    1.00000    1.00000    4.79600
   4.23400    4.13700    0.22300    1.54200    0.00000    1.00000    5.19400
   3.04800    3.91400    0.56000    1.63700    0.00000    1.00000    3.92600
   0.84600    2.51200    0.13400    1.29300    0.00000    0.00000    2.81100
   3.19000    2.41700    1.02800    1.16200    0.00000    1.00000    4.16900
   4.20700    3.32300    1.23200    1.13400    0.00000    0.00000    6.50000
   3.58600    3.08600    0.94800    0.75100    0.00000    0.00000    5.10700
   0.84600    2.51200    0.13400    1.29300    0.00000    0.00000    2.36400
   1.85900    2.72800    0.22300    0.95300    0.00000    0.00000    3.89700
   1.14500    3.40700    1.54800    1.65300    0.00000    0.00000    6.25800
   2.59200    3.32300    0.40500    1.17000    0.00000    2.00000    4.57700
   1.09900    2.49500    0.56000    0.83500    1.00000    0.00000    4.02300
   1.85900    2.72800    0.22300    0.95300    0.00000    0.00000    3.29000
   1.04200    3.33000    0.56000    1.55500    0.00000    2.00000    3.69100
   3.66100    3.86000    0.22300    1.55000    0.00000    1.00000    4.51000
   1.70100    2.44800    0.63800    0.92100    0.00000    0.00000    3.52100
  -0.91700    2.67000    0.49600    2.04700    0.00000    0.00000    1.84200
   3.32000    2.39600    1.59300    1.35100    0.00000    0.00000    6.02300
   4.17900    3.59600    0.97200    0.94100    0.00000    1.00000    4.82800
   3.25900    3.40700    0.00000    1.11100    0.00000    0.00000    4.19200
   3.67700    3.39400    0.00000    0.86800    0.00000    0.00000    4.19900
   3.05500    3.26500    0.49600    0.96200    0.00000    1.00000    4.73200
   1.23900    4.19100    0.76200    2.19500    0.00000    0.00000    2.61800
   2.72900    2.08000    0.89100    0.81600    0.00000    0.00000    4.41000
   4.37900    4.28500    0.13400    1.55100    0.00000    0.00000    6.25500
   2.35800    1.98300    1.71400    2.10500    0.00000    0.00000    5.06200
  -1.05300    1.96800    0.33100    1.89100    0.00000    0.00000    1.47000
   3.90300    4.56600    0.35700    1.39400    4.00000    1.00000    6.92300
  -0.53400    2.66500    0.25100    1.76200    0.00000    0.00000    1.81700
   2.12700    2.08600    0.64000    0.83800    0.00000    0.00000    4.45900
   1.62200    3.92100    0.25100    1.39800    0.00000    0.00000    3.41600
   2.05200    2.97100    0.97200    1.25500    0.00000    2.00000    4.56500
   0.28900    2.55500    1.11000    1.68600    0.00000    0.00000    2.60100
   2.22600    2.02400    0.83000    1.76100    0.00000    0.00000    2.92800
  -0.12900    2.30900    0.76200    1.11800    0.00000    2.00000    2.71500
   2.28800    3.67000    0.72800    2.11000    0.00000    3.00000    2.96400
  -0.31700    1.42900    0.22300    1.75000    1.00000    0.00000    3.07600
   2.35200    3.04600    0.00000    1.33300    4.00000    0.00000    3.61400
  -0.74100    2.33000    0.58000    1.77600    0.00000    2.00000    0.89000
   2.70200    3.09800    0.93000    1.07500    0.00000    0.00000    6.23600
   1.53900    2.52800    0.58000    1.29700    0.00000    0.00000    3.02500
   3.18200    3.73000    0.82900    1.56200    0.00000    1.00000    4.73200
  -1.96000    2.24200    1.09600    1.90700    0.00000    1.00000    3.39600
   1.40100    2.44200    1.21100    2.25400    0.00000    0.00000    4.30500
   3.16000    3.64100    1.19200    1.48100    0.00000    1.00000    5.05200
   0.43400    2.83600    0.69300    1.43000    0.00000    2.00000    3.17800
   1.49000    2.76500    0.33100    0.95100    0.00000    1.00000    2.55000
   2.20600    2.23300    0.46000    0.78900    1.00000    0.00000    4.96000
   3.94800    3.24900    2.07100    1.32700    0.00000    0.00000    6.44600
   1.70100    2.50800    0.58000    0.94100    0.00000    0.00000    3.78900
   3.38600    3.86700    0.13400    1.17400    0.00000    0.00000    4.06400
   0.90600    2.83100    1.39300    1.07700    0.00000    1.00000    5.31700
   3.37400    3.73900    0.00000    1.20400    1.00000    1.00000    5.68900
   2.29400    3.02300    0.56000    1.16800    0.00000    1.00000    3.92400
   2.57300    2.63600    0.82700    0.99900    0.00000    0.00000    4.39300
   1.46700    2.21600    0.58200    1.28700    0.00000    0.00000    2.74000
   0.84600    2.51200    0.13400    1.29300    0.00000    0.00000    2.01600
   1.65400    3.37800    1.38000    1.25000    0.00000    0.00000    4.85400
   1.27100    3.06500    0.92300    1.31700    0.00000    0.00000    2.01500
   1.88600    2.09400    0.82700    0.86000    0.00000    0.00000    5.39000
   1.15500    3.08000    0.82700    1.07900    2.00000    0.00000    5.47800
   2.18600    3.17100    0.13400    1.01100    0.00000    0.00000    3.98400
   2.99100    2.44200    0.93400    0.98400    0.00000    1.00000    4.20800
   0.65500    2.46200    0.22300    1.62500    0.00000    1.00000    1.35200
   2.45500    3.16400    0.22300    0.90900    0.00000    0.00000    3.11200
   6.51500    3.46500    2.17100    0.88800    0.00000    0.00000    3.62300
   5.20700    2.58500    1.58600    0.91700    0.00000    0.00000    6.37900
   2.37000    1.97700    1.11200    0.88100    0.00000    0.00000    4.79800
   3.05100    3.33200    0.13400    0.90900    0.00000    0.00000    4.89100
   2.24800    3.50900    0.85400    1.47800    0.00000    0.00000    2.83200
   1.67200    1.81800    0.49900    1.46800    1.00000    0.00000    3.54600
   0.88300    2.12500    0.73000    1.53700    0.00000    0.00000    3.00700
   3.47400    3.67500    1.11200    1.31400    0.00000    1.00000    4.70600
   2.79900    1.97500    0.80200    0.77500    1.00000    0.00000    4.22700
   4.63300    3.88800    0.69300    0.97800    0.00000    2.00000    6.60000
   2.95600    2.03100    0.89100    0.82200    0.00000    0.00000    4.42000
   2.65900    3.24700    0.87400    1.22100    0.00000    1.00000    4.26200
   2.55300    2.37500    1.02600    1.09000    0.00000    1.00000    3.89500
   2.77300    3.74900    0.33100    1.27800    0.00000    0.00000    4.77700
  -2.03000    2.11800    0.95600    1.64300    0.00000    0.00000    3.63800
   2.42000    3.11000    0.00000    1.07900    2.00000    0.00000    3.97400
   1.44200    3.08000    0.22300    1.58300    0.00000    1.00000    3.06100
   0.34700    2.39600    0.22300    1.77800    0.00000    0.00000    0.77800
   1.32100    3.19600    1.38000    1.23400    0.00000    0.00000    6.01800
  -1.26500    1.78600    0.70200    1.08100    0.00000    0.00000    8.13200
   4.26800    3.59300    1.23600    1.16600    0.00000    0.00000    7.60700
  -0.53400    2.66500    0.25100    1.76200    0.00000    0.00000    1.79500
   2.33500    1.82200    0.68100    0.79400    0.00000    0.00000    3.69600
   2.45900    2.12600    0.83000    1.45500    1.00000    0.00000    4.18400
   1.06000    2.72600    0.49600    1.17900    0.00000    1.00000    2.12600
   1.94000    3.48500    0.22300    1.61400    0.00000    0.00000    3.50700
   1.80700    3.02700    0.33100    1.47200    1.00000    0.00000    3.51000
   1.37300    3.02600    0.40500    1.54800    0.00000    1.00000    2.84000
   2.43300    3.55000    1.18200    1.62400    0.00000    0.00000    4.81100
   3.31500    3.55400    0.62900    0.94500    0.00000    0.00000    3.45900
   1.09100    2.30900    0.76200    0.84500    1.00000    0.00000    3.60100
   3.61700    1.96200    1.34500    0.78300    0.00000    0.00000    5.35200
   3.31800    2.98700    1.07600    0.92100    0.00000    1.00000    6.07700
   2.67900    3.13000    0.42900    0.88000    0.00000    0.00000    5.22900
   3.18600    3.74000    0.13400    1.58100    0.00000    0.00000    4.39600
   3.02600    3.87100    0.82900    1.55800    0.00000    1.00000    4.53900
   3.29100    3.66900    0.48600    1.37400    0.00000    0.00000    4.61000
   1.75900    3.56700    0.71100    1.50100    1.00000    3.00000    4.04300
   2.35200    3.04600    0.00000    1.33300    0.00000    2.00000    4.07500
   0.57500    2.48200    1.30300    1.41500    0.00000    0.00000    4.91900
   2.72900    2.08000    0.89100    0.81600    0.00000    0.00000    4.98900
   1.06400    2.54400    0.22300    1.24500    0.00000    0.00000    1.40800
   3.95300    4.00500    0.22300    1.54500    0.00000    1.00000    5.05500
   2.22600    1.43900    1.07900    1.86700    0.00000    0.00000    3.21300
   2.35900    2.45400    1.07500    0.95100    0.00000    0.00000    6.31700
   2.93100    3.05500    1.27300    1.13200    0.00000    0.00000    5.39300
   3.61700    1.96200    1.34500    0.78300    0.00000    0.00000    5.34800
   1.39500    2.21500    0.88700    0.88800    0.00000    0.00000    4.33000
   3.12700    3.31500    0.22300    0.79900    0.00000    0.00000    4.50700
   2.63700    3.01200    0.22300    0.76000    0.00000    0.00000    4.53800
   0.45400    2.59400    0.25100    1.28700    0.00000    0.00000    1.74900
   1.74800    2.47900    0.88700    0.95400    0.00000    0.00000    4.91200
   1.85100    3.59100    0.58000    1.68500    0.00000    1.00000    4.11700
   1.58700    3.27700    0.22300    1.63300    0.00000    0.00000    2.18200
   4.06300    2.08500    1.07900    0.89500    0.00000    0.00000    4.79000
   0.08700    2.12600    0.25100    1.71900    0.00000    0.00000    2.45800
   3.29100    2.18900    1.58600    2.00000    0.00000    0.00000    5.24200
   4.23500    4.36000    0.40500    1.22800    1.00000    2.00000    6.66500
   2.68800    2.46900    0.58200    0.91300    0.00000    0.00000    4.00200
   1.34800    2.12500    0.63800    0.83100    0.00000    0.00000    3.53100
   3.29100    3.60900    0.81100    1.20800    0.00000    0.00000    4.46900
   1.37300    3.02600    0.40500    1.78700    0.00000    1.00000    2.55100
   2.08100    1.12600    1.07900    1.44000    1.00000    1.00000    3.47000
   4.24600    4.21900    1.03300    0.96300    0.00000    1.00000    9.35400
   0.70600    3.22200    0.33100    2.17700    0.00000    0.00000    1.81900
   3.87600    3.46500    0.00000    0.83700    0.00000    0.00000    4.80900
  -0.38600    1.50000    0.40500    1.66900    0.00000    1.00000    2.66100
   2.81300    3.46100    0.22300    1.12000    0.00000    0.00000    4.46300
   0.13300    2.02400    0.40500    1.60500    0.00000    1.00000    1.30700
   0.48900    2.23800    1.51300    2.07800    0.00000    0.00000    4.51300
   2.72300    3.23500    1.13100    0.99600    0.00000    0.00000    5.35400
   1.31200    2.96100    0.40500    1.18900    0.00000    0.00000    2.60400
   2.24200    3.33200    0.13400    1.06800    0.00000    0.00000    3.80600
   0.15800    1.83100    1.18200    1.90100    0.00000    2.00000    1.23400
   3.98800    2.97800    1.24600    1.10300    0.00000    1.00000    6.53500
   2.72300    3.31500    0.22300    1.10000    1.00000    0.00000    4.35000
   4.45200    2.83600    1.86000    1.04600    0.00000    2.00000    8.20700
   4.87800    3.81900    0.61500    0.86400    0.00000    0.00000    3.71500
   1.50600    2.51200    0.13400    0.86200    0.00000    0.00000    3.07800
   1.44200    3.08000    0.22300    1.58300    1.00000    0.00000    3.75700
   0.70600    3.21900    0.40500    1.60500    0.00000    0.00000    1.08800
   5.12400    2.93100    1.71000    0.93500    2.00000    2.00000    7.01700
   1.19500    3.08000    0.22300    1.38500    0.00000    0.00000    2.07000
   0.80000    2.03400    0.64000    1.72700    0.00000    0.00000    2.07200
   1.57000    3.42100    0.58000    1.70000    0.00000    1.00000    5.02900
   2.11000    3.26000    0.40500    1.15100    1.00000    0.00000    3.83500
   1.43300    2.77700    0.56000    1.12700    1.00000    0.00000    4.76700
   0.14300    2.12600    0.25100    1.11400    0.00000    0.00000    2.15700
  -0.31700    1.51200    0.57000    0.87900    0.00000    1.00000    2.44500
   3.61800    4.05000    0.69300    1.38100    0.00000    2.00000    5.49000
   2.64600    2.74000    1.04000    1.60300    0.00000    1.00000    4.21500
   3.23400    4.07700    0.95600    1.90900    0.00000    0.00000    4.44800
   2.06000    3.46200    0.40500    1.71700    0.00000    1.00000    4.09700
   2.78600    3.43600    0.33100    0.95100    0.00000    0.00000    4.33800
   3.66100    3.73400    0.22300    1.37400    0.00000    0.00000    5.15900
   0.21500    3.81000    1.02500    1.05500    0.00000    2.00000    3.83800
  -2.88400    3.00100    0.13400    2.92000    0.00000    0.00000    2.37500
   2.24200    3.33200    0.13400    1.51900    0.00000    0.00000    3.55400
   3.11200    3.32600    0.64700    0.98600    0.00000    1.00000    4.08100
   1.06400    2.80200    0.22300    1.60000    1.00000    0.00000    3.93700
   1.79800    2.98600    0.96100    1.66900    0.00000    4.00000    3.15200
   3.11200    3.31400    0.33100    1.17300    1.00000    0.00000    3.81200
   3.24700    3.59900    0.70200    1.51400    2.00000    1.00000    6.18300
   1.88200    3.52000    0.22300    1.59000    0.00000    0.00000    2.88300
   0.99600    1.09400    1.23600    1.46100    0.00000    1.00000    1.91100
   1.81700    1.50000    0.83000    1.89100    0.00000    0.00000    2.92000
   2.46300    2.06500    1.06200    0.85200    0.00000    0.00000    4.39900
   3.31400    1.92500    1.16000    0.80100    0.00000    0.00000    4.49900
   0.34700    2.56000    0.13400    1.75800    0.00000    0.00000    2.28300
   2.60400    3.27700    0.48600    1.34300    0.00000    0.00000    3.73600
   4.75400    4.05700    1.03200    1.18300    1.00000    3.00000    8.20100
  -0.41000    1.77400    0.42900    2.29900    0.00000    0.00000    1.89700
  -0.40600    2.11800    0.95600    2.53900    0.00000    0.00000    3.84500
   2.11000    4.20500    1.51200    1.04600    0.00000    2.00000    5.00200
   2.92700    2.92800    1.11300    1.18500    0.00000    1.00000    4.14100
   1.58000    2.96100    0.40500    1.38800    0.00000    0.00000    3.07000
   3.04600    2.30900    0.90700    0.87100    0.00000    0.00000    3.77500
   3.11000    2.95000    1.77200    1.35100    0.00000    4.00000    5.38300
   4.83300    4.14100    0.13400    1.22000    0.00000    0.00000    6.23300
   1.74600    3.69100    0.71100    1.07300    0.00000    2.00000    5.47200
   0.43000    2.81500    0.56000    1.58500    1.00000    1.00000    4.59000
   2.08100    1.63900    0.83000    1.44500    2.00000    0.00000    5.05000
   4.59400    2.08600    1.68500    0.39600    0.00000    0.00000    6.72000
   0.31400    3.02900    0.33100    1.84700    0.00000    0.00000    2.47400
   3.50300    3.89600    0.13400    1.57100    0.00000    0.00000    4.82200
   4.83200    4.21100    0.93200    1.04500    0.00000    1.00000    8.91600
   1.97100    3.64100    0.33100    1.93300    1.00000    0.00000    3.24600
   2.68900    2.01900    1.31700    1.28800    0.00000    0.00000    4.36800
   4.45300    4.44300    0.25100    1.28700    4.00000    3.00000    6.48300
   1.61000    2.11000    0.58000    0.80500    0.00000    0.00000    3.39100
   2.94200    3.17900    0.00000    1.06300    0.00000    0.00000    4.09100
   1.59500    3.39300    1.29200    2.12200    0.00000    3.00000    3.47700
   2.21700    3.81800    0.69300    1.62700    2.00000    2.00000    5.52200
   2.54500    3.60100    0.22300    1.35000    3.00000    2.00000    4.32000
   1.27200    3.40500    0.25100    1.56000    0.00000    0.00000    4.13200
   2.23300    3.05000    0.40500    0.86800    1.00000    3.00000    6.19500
   1.67200    1.00000    0.83000    1.43200    0.00000    1.00000    2.85600
   3.57100    3.62900    0.22300    0.80200    0.00000    0.00000    4.26900
   1.61000    2.25100    0.63800    0.87100    1.00000    0.00000    4.41600
   1.44200    3.08000    0.22300    1.58300    0.00000    1.00000    2.36900
  -0.53400    2.37700    0.33100    1.73400    0.00000    0.00000    1.47400
   4.09100    4.07300    0.69300    1.17100    0.00000    2.00000    5.22400
   1.70100    2.50800    0.58000    0.94100    0.00000    0.00000    3.79900
   1.23700    2.43000    0.49600    0.84900    0.00000    1.00000    3.13300
   0.20400    2.53600    0.49600    1.48200    0.00000    1.00000    3.03000
   4.41200    3.26000    0.81100    0.70200    0.00000    0.00000    6.29800
   5.14900    3.22200    1.50100    0.87200    0.00000    0.00000    5.86100
   3.03800    3.51400    0.00000    1.37500    2.00000    2.00000    4.46500
   3.84200    2.89300    1.23600    0.90700    0.00000    0.00000    6.04700
   0.20200    1.59400    0.22300    1.06800    0.00000    0.00000    4.56400
   0.65500    2.46200    0.22300    1.62500    1.00000    0.00000    3.65400
   2.29600    2.21600    0.67900    0.76400    0.00000    0.00000    3.55900
   0.29100    2.21800    0.92300    1.07400    0.00000    0.00000    3.23700
   2.52700    3.58700    0.67500    2.10800    0.00000    0.00000    3.65600
   1.50600    2.38600    0.22300    0.85700    0.00000    0.00000    3.51300
   4.65100    4.39500    0.13400    1.54600    0.00000    0.00000    6.48400
   1.70100    2.44800    0.63800    0.92100    0.00000    0.00000    3.51300
   2.44600    3.55900    0.22300    1.36000    0.00000    0.00000    3.45800
   4.01700    3.12800    0.71300    0.79700    0.00000    1.00000    5.03900
   2.60400    3.21900    0.81100    1.12700    0.00000    0.00000    4.25700
   0.88800    2.50700    0.40500    1.65200    1.00000    1.00000    4.60300
  -0.56400    1.42900    0.22300    1.80400    0.00000    0.00000    2.72000
   3.31100    3.27400    1.21400    1.01100    0.00000    0.00000    6.54000
   1.20900    3.14300    0.13400    1.64100    0.00000    0.00000    2.26400
   1.06400    2.54400    0.22300    1.24500    0.00000    0.00000    3.38000
   3.31400    2.01900    1.12600    0.79300    0.00000    0.00000    4.73700
   3.01800    2.74400    0.49600    0.75300    0.00000    0.00000    4.28400
  -0.53400    2.36600    0.40500    1.73500    0.00000    0.00000    0.24200
   4.09800    4.11400    0.22300    1.57100    0.00000    0.00000    5.21900
   1.44200    3.08000    0.22300    1.58300    0.00000    1.00000    2.27100
   3.26700    3.73900    0.00000    1.25000    1.00000    2.00000    2.14900
   1.70100    2.50800    0.58000    0.94100    0.00000    0.00000    3.34500
   2.89900    2.81800    0.83000    1.38600    0.00000    0.00000    3.92000
   0.11300    2.42800    0.95600    2.60900    0.00000    0.00000    1.30100
   0.94300    2.63400    0.22300    1.29800    0.00000    0.00000    3.13100
   0.13300    2.03400    0.33100    1.56000    0.00000    1.00000    2.11700
   3.45100    3.40200    0.60400    1.51700    0.00000    0.00000    5.08600
   4.03800    4.02900    0.96500    1.72900    0.00000    0.00000    4.45100
   2.28900    3.67600    0.40500    1.52400    0.00000    1.00000    3.97600
   1.61900    3.08000    0.40500    1.60900    1.00000    1.00000    4.78600
  -0.17200    2.16500    0.13400    1.91200    0.00000    0.00000    2.30000
   0.80000    2.74800    0.22300    1.70500    0.00000    0.00000    1.69100
   2.64600    1.88600    1.11500    0.65300    0.00000    0.00000    4.34200
   0.20200    0.96500    0.64000    1.69500    0.00000    1.00000    3.27200
   1.06000    2.72600    0.49600    1.10800    0.00000    1.00000    3.10000
   4.41600    3.25200    0.49900    0.83200    0.00000    0.00000    4.67400
   3.18600    3.66900    0.22300    1.59900    0.00000    0.00000    3.98400
