  -1.00000    1.00000    0.45736   -0.35870    0.19762    0.30952    0.83333   26.60000
  -1.00000   -0.60000   -0.84496   -0.63044   -0.68755   -0.16667   -0.66667   28.00000
  -1.00000    1.00000    0.45736    0.29348    0.50893   -0.52381   -0.66667   13.00000
  -1.00000   -0.60000   -0.65375   -0.58696   -0.57074   -0.40476    1.00000   36.00000
  -1.00000    1.00000   -0.00775   -0.30435    0.38758    0.30952    0.16667   17.00000
  -1.00000    0.20000   -0.01809   -0.19565    0.01900   -0.15476    0.33333   18.10000
   0.00000   -0.60000   -0.88630   -0.97826   -0.78906    0.60714    0.33333   43.10000
  -1.00000    0.20000   -0.05943   -0.54348   -0.04225   -0.10714   -0.83333   19.00000
  -1.00000    0.20000   -0.01809   -0.30435    0.14488    0.19048   -0.33333   16.00000
  -1.00000    0.20000   -0.05943   -0.71739    0.03147    0.54762   -0.16667   15.00000
  -1.00000   -0.60000   -0.80879   -0.68478   -0.65013   -0.22619    0.33333   30.90000
  -1.00000    0.20000   -0.31783   -0.57609   -0.17380    0.03571    0.33333   20.80000
   0.00000   -0.60000   -0.88630   -0.73913   -0.81627   -0.28571   -0.16667   29.00000
  -1.00000   -0.60000   -0.77261   -0.57609   -0.45449   -0.02381    1.00000   31.00000
   0.00000   -0.60000   -0.72610   -0.25000   -0.32974   -0.08333    0.33333   21.60000
   1.00000   -0.60000   -0.94832   -0.93478   -0.78906    0.35714    0.33333   32.80000
  -1.00000    0.20000   -0.05943   -0.35870   -0.01333   -0.22619    0.00000   22.00000
   0.00000   -0.20000   -0.67442   -0.38043   -0.30989   -0.05952    0.33333   20.30000
   1.00000   -0.60000   -0.73643   -0.44565   -0.61043   -0.20238    0.33333   27.20000
   1.00000   -0.60000   -0.85013   -0.54348   -0.72384    0.01190   -0.66667   27.00000
  -1.00000   -0.60000   -0.84496   -0.73913   -0.70967    0.10714    1.00000   36.00000
  -1.00000   -0.60000   -0.57106   -0.57609   -0.29572    0.14286    0.33333   23.80000
   1.00000   -0.60000   -0.73643   -0.50000   -0.53445   -0.16667    0.66667   37.00000
  -1.00000   -0.60000   -0.72093   -0.63044   -0.52481    0.01190   -0.33333   26.00000
  -1.00000    0.20000   -0.15246   -0.41304   -0.42104   -0.40476   -0.83333   19.00000
  -1.00000    1.00000    0.62791    0.45652    0.89510   -0.58333   -0.83333   12.00000
  -1.00000    0.20000   -0.45736   -0.25000   -0.38361   -0.41667    0.50000   26.80000
   1.00000   -0.60000   -0.85013   -0.68478   -0.68358   -0.04762   -0.16667   29.00000
  -1.00000    1.00000    0.20930   -0.09783   -0.11766   -0.52381   -0.16667   13.00000
  -1.00000    1.00000    0.22481    0.07609    0.28551   -0.46429    0.16667   17.50000
   1.00000   -0.60000   -0.88114   -0.77174   -0.80040   -0.08333    1.00000   32.00000
  -1.00000    1.00000    0.71576    1.00000    0.51120   -0.82143   -0.50000   16.00000
  -1.00000    0.20000   -0.15762   -0.30435   -0.19138   -0.16667   -0.16667   21.00000
   1.00000   -0.60000   -0.90698   -0.79348   -0.71817    0.17857    0.66667   46.60000
  -1.00000    0.20000   -0.05943   -0.71739   -0.12390    0.36905   -0.16667   15.00000
   1.00000   -0.60000   -0.88114   -0.77174   -0.80040   -0.16667    1.00000   38.00000
  -1.00000    0.20000   -0.18863   -0.35870    0.13411    0.01190   -0.33333   18.00000
   1.00000   -0.60000   -0.79845   -0.71739   -0.61610    0.07143    0.66667   32.40000
  -1.00000    1.00000    0.20930   -0.08696    0.27984   -0.16667    0.00000   13.00000
  -1.00000    0.20000   -0.32300   -0.44565   -0.34165   -0.10714   -1.00000   18.00000
   0.00000   -0.60000   -0.94315   -0.86956   -0.87979    0.26190    0.16667   36.00000
   1.00000   -0.60000   -0.92248   -0.83696   -0.77885    0.30952   -0.33333   32.00000
   0.00000   -0.60000   -1.00000   -0.96739   -0.85597    0.36905   -0.50000   29.00000
  -1.00000   -0.60000   -0.84496   -0.78261   -0.89396   -0.23809    0.33333   36.10000
  -1.00000    0.20000   -0.32300   -0.52174   -0.41310   -0.16667   -1.00000   21.00000
   1.00000   -0.60000   -0.95866   -0.93478   -0.97959    0.01190   -0.33333   31.00000
   0.00000   -0.60000   -0.75194   -0.52174   -0.71080   -0.28571   -0.83333   28.00000
  -1.00000    1.00000    0.22481    0.02174    0.47547   -0.40476    0.00000   17.50000
  -1.00000    1.00000    0.71576    0.34783    0.73235   -0.58333   -0.16667   16.00000
  -1.00000    1.00000    0.92248    0.83696    0.77034   -0.64286   -0.50000   13.00000
  -1.00000    1.00000    0.71576    0.34783    0.77658   -0.52381   -0.83333   13.00000
  -1.00000    1.00000    0.45736    0.18478    0.55770   -0.17857    0.50000   16.90000
   1.00000   -0.60000   -0.88114   -0.92391   -0.89680    0.11905    0.00000   33.00000
  -1.00000    1.00000    0.45736    0.18478    0.63822   -0.34524   -0.66667   13.00000
   1.00000   -0.60000   -0.91215   -0.73913   -0.81174    0.04762    0.16667   33.50000
  -1.00000    1.00000    0.40569    0.23913    0.13184   -1.00000   -1.00000   14.00000
  -1.00000    1.00000    0.45736    0.45652    0.56904   -0.51191    0.00000   16.50000
  -1.00000    1.00000    0.71576    0.45652    0.47831   -0.63095    0.16667   16.00000
  -1.00000    1.00000    0.29199    0.13043    0.03374   -0.64286   -1.00000   18.00000
   0.00000   -0.60000   -0.84496   -0.52174   -0.63028   -0.10714   -0.50000   26.00000
   1.00000   -0.60000   -0.65891   -0.46739   -0.46300   -0.26190    0.33333   27.50000
   1.00000   -0.60000   -0.88114   -0.84783   -0.89396   -0.00000    0.33333   36.10000
   1.00000    0.20000   -0.54522   -0.32609   -0.25319   -0.10714    0.00000   19.00000
   0.00000   -0.60000   -0.72610   -0.28261   -0.28835   -0.10714   -0.50000   19.00000
   0.00000   -0.60000   -0.85013   -0.65217   -0.61043   -0.22619   -0.33333   26.00000
   0.00000   -0.60000   -0.75194   -0.68478   -0.69095   -0.10714   -0.50000   24.00000
  -1.00000    0.20000   -0.05943   -0.54348   -0.13467   -0.22619   -0.83333   18.00000
  -1.00000    0.20000   -0.18863   -0.41304    0.15566    0.15476    0.00000   20.00000
   1.00000   -0.60000   -0.79328   -0.48913   -0.55883   -0.10714   -0.33333   26.00000
  -1.00000   -0.60000   -0.62791   -0.54348   -0.37227   -0.11905    0.33333   25.10000
  -1.00000    0.20000   -0.55039   -0.33696   -0.51290   -0.28571   -0.50000   21.00000
   1.00000   -0.60000   -0.91215   -0.79348   -0.71817    0.33333    0.66667   40.80000
   0.00000   -0.60000   -0.82946   -0.59783   -0.66601   -0.13095    0.00000   27.00000
   1.00000   -0.60000   -0.73643   -0.44565   -0.47151    0.07143   -0.16667   24.00000
  -1.00000    1.00000    0.45736    0.40217    0.41026   -0.40476   -0.50000   13.00000
  -1.00000    0.20000   -0.05943   -0.41304    0.22937    0.07143   -0.33333   16.00000
  -1.00000   -0.60000   -0.57106   -0.58696   -0.42047   -0.00000    0.83333   26.60000
   0.00000   -0.60000   -0.89147   -0.82609   -0.86844   -0.13095    0.66667   29.80000
  -1.00000   -0.60000   -0.84496   -0.81522   -0.75163    0.07143    0.16667   30.50000
   0.00000    0.20000   -0.60207   -0.67391   -0.12277    0.38095    0.83333   30.70000
  -1.00000   -0.60000   -0.62791   -0.52174   -0.54919    0.36905   -0.66667   20.00000
  -1.00000    0.20000   -0.01809   -0.46739   -0.10405    0.16667    0.00000   17.50000
  -1.00000    0.20000   -0.18863   -0.30435    0.13808    0.27381    0.33333   18.60000
  -1.00000    1.00000    0.29199    0.02174    0.20329   -0.38095    0.33333   19.40000
  -1.00000    1.00000    0.45736    0.45652    0.63652   -0.46429   -0.50000   12.00000
   1.00000   -0.60000   -0.79845   -0.68478   -0.66147   -0.23809    0.83333   33.70000
  -1.00000   -0.60000   -0.90698   -0.80435   -0.85143   -0.00000    0.83333   39.00000
  -1.00000    1.00000    0.23514    0.67391    0.56677   -0.16667   -1.00000   10.00000
  -1.00000    0.20000   -0.41602   -0.30435   -0.24468   -0.00000    1.00000   25.00000
  -1.00000    1.00000    0.21964    0.13043    0.49929   -0.10714   -0.33333   14.00000
   1.00000   -0.60000   -0.73127   -0.44565   -0.50326   -0.16667   -0.33333   24.00000
  -1.00000    1.00000    0.20930    0.01087   -0.09725   -0.61905    0.33333   18.10000
   0.00000   -0.60000   -0.73127   -0.54348   -0.23788    0.07143   -0.16667   23.00000
  -1.00000    1.00000   -0.00775   -0.30435   -0.00652   -0.10714    0.33333   19.90000
  -1.00000    0.20000   -0.15246   -0.41304   -0.26226   -0.04762   -0.16667   20.00000
  -1.00000    1.00000    0.71576    0.56522    0.53785   -0.50000    0.16667   15.50000
  -1.00000    1.00000    0.21964    0.13043    0.16757   -0.58333   -0.66667   17.00000
  -1.00000    1.00000    0.86563    0.65217    0.89339   -0.58333   -0.50000   12.00000
  -1.00000    1.00000    0.50904    0.34783    0.72441   -0.40476   -0.50000   13.00000
  -1.00000    1.00000    0.20930    0.02174    0.52027   -0.04762   -0.66667   13.00000
  -1.00000    0.20000   -0.15246   -0.41304   -0.05018   -0.10714   -0.83333   18.00000
  -1.00000   -0.60000   -0.57106   -0.52174   -0.46527   -0.38095    0.50000   33.50000
  -1.00000    1.00000    0.29199    0.13043    0.48795   -0.22619   -0.50000   14.00000
  -1.00000    0.20000   -0.18863   -0.46739    0.23164    0.30952   -0.16667   18.00000
  -1.00000    1.00000    0.29199   -0.03261    0.25716   -0.14286    0.50000   18.20000
  -1.00000    0.20000   -0.05943   -0.35870    0.29515    0.25000   -0.16667   16.00000
  -1.00000    1.00000    0.46253    0.21739    0.55940   -0.40476   -0.50000   13.00000
  -1.00000   -0.60000   -0.57106   -0.54348   -0.36093   -0.04762    0.16667   24.50000
  -1.00000    1.00000    0.71576    0.40217    0.57187   -0.52381   -0.66667   14.00000
   1.00000   -0.60000   -0.73643   -0.41304   -0.43181   -0.19048    0.83333   32.90000
  -1.00000   -0.60000   -0.77778   -0.63044   -0.69266   -0.19048    0.16667   30.00000
  -1.00000   -0.60000   -0.62791   -0.71739   -0.46016   -0.33333    0.00000   26.50000
  -1.00000   -0.60000   -0.57106   -0.52174   -0.24185    0.10714    1.00000   27.00000
  -1.00000    1.00000    0.20930   -0.09783    0.19762   -0.35714    0.50000   17.60000
   1.00000   -0.60000   -0.91215   -0.73913   -0.74086    0.26190    0.33333   39.40000
  -1.00000   -0.60000   -0.72093   -0.45652   -0.61043   -0.10714    0.16667   25.50000
  -1.00000    1.00000    0.21964    0.13043    0.16757   -0.58333   -0.50000   14.00000
  -1.00000   -0.60000   -0.84496   -0.84783   -0.68755    0.67857    0.00000   24.50000
   1.00000    0.20000   -0.54522   -0.17391   -0.32294   -0.34524   -0.50000   20.00000
  -1.00000   -0.60000   -0.80879   -0.81522   -0.65863   -0.17857    0.83333   34.70000
   0.00000   -0.60000   -0.73127   -0.54348   -0.06039    0.65476    0.00000   19.00000
   1.00000   -1.00000   -0.98966   -0.41304   -0.54239   -0.46429    0.66667   23.70000
  -1.00000    1.00000    0.20930    0.02174    0.43351   -0.28571   -0.33333   16.00000
   1.00000   -0.60000   -0.88114   -0.76087   -0.79756    0.14286    1.00000   31.00000
   0.00000    0.20000   -0.48320   -0.19565    0.25149    0.03571    0.00000   16.50000
  -1.00000    0.20000   -0.15762   -0.35870    0.08988    0.33333    0.33333   19.20000
   0.00000   -0.60000   -0.85013   -0.93478   -0.70683    0.97619    1.00000   44.00000
  -1.00000   -0.60000   -0.62791   -0.50000   -0.29005   -0.00000    1.00000   24.00000
   0.00000   -0.60000   -0.89664   -0.67391   -0.74369   -0.22619   -0.83333   30.00000
  -1.00000   -0.60000   -0.62791   -0.65217   -0.44485    0.25000   -0.16667   23.00000
  -1.00000    1.00000    0.71576    0.56522    0.59286   -0.46429   -0.66667   13.00000
   0.00000   -0.60000   -0.80879   -0.69565   -0.67281   -0.26190    0.83333   33.00000
   0.00000   -0.60000   -0.88630   -0.97826   -0.59059    0.86905    0.66667   43.40000
  -1.00000    1.00000    0.45736    0.07609    0.60306   -0.28571   -0.16667   15.00000
  -1.00000   -0.60000   -0.73127   -0.64130   -0.42614    0.26190    1.00000   28.00000
   1.00000   -0.60000   -0.98450   -0.79348   -0.87355    0.54762   -0.33333   32.00000
  -1.00000    1.00000    0.71576    0.40217    1.00000   -0.52381   -0.83333   13.00000
  -1.00000    1.00000    0.20930   -0.08696    0.52084   -0.17857    0.16667   15.00000
  -1.00000    1.00000    0.46253    0.16304    0.42671   -0.40476   -0.66667   14.00000
  -1.00000    1.00000    0.29199    0.13043    0.21463   -0.28571    0.00000   13.00000
   1.00000   -0.60000   -0.91215   -0.73913   -0.78622    0.07143    0.00000   32.00000
  -1.00000    1.00000    0.99483    0.89130    0.55429   -0.88095   -1.00000   14.00000
  -1.00000    1.00000    0.29199    0.13043    0.39722   -0.28571   -0.66667   14.00000
  -1.00000    0.20000   -0.45736   -0.30435   -0.36944   -0.45238    0.83333   23.50000
   1.00000   -0.60000   -0.73127   -0.68478   -0.47321    0.13095    0.66667   31.30000
  -1.00000    0.20000   -0.15762   -0.30435    0.30082    0.54762   -0.16667   17.00000
  -1.00000    1.00000    0.50904    0.83696    0.70230   -0.28571   -1.00000   10.00000
  -1.00000    0.20000   -0.18863   -0.41304   -0.08137   -0.11905    0.00000   22.00000
  -1.00000    0.20000   -0.15762   -0.35870    0.00198   -0.07143    0.33333   20.60000
   1.00000   -0.60000   -0.90698   -0.79348   -0.79473   -0.14286    0.50000   34.10000
  -1.00000   -0.60000   -0.62791   -0.59783   -0.41820    0.07143   -0.16667   23.00000
  -1.00000    1.00000    0.45736    0.34783    0.44712   -0.59524    0.16667   15.50000
   1.00000   -0.60000   -0.88114   -0.77174   -0.78338   -0.02381    1.00000   38.00000
   1.00000   -0.60000   -0.73127   -0.54348   -0.68982   -0.22619    1.00000   36.00000
   0.00000   -0.60000   -0.72610   -0.30435   -0.40629   -0.28571   -0.50000   24.00000
   0.00000   -0.60000   -0.73127   -0.55435   -0.22540    0.36905   -0.66667   21.00000
  -1.00000    1.00000    0.20930   -0.01087    0.37738   -0.22619   -0.50000   14.00000
   1.00000    0.20000   -0.59690   -0.44565   -0.31840   -0.22619    0.16667   22.00000
  -1.00000   -0.60000   -0.84496   -0.63044   -0.82875   -0.23809    0.50000   35.70000
  -1.00000    0.20000   -0.15246   -0.41304   -0.24468   -0.04762   -0.50000   18.00000
   0.00000   -0.60000   -0.72610   -0.28261   -0.25149   -0.22619   -0.66667   18.00000
  -1.00000    1.00000    0.45736    0.07609    0.40006   -0.40476   -0.50000   15.00000
  -1.00000    1.00000    0.45736    0.23913    0.61213   -0.34524   -0.66667   12.00000
  -1.00000    1.00000    0.71576    0.40217    0.61667   -0.58333   -0.83333   14.00000
  -1.00000   -0.60000   -0.62791   -0.53261   -0.35242   -0.07143    0.16667   25.50000
  -1.00000    1.00000    0.45736    0.13043    0.74993   -0.22619   -0.33333   13.00000
  -1.00000    0.20000   -0.15246   -0.52174   -0.16530    0.14286    0.00000   22.50000
   1.00000    0.20000   -0.48320   -0.23913   -0.27020   -0.45238    0.83333   25.40000
   1.00000   -0.60000   -0.97933   -0.75000   -1.00000    0.19048   -0.83333   35.00000
  -1.00000    1.00000    0.20930    0.01087    0.10973   -0.42857    0.33333   20.20000
  -1.00000    0.20000   -0.15246   -0.41304   -0.33314   -0.16667   -0.50000   18.00000
  -1.00000    1.00000    0.29199    0.13043    0.61270   -0.34524   -0.33333   14.00000
  -1.00000   -0.60000   -0.62791   -0.54348   -0.27587    0.10714    0.50000   22.30000
  -1.00000    1.00000    0.45736    0.45652    0.16303   -0.64286   -0.50000   11.00000
  -1.00000    0.20000   -0.05943   -0.43478    0.08421    0.30952    0.16667   18.50000
   1.00000   -0.60000   -0.85013   -0.77174   -0.78906   -0.00000    0.16667   30.00000
  -1.00000    0.20000   -0.31783   -0.57609   -0.21917    0.21429    0.50000   19.80000
   0.00000   -0.60000   -0.78295   -0.55435   -0.39949    0.13095   -1.00000   25.00000
  -1.00000    0.20000   -0.15246   -0.52174   -0.09441    0.09524    0.33333   19.40000
  -1.00000    0.20000   -0.31783   -0.57609   -0.23334   -0.07143    0.33333   20.20000
  -1.00000   -0.60000   -0.84496   -0.79348   -0.56507    0.51191    0.83333   29.90000
   1.00000   -0.60000   -0.88114   -0.92391   -0.89680    0.13095   -0.16667   33.00000
  -1.00000    0.20000   -0.18863   -0.41304    0.03034    0.09524    0.33333   20.50000
  -1.00000   -0.60000   -0.77261   -0.54348   -0.41764    0.26190    1.00000   27.00000
  -1.00000   -0.60000   -0.54522   -0.50000   -0.44882   -0.22619    1.00000   26.00000
  -1.00000   -0.60000   -0.62791   -0.54348   -0.28721    0.20238    0.66667   26.40000
   0.00000   -0.60000   -0.81395   -0.46739   -0.56790    0.13095   -1.00000   25.00000
  -1.00000    0.20000   -0.32816   -0.46739   -0.26793   -0.04762   -0.50000   23.00000
  -1.00000   -0.60000   -0.62791   -0.68478   -0.47321    0.07143   -0.33333   25.00000
   1.00000   -0.60000   -0.91215   -0.79348   -0.79473    0.35714    0.83333   37.00000
  -1.00000    1.00000    0.29199    0.13043    0.31954   -0.38095    0.00000   13.00000
