 365.00000  342.00000   38.00000    0.00000  228.00000    0.00000  932.00000  670.00000   56.14196
  28.00000  153.00000  102.00000    0.00000  192.00000    0.00000  888.00000  943.10000   17.96430
  28.00000  252.50000    0.00000    0.00000  185.70000    0.00000 1111.60000  784.30000   19.76521
  14.00000  178.03000  129.80000  118.60000  179.94000    3.57000 1007.30000  746.80000   34.23938
   3.00000  167.00000   75.40000  167.00000  164.03000    7.91000 1007.30000  770.10000   15.52010
   7.00000  220.80000  147.20000    0.00000  185.70000    0.00000 1055.00000  744.30000   13.08901
 120.00000  310.00000    0.00000    0.00000  192.00000    0.00000 1012.00000  830.00000   38.70029
 365.00000  254.00000    0.00000    0.00000  198.00000    0.00000  968.00000  863.00000   29.78536
 100.00000  190.68000    0.00000  125.40000  162.14000    7.77000 1090.00000  804.01000   40.56877
   3.00000  362.60000  189.00000    0.00000  164.90000   11.60000  944.70000  755.80000   35.30117
  28.00000  281.00000    0.00000    0.00000  185.00000    0.00000 1104.00000  774.00000   22.43555
  28.00000  155.20000  183.90000  143.20000  193.80000    9.20000  879.60000  698.50000   28.99109
  28.00000  525.00000    0.00000    0.00000  189.00000    0.00000 1125.00000  613.00000   55.94408
  28.00000  520.00000    0.00000    0.00000  170.00000    5.20000  855.00000  855.00000   60.28089
   7.00000  305.30000  203.50000    0.00000  203.50000    0.00000  965.40000  631.00000   25.89396
  28.00000  139.60000  209.40000    0.00000  192.00000    0.00000 1047.00000  806.90000   28.23749
  56.00000  218.85000    0.00000  124.13000  158.49000   11.33000 1078.70000  794.91000   37.26618
 180.00000  307.00000    0.00000    0.00000  193.00000    0.00000  968.00000  812.00000   34.48759
  28.00000  322.00000  149.00000    0.00000  186.00000    8.00000  951.00000  709.00000   52.42086
  28.00000  469.00000  117.20000    0.00000  137.80000   32.20000  852.10000  840.50000   66.89986
  28.00000  134.70000    0.00000  165.70000  180.20000   10.00000  961.00000  804.90000   13.29379
 100.00000  167.35000  129.90000  128.62000  175.46000    7.79000 1006.30000  746.60000   53.65502
  56.00000  165.00000  128.50000  132.10000  175.06000    8.08000 1005.80000  746.60000   53.72397
  90.00000  480.00000    0.00000    0.00000  192.00000    0.00000  936.20000  712.20000   54.31554
  28.00000  475.00000    0.00000    0.00000  162.00000    9.50000 1044.00000  662.00000   58.52272
  28.00000  330.50000  169.60000    0.00000  194.90000    8.10000  811.00000  802.30000   56.61908
  28.00000  234.00000  156.00000    0.00000  189.00000    5.85000  981.00000  760.00000   39.30013
   3.00000  231.75000    0.00000  121.62000  173.96000    6.72000 1056.40000  778.45000   15.43737
  14.00000  213.76000   98.06000   24.52000  181.74000    6.65000 1066.00000  785.52000   17.83674
  28.00000  491.00000   26.00000  123.00000  210.00000    3.93000  882.00000  699.00000   55.55108
  28.00000  313.30000    0.00000  113.00000  178.50000    8.00000 1001.90000  688.70000   36.80492
  28.00000  275.07000    0.00000  121.35000  159.48000    9.90000 1053.60000  777.50000   51.33149
  28.00000  261.90000  110.50000   86.10000  195.40000    5.00000  895.20000  732.60000   33.71882
 100.00000  246.83000    0.00000  125.08000  143.30000   11.99000 1086.80000  800.89000   66.42412
 100.00000  238.05000    0.00000   94.11000  186.66000    7.00000  949.91000  847.01000   44.29883
   3.00000  379.50000  151.20000    0.00000  153.90000   15.90000 1134.30000  605.00000   28.59946
  90.00000  190.00000  190.00000    0.00000  228.00000    0.00000  932.00000  670.00000   42.32693
   3.00000  446.00000   24.00000   79.00000  162.00000   11.64000  967.00000  712.00000   25.02108
  90.00000  237.50000  237.50000    0.00000  228.00000    0.00000  932.00000  594.00000   33.11691
  28.00000  164.20000    0.00000  200.10000  181.20000   12.60000  849.30000  846.00000   15.09125
  28.00000  233.81000    0.00000   94.58000  197.89000    4.56700  947.04000  852.16000   22.83545
  28.00000  366.00000  187.00000    0.00000  191.00000    7.00000  824.00000  757.00000   65.90701
  14.00000  251.81000    0.00000   99.94000  146.14000   12.35000 1006.00000  899.76000   33.35685
  28.00000  238.20000  158.80000    0.00000  185.70000    0.00000 1040.60000  734.30000   26.91370
  14.00000  236.00000    0.00000    0.00000  194.00000    0.00000  968.00000  885.00000   12.83804
  28.00000  298.10000    0.00000  107.00000  186.40000    6.10000  879.00000  815.20000   42.64409
   3.00000  375.00000   93.80000    0.00000  126.60000   23.40000  852.10000  992.60000   28.99936
   3.00000  250.20000  166.80000    0.00000  203.50000    0.00000  977.60000  694.10000    9.73126
 100.00000  297.16000    0.00000  117.54000  174.80000    9.52000 1022.80000  753.45000   56.74387
  28.00000  304.80000    0.00000   99.60000  196.00000    9.80000  959.40000  705.20000   30.12321
  28.00000  540.00000    0.00000    0.00000  173.00000    0.00000 1125.00000  613.00000   67.30665
 100.00000  167.95000   42.08000  163.83000  121.75000    5.72000 1058.70000  780.11000   39.23118
   3.00000  203.50000  305.30000    0.00000  203.50000    0.00000  963.40000  630.00000    9.56165
  28.00000  296.00000    0.00000    0.00000  186.00000    0.00000 1090.00000  769.00000   25.17966
  28.00000  259.90000  100.60000   78.40000  170.60000   10.40000  935.70000  762.90000   49.77327
   7.00000  238.10000    0.00000    0.00000  185.70000    0.00000 1118.80000  789.30000   10.33593
 365.00000  266.00000  114.00000    0.00000  228.00000    0.00000  932.00000  670.00000   52.90832
  56.00000  251.37000    0.00000  118.27000  188.45000    6.35000 1028.40000  757.73000   36.63875
  56.00000  168.88000   42.22000  124.25000  158.33000   10.83000 1080.80000  796.15000   39.14845
   3.00000  385.00000    0.00000    0.00000  186.00000    0.00000  966.00000  763.00000   14.69963
  28.00000  276.00000  116.00000   90.00000  180.00000    9.00000  870.00000  768.00000   44.27815
 270.00000  190.00000  190.00000    0.00000  228.00000    0.00000  932.00000  670.00000   50.65511
  91.00000  374.00000  189.20000    0.00000  170.10000   10.10000  926.10000  756.70000   64.90038
   3.00000  401.80000   94.70000    0.00000  147.40000   11.40000  946.80000  852.10000   41.09966
  28.00000  166.00000  260.00000    0.00000  183.00000   13.00000  859.00000  827.00000   37.91429
  28.00000  143.00000  169.00000  143.00000  191.00000    8.00000  967.00000  643.00000   29.72331
  28.00000  236.00000  157.00000    0.00000  192.00000    0.00000  972.60000  749.10000   32.88456
  28.00000  149.00000  139.00000  109.00000  193.00000    6.00000  892.00000  780.00000   23.69040
   7.00000  170.30000  155.50000    0.00000  185.70000    0.00000 1026.60000  724.30000   10.73031
  28.00000  155.00000    0.00000  143.00000  193.00000    9.00000 1047.00000  697.00000   12.45883
   3.00000  222.36000    0.00000   96.67000  189.29000    4.46000  967.08000  870.32000   11.57630
  56.00000  290.35000    0.00000   96.18000  168.08000    9.41000  961.18000  865.00000   45.08484
  90.00000  236.00000    0.00000    0.00000  194.00000    0.00000  968.00000  885.00000   21.94602
   3.00000  165.00000    0.02000  143.57000  163.81000    0.00000 1005.60000  900.90000   14.39626
  28.00000  388.60000   97.10000    0.00000  157.90000   12.10000  852.10000  925.70000   50.69717
 180.00000  236.00000    0.00000    0.00000  193.00000    0.00000  968.00000  885.00000   24.10408
   3.00000  153.00000  102.00000    0.00000  192.00000    0.00000  888.00000  943.10000    4.78221
   7.00000  202.00000   11.00000  141.00000  206.00000    1.72000  942.00000  801.00000   15.06998
  28.00000  355.00000   19.00000   97.00000  145.00000   12.25000  967.00000  871.00000   55.45455
 270.00000  332.50000  142.50000    0.00000  228.00000    0.00000  932.00000  594.00000   40.26954
  56.00000  275.07000    0.00000  121.35000  159.48000    9.90000 1053.60000  777.50000   56.84730
  28.00000  339.00000    0.00000    0.00000  185.00000    0.00000 1060.00000  754.00000   31.64695
  28.00000  151.60000    0.00000  111.90000  184.40000    7.90000  992.00000  815.90000   12.18097
  28.00000  132.00000  207.00000  161.00000  179.00000    5.00000  867.00000  736.00000   33.30169
  28.00000  116.00000  173.00000    0.00000  192.00000    0.00000  909.80000  891.90000   22.34799
  90.00000  380.00000    0.00000    0.00000  228.00000    0.00000  932.00000  670.00000   52.90832
 100.00000  222.36000    0.00000   96.67000  189.29000    4.46000  967.08000  870.32000   40.71356
  28.00000  213.72000   98.05000   24.51000  181.71000    6.86000 1065.80000  785.38000   45.70536
 100.00000  212.52000    0.00000  100.37000  159.32000    8.71000 1007.80000  903.59000   42.91988
  91.00000  362.60000  189.00000    0.00000  164.90000   11.60000  944.70000  755.80000   79.29663
 100.00000  165.00000  128.50000  132.10000  175.06000    8.08000 1005.80000  746.60000   55.02018
 360.00000  349.00000    0.00000    0.00000  192.00000    0.00000 1047.00000  806.00000   42.12698
   3.00000  388.60000   97.10000    0.00000  157.90000   12.10000  852.10000  925.70000   28.09615
  28.00000  339.00000    0.00000    0.00000  197.00000    0.00000  968.00000  781.00000   32.03995
   3.00000  277.19000   97.82000   24.46000  160.70000   11.19000 1061.70000  782.46000   30.44726
  28.00000  313.00000  145.00000    0.00000  127.00000    8.00000 1000.00000  822.00000   44.51947
 180.00000  342.00000   38.00000    0.00000  228.00000    0.00000  932.00000  670.00000   52.12439
 270.00000  500.00000    0.00000    0.00000  200.00000    0.00000 1125.00000  613.00000   55.15808
  56.00000  362.60000  189.00000    0.00000  164.90000   11.60000  944.70000  755.80000   77.29715
  14.00000  231.75000    0.00000  121.62000  173.96000    6.72000 1056.40000  778.45000   26.77235
   3.00000  236.00000  157.00000    0.00000  192.00000    0.00000  972.60000  749.10000   13.56544
   7.00000  102.00000  153.00000    0.00000  192.00000    0.00000  887.00000  942.00000    7.67594
   7.00000  193.50000  290.20000    0.00000  185.70000    0.00000  998.20000  704.30000   17.20036
   7.00000  337.90000  189.00000    0.00000  174.90000    9.50000  944.70000  755.80000   35.10122
   7.00000  401.80000   94.70000    0.00000  147.40000   11.40000  946.80000  852.10000   54.09629
 180.00000  266.00000  114.00000    0.00000  228.00000    0.00000  932.00000  670.00000   48.69562
   3.00000  213.50000    0.00000  174.24000  159.21000   11.66000 1043.60000  771.90000   15.60974
  14.00000  194.68000    0.00000  100.52000  170.17000    7.48000  998.00000  901.80000   24.28334
   7.00000  236.00000  157.00000    0.00000  192.00000    0.00000  972.60000  749.10000   20.41607
  28.00000  277.00000    0.00000    0.00000  191.00000    0.00000  968.00000  856.00000   25.96567
  28.00000  287.00000  121.00000   94.00000  188.00000    9.00000  904.00000  696.00000   41.94083
  28.00000  225.00000    0.00000    0.00000  181.00000    0.00000 1113.00000  833.00000   17.34032
  28.00000  312.70000  144.70000    0.00000  127.30000    8.00000  999.70000  822.20000   44.52360
 365.00000  307.00000    0.00000    0.00000  193.00000    0.00000  968.00000  812.00000   36.14923
 100.00000  213.74000    0.00000  174.74000  154.79000   10.16000 1053.50000  776.35000   50.07664
  91.00000  313.30000  262.20000    0.00000  175.50000    8.60000 1046.90000  611.80000   66.59649
  28.00000  337.90000  189.00000    0.00000  174.90000    9.50000  944.70000  755.80000   49.89738
 120.00000  349.00000    0.00000    0.00000  192.00000    0.00000 1056.00000  809.00000   40.85835
  14.00000  181.38000    0.00000  167.01000  169.59000    7.56000 1055.60000  777.80000   21.60128
  56.00000  359.00000   19.00000  141.00000  154.00000   10.91000  942.00000  801.00000   66.78068
 120.00000  331.00000    0.00000    0.00000  192.00000    0.00000 1025.00000  821.00000   39.38287
  28.00000  139.90000  132.60000  103.30000  200.30000    7.40000  916.00000  753.40000   36.44363
  28.00000  154.00000  144.00000  112.00000  220.00000   10.00000  923.00000  658.00000   16.49916
  28.00000  154.80000    0.00000  142.80000  193.30000    9.10000  877.20000  867.70000    9.73816
  14.00000  500.00000    0.00000    0.00000  200.00000    0.00000 1125.00000  613.00000   36.93523
   3.00000  181.38000    0.00000  167.01000  169.59000    7.56000 1055.60000  777.80000   13.62405
  56.00000  213.76000   98.06000   24.52000  181.74000    6.65000 1066.00000  785.52000   47.13258
  28.00000  239.60000  359.40000    0.00000  185.70000    0.00000  941.60000  664.30000   39.43527
  56.00000  251.81000    0.00000   99.94000  146.14000   12.35000 1006.00000  899.76000   44.14025
 100.00000  181.38000    0.00000  167.01000  169.59000    7.56000 1055.60000  777.80000   45.36752
  28.00000  222.36000    0.00000   96.67000  189.29000    4.46000  967.08000  870.32000   24.89008
   7.00000  393.00000    0.00000    0.00000  192.00000    0.00000  940.60000  785.60000   27.74245
 180.00000  254.00000    0.00000    0.00000  198.00000    0.00000  968.00000  863.00000   27.62730
   3.00000  349.00000    0.00000    0.00000  192.00000    0.00000 1047.00000  806.90000   15.04919
  28.00000  182.04000   45.21000  121.97000  170.21000    8.19000 1059.40000  780.65000   31.26774
  28.00000  122.60000  183.90000    0.00000  203.50000    0.00000  958.20000  800.10000   24.29093
   3.00000  194.68000    0.00000  100.52000  170.17000    7.48000  998.00000  901.80000   12.17615
  14.00000  168.88000   42.22000  124.25000  158.33000   10.83000 1080.80000  796.15000   23.51113
  28.00000  203.50000  305.30000    0.00000  203.50000    0.00000  963.40000  630.00000   41.68434
  14.00000  295.71000    0.00000   95.64000  171.54000    8.87000  955.14000  859.20000   35.23222
   3.00000  192.00000  288.00000    0.00000  192.00000    0.00000  929.80000  716.10000   12.78840
  28.00000  148.10000    0.00000  136.60000  158.10000   16.10000 1001.80000  830.10000   17.95947
   7.00000  400.00000    0.00000    0.00000  187.00000    0.00000 1025.00000  745.00000   30.14389
  91.00000  469.00000  117.20000    0.00000  137.80000   32.20000  852.10000  840.50000   70.69887
  28.00000  133.10000  210.20000    0.00000  195.70000    3.10000  949.40000  795.30000   28.93800
  28.00000  178.03000  129.80000  118.60000  179.94000    3.57000 1007.30000  746.80000   39.16224
  28.00000  326.50000    0.00000  137.90000  199.00000   10.80000  801.10000  792.50000   38.63065
  28.00000  331.00000    0.00000    0.00000  192.00000    0.00000  978.00000  825.00000   31.44700
  28.00000  277.00000  116.80000   91.00000  190.60000    7.00000  946.50000  665.60000   43.57833
  14.00000  246.83000    0.00000  125.08000  143.30000   11.99000 1086.80000  800.89000   42.21662
  28.00000  480.00000    0.00000    0.00000  192.00000    0.00000  936.20000  712.20000   43.94237
   7.00000  255.00000    0.00000    0.00000  192.00000    0.00000  889.80000  945.00000   10.22217
 360.00000  277.00000    0.00000    0.00000  191.00000    0.00000  968.00000  856.00000   33.70159
  56.00000  251.37000    0.00000  118.27000  192.94000    5.75000 1043.60000  754.30000   39.26566
  28.00000  295.71000    0.00000   95.64000  171.54000    8.87000  955.14000  859.20000   39.94134
   1.00000  500.00000    0.00000    0.00000  200.00000    0.00000 1125.00000  613.00000   12.63810
   7.00000  362.60000  189.00000    0.00000  164.90000   11.60000  944.70000  755.80000   55.89582
   3.00000  250.00000    0.00000   95.69000  191.84000    5.33000  948.90000  857.20000    8.48745
 180.00000  427.50000   47.50000    0.00000  228.00000    0.00000  932.00000  594.00000   41.83671
  28.00000  322.20000    0.00000  115.60000  196.00000   10.40000  817.90000  813.40000   31.17879
  28.00000  236.90000   91.70000   71.50000  246.90000    6.00000  852.90000  695.40000   28.62980
   7.00000  382.00000    0.00000    0.00000  186.00000    0.00000 1047.00000  739.00000   24.00066
  90.00000  236.00000  157.00000    0.00000  192.00000    0.00000  972.60000  749.10000   47.78207
  28.00000  313.00000    0.00000  113.00000  178.00000    8.00000 1002.00000  689.00000   36.80423
  28.00000  520.00000    0.00000    0.00000  175.00000    5.20000  870.00000  805.00000   51.02122
  28.00000  212.52000    0.00000  100.37000  159.32000    8.71000 1007.80000  903.59000   31.64005
   3.00000  250.00000    0.00000   95.69000  187.42000    5.53000  956.86000  861.17000   13.81710
   7.00000  350.00000    0.00000    0.00000  203.00000    0.00000  974.00000  775.00000   18.12632
  56.00000  277.05000    0.00000   97.39000  160.60000   11.83000  973.90000  875.61000   51.03501
  28.00000  325.00000    0.00000    0.00000  184.00000    0.00000 1063.00000  783.00000   30.57137
 100.00000  251.37000    0.00000  118.27000  192.94000    5.75000 1043.60000  754.30000   40.14819
  28.00000  500.00000    0.00000    0.00000  200.00000    0.00000 1125.00000  613.00000   44.09199
 100.00000  212.00000    0.00000  124.78000  159.00000    7.84000 1085.40000  799.54000   47.81516
  28.00000  313.30000  262.20000    0.00000  175.50000    8.60000 1046.90000  611.80000   59.79825
  90.00000  475.00000    0.00000    0.00000  228.00000    0.00000  932.00000  594.00000   42.22903
   7.00000  183.90000  122.60000    0.00000  203.50000    0.00000  959.20000  800.00000   10.78754
  28.00000  238.05000    0.00000   94.11000  186.66000    7.00000  949.91000  847.01000   30.23352
  91.00000  318.80000  212.50000    0.00000  155.70000   14.30000  852.10000  880.40000   68.09954
  56.00000  475.00000  118.80000    0.00000  181.10000    8.90000  852.10000  781.50000   72.29845
   3.00000  339.00000    0.00000    0.00000  197.00000    0.00000  968.00000  781.00000   13.22415
  28.00000  202.00000   11.00000  141.00000  206.00000    1.72000  942.00000  801.00000   21.96671
   3.00000  212.57000    0.00000  100.39000  159.35000   10.37000 1003.80000  903.79000   13.33447
  28.00000  275.00000    0.00000    0.00000  183.00000    0.00000 1088.00000  808.00000   24.49708
  28.00000  166.80000  250.20000    0.00000  203.50000    0.00000  975.60000  692.60000   33.94773
  28.00000  151.80000  178.10000  138.70000  167.50000   18.30000  944.00000  694.60000   36.34986
   7.00000  500.00000    0.00000    0.00000  200.00000    0.00000 1125.00000  613.00000   33.21206
   7.00000  381.40000    0.00000    0.00000  185.70000    0.00000 1104.60000  784.30000   14.54105
  28.00000  153.00000  145.00000  113.00000  178.00000    8.00000 1002.00000  689.00000   25.55888
   3.00000  212.00000    0.00000  124.78000  159.00000    7.84000 1085.40000  799.54000   19.51907
  56.00000  213.50000    0.00000  174.24000  154.61000   11.66000 1052.30000  775.48000   51.43491
   7.00000  228.00000  342.10000    0.00000  185.70000    0.00000  955.80000  674.30000   21.91706
  28.00000  295.00000    0.00000    0.00000  185.00000    0.00000 1069.00000  769.00000   25.17966
   1.00000  385.00000    0.00000    0.00000  186.00000    0.00000  966.00000  763.00000    6.26734
  28.00000  167.95000   42.08000  163.83000  121.75000    5.72000 1058.70000  780.11000   24.24198
 180.00000  332.50000  142.50000    0.00000  228.00000    0.00000  932.00000  594.00000   39.77932
  28.00000  289.00000  134.00000    0.00000  195.00000    6.00000  924.00000  760.00000   46.24316
  28.00000  310.00000  143.00000  111.00000  168.00000   22.00000  914.00000  651.00000   33.68780
 365.00000  339.00000    0.00000    0.00000  197.00000    0.00000  968.00000  781.00000   38.89334
  56.00000  424.00000   22.00000  132.00000  178.00000    8.48000  822.00000  750.00000   65.69721
 100.00000  213.50000    0.00000  174.24000  159.21000   11.66000 1043.60000  771.90000   52.95865
  56.00000  167.35000  129.90000  128.62000  175.46000    7.79000 1006.30000  746.60000   51.72449
  28.00000  213.50000    0.00000  174.24000  159.21000   11.66000 1043.60000  771.90000   44.63668
  28.00000  397.00000    0.00000    0.00000  185.00000    0.00000 1040.00000  734.00000   39.09329
  28.00000  157.00000  214.00000  152.00000  200.00000    9.00000  819.00000  704.00000   33.05348
  28.00000  135.00000  105.00000  193.00000  196.00000    6.00000  965.00000  643.00000   21.91155
  28.00000  297.16000    0.00000  117.54000  174.80000    9.52000 1022.80000  753.45000   47.40147
  28.00000  146.00000  230.00000    0.00000  202.00000    3.00000  827.00000  872.00000   33.06037
  28.00000  313.00000  145.00000    0.00000  178.00000    8.00000 1002.00000  689.00000   41.05140
  28.00000  156.00000  243.00000    0.00000  180.00000   11.00000 1022.00000  698.00000   37.36270
   3.00000  173.54000   50.05000  173.53000  164.77000    6.47000 1006.20000  793.50000   23.07676
  14.00000  251.37000    0.00000  118.27000  192.94000    5.75000 1043.60000  754.30000   20.72565
   7.00000  397.00000    0.00000    0.00000  185.70000    0.00000 1040.60000  734.30000   25.44787
  28.00000  165.00000    0.02000  143.57000  163.81000    0.00000 1005.60000  900.90000   26.20009
   3.00000  233.81000    0.00000   94.58000  197.89000    4.56700  947.04000  852.16000   10.38351
 180.00000  310.00000    0.00000    0.00000  192.00000    0.00000  970.00000  850.00000   37.32823
  56.00000  246.83000    0.00000  125.08000  143.30000   11.99000 1086.80000  800.89000   60.32226
  90.00000  141.30000  212.00000    0.00000  203.50000    0.00000  971.80000  748.50000   39.66211
  56.00000  425.00000  106.30000    0.00000  151.40000   18.60000  936.00000  803.70000   64.90038
  56.00000  323.70000  282.80000    0.00000  183.80000   10.30000  942.70000  659.90000   80.19985
   3.00000  425.00000  106.30000    0.00000  153.50000   16.50000  852.10000  887.10000   33.39822
  28.00000  166.09000    0.00000  163.27000  176.46000    4.49000 1058.60000  780.09000   21.53923
   3.00000  213.74000    0.00000  174.74000  154.79000   10.16000 1053.50000  776.35000   17.57474
  28.00000  251.37000    0.00000  118.27000  188.45000    5.75000 1028.40000  757.73000   29.65436
  28.00000  251.37000    0.00000  118.27000  192.94000    5.75000 1043.60000  754.30000   33.27411
  56.00000  277.19000   97.82000   24.46000  160.70000   11.19000 1061.70000  782.46000   66.82401
  28.00000  173.00000  116.00000    0.00000  192.00000    0.00000  946.80000  856.80000   24.28197
  28.00000  143.80000  136.30000  106.20000  178.10000    7.50000  941.50000  774.30000   26.14769
  28.00000  310.00000  142.80000    0.00000  167.90000   10.00000  914.30000  804.00000   45.30478
  28.00000  156.00000  178.00000  187.00000  221.00000    7.00000  854.00000  614.00000   29.41305
   7.00000  480.00000    0.00000    0.00000  192.00000    0.00000  936.20000  712.20000   34.56964
  28.00000  203.50000  135.70000    0.00000  185.70000    0.00000 1076.20000  759.30000   22.62998
   7.00000  313.30000  262.20000    0.00000  175.50000    8.60000 1046.90000  611.80000   42.79578
  56.00000  469.00000  117.20000    0.00000  137.80000   32.20000  852.10000  840.50000   69.29923
   7.00000  316.10000  210.70000    0.00000  185.70000    0.00000  977.00000  689.30000   24.43779
  28.00000  350.00000    0.00000    0.00000  186.00000    0.00000 1050.00000  770.00000   34.29454
 100.00000  229.68000    0.00000  118.16000  195.23000    6.13000 1028.10000  757.63000   40.85835
  56.00000  181.38000    0.00000  167.01000  169.59000    7.56000 1055.60000  777.80000   35.57007
  90.00000  288.00000  192.00000    0.00000  192.00000    0.00000  932.00000  717.80000   50.52687
  28.00000  289.00000  133.70000    0.00000  194.90000    5.50000  924.10000  760.10000   46.24729
  28.00000  218.23000   54.64000  123.78000  140.75000   11.91000 1075.70000  792.67000   55.50971
  28.00000  164.00000    0.00000  200.00000  181.00000   13.00000  849.00000  846.00000   15.08573
  14.00000  290.35000    0.00000   96.18000  168.08000    9.41000  961.18000  865.00000   34.67375
  56.00000  190.34000    0.00000  125.18000  161.85000    9.88000 1088.10000  802.59000   38.56239
 360.00000  310.00000    0.00000    0.00000  192.00000    0.00000  970.00000  850.00000   38.11423
   3.00000  387.00000   20.00000   94.00000  157.00000   13.93000  938.00000  845.00000   25.51061
   3.00000  359.00000   19.00000  141.00000  154.00000   10.91000  942.00000  801.00000   23.63918
  28.00000  266.00000  114.00000    0.00000  228.00000    0.00000  932.00000  670.00000   45.85429
 180.00000  322.00000    0.00000    0.00000  203.00000    0.00000  974.00000  800.00000   29.58542
  14.00000  251.37000    0.00000  118.27000  188.45000    6.35000 1028.40000  757.73000   24.42813
  28.00000  193.50000  290.20000    0.00000  185.70000    0.00000  998.20000  704.30000   32.62669
  28.00000  303.60000  139.90000    0.00000  213.50000    6.20000  895.50000  722.50000   33.41959
  14.00000  250.00000    0.00000   95.69000  191.84000    5.33000  948.90000  857.20000   24.65566
 360.00000  331.00000    0.00000    0.00000  192.00000    0.00000  978.00000  825.00000   41.24445
  28.00000  381.40000    0.00000    0.00000  185.70000    0.00000 1104.60000  784.30000   22.48933
   3.00000  173.00000  116.00000    0.00000  192.00000    0.00000  946.80000  856.80000    6.94095
   7.00000  531.30000    0.00000    0.00000  141.80000   28.20000  852.10000  893.70000   46.89816
  56.00000  178.03000  129.80000  118.60000  179.94000    3.57000 1007.30000  746.80000   48.58737
  28.00000  307.00000    0.00000    0.00000  193.00000    0.00000  968.00000  812.00000   27.53078
  28.00000  280.00000  129.00000  100.00000  172.00000    9.00000  825.00000  805.00000   52.82076
  28.00000  272.80000  105.10000   81.80000  209.70000    9.00000  904.00000  679.70000   37.17103
 180.00000  540.00000    0.00000    0.00000  173.00000    0.00000 1125.00000  613.00000   71.62277
  28.00000  516.00000    0.00000    0.00000  162.00000    8.20000  801.00000  802.00000   41.36856
   3.00000  251.81000    0.00000   99.94000  146.14000   12.35000 1006.00000  899.76000   21.02212
  90.00000  108.30000  162.40000    0.00000  203.50000    0.00000  938.20000  849.00000   29.23171
  56.00000  379.50000  151.20000    0.00000  153.90000   15.90000 1134.30000  605.00000   54.89608
   3.00000  290.35000    0.00000   96.18000  168.08000    9.41000  961.18000  865.00000   22.50450
  14.00000  275.07000    0.00000  121.35000  159.48000    9.90000 1053.60000  777.50000   38.76924
 100.00000  231.75000    0.00000  121.62000  173.96000    6.72000 1056.40000  778.45000   45.83636
  28.00000  251.81000    0.00000   99.94000  146.14000   12.35000 1006.00000  899.76000   33.94290
  56.00000  233.81000    0.00000   94.58000  197.89000    4.56700  947.04000  852.16000   27.66178
   3.00000  491.00000   26.00000  123.00000  210.00000    3.93000  882.00000  699.00000   25.60911
  56.00000  252.31000    0.00000   98.75000  146.25000   14.17000  987.76000  889.01000   55.82687
  28.00000  255.50000  170.30000    0.00000  185.70000    0.00000 1026.60000  724.30000   32.05167
  56.00000  213.72000   98.05000   24.51000  181.71000    6.86000 1065.80000  785.38000   50.77301
   7.00000  424.00000   22.00000  132.00000  168.00000    8.92000  822.00000  750.00000   40.28510
  14.00000  250.00000    0.00000   95.69000  187.42000    5.53000  956.86000  861.17000   24.91766
  28.00000  260.90000  100.50000   78.30000  200.60000    8.60000  864.50000  761.50000   32.40124
  56.00000  401.80000   94.70000    0.00000  147.40000   11.40000  946.80000  852.10000   73.69809
  90.00000  203.50000  305.30000    0.00000  203.50000    0.00000  963.40000  630.00000   51.86376
  28.00000  144.80000    0.00000  133.60000  180.80000   11.10000  979.50000  811.50000   13.20209
  28.00000  264.50000  111.00000   86.50000  195.50000    5.90000  832.60000  790.40000   41.54231
 270.00000  475.00000    0.00000    0.00000  228.00000    0.00000  932.00000  594.00000   42.13112
   7.00000  332.50000  142.50000    0.00000  228.00000    0.00000  932.00000  594.00000   30.27558
   3.00000  198.60000  132.40000    0.00000  192.00000    0.00000  978.40000  825.50000    9.13142
  28.00000  136.00000  196.00000   98.00000  199.00000    6.00000  847.00000  783.00000   26.96541
   7.00000  198.60000  132.40000    0.00000  192.00000    0.00000  978.40000  825.50000   14.63826
   3.00000  318.80000  212.50000    0.00000  155.70000   14.30000  852.10000  880.40000   25.20035
   3.00000  182.04000   45.21000  121.97000  170.21000    8.19000 1059.40000  780.65000    7.31534
  28.00000  279.80000  128.90000  100.40000  172.40000    9.50000  825.10000  804.90000   52.82696
   3.00000  251.37000    0.00000  118.27000  188.45000    5.75000 1028.40000  757.73000   17.22311
  28.00000  158.80000  238.20000    0.00000  185.70000    0.00000 1040.60000  734.30000   21.06625
  28.00000  475.00000  118.80000    0.00000  181.10000    8.90000  852.10000  781.50000   68.29949
  28.00000  397.00000    0.00000    0.00000  185.70000    0.00000 1040.60000  734.30000   33.08244
  14.00000  238.05000    0.00000   94.11000  186.66000    7.00000  949.91000  847.01000   25.68988
  28.00000  252.10000   97.10000   75.60000  193.80000    8.30000  835.50000  821.40000   33.39960
  28.00000  144.00000    0.00000  175.00000  158.00000   18.00000  943.00000  844.00000   15.41668
  28.00000  145.00000    0.00000  134.00000  181.00000   11.00000  979.00000  812.00000   13.19657
  28.00000  397.00000    0.00000    0.00000  186.00000    0.00000 1040.00000  734.00000   36.93523
  28.00000  425.00000  106.30000    0.00000  153.50000   16.50000  852.10000  887.10000   60.29468
  28.00000  385.00000    0.00000  136.00000  158.00000   20.00000  903.00000  768.00000   55.55108
  28.00000  165.00000    0.00000  150.00000  182.00000   12.00000 1023.00000  729.00000   18.02980
   7.00000  252.00000    0.00000    0.00000  186.00000    0.00000 1111.00000  784.00000   11.46599
  56.00000  229.97000    0.00000  118.31000  195.47000    4.63000 1029.40000  758.59000   31.53663
 180.00000  198.60000  132.40000    0.00000  192.00000    0.00000  978.40000  825.50000   41.71950
  28.00000  135.00000    0.00000  166.00000  180.00000   10.00000  961.00000  805.00000   13.29310
  56.00000  362.60000  189.00000    0.00000  164.90000   11.60000  944.70000  755.80000   77.29715
  28.00000  540.00000    0.00000    0.00000  162.00000    2.50000 1055.00000  676.00000   61.88737
   7.00000  387.00000   20.00000   94.00000  157.00000   14.32000  938.00000  845.00000   36.83870
  56.00000  212.52000    0.00000  100.37000  159.32000    8.71000 1007.80000  903.59000   42.54756
  56.00000  213.50000    0.00000  174.24000  159.21000   11.66000 1043.60000  771.90000   51.25565
  28.00000  173.54000   50.05000  173.53000  164.77000    6.47000 1006.20000  793.50000   38.20387
   3.00000  362.60000  189.00000    0.00000  164.90000   11.60000  944.70000  755.80000   35.30117
  28.00000  250.00000    0.00000   95.69000  191.84000    5.33000  948.90000  857.20000   27.22051
   7.00000  469.00000  117.20000    0.00000  137.80000   32.20000  852.10000  840.50000   54.89608
  14.00000  165.00000    0.02000  143.57000  163.81000    0.00000 1005.60000  900.90000   16.87837
  90.00000  331.00000    0.00000    0.00000  192.00000    0.00000  978.00000  825.00000   37.23170
   7.00000  250.20000  166.80000    0.00000  203.50000    0.00000  977.60000  694.10000   19.35014
   3.00000  376.00000    0.00000    0.00000  214.60000    0.00000 1003.50000  762.36000   16.27853
  28.00000  141.90000  166.60000  129.70000  173.50000   10.90000  882.60000  785.30000   44.61186
   3.00000  214.90000   53.80000  121.89000  155.63000    9.61000 1014.30000  780.58000   18.01601
  28.00000  272.60000    0.00000   89.60000  198.70000   10.60000  931.30000  762.20000   32.24541
   7.00000  275.00000    0.00000    0.00000  183.00000    0.00000 1088.00000  808.00000   14.20321
  56.00000  374.00000  189.20000    0.00000  170.10000   10.10000  926.10000  756.70000   63.39732
  14.00000  229.97000    0.00000  118.31000  195.47000    4.63000 1029.40000  758.59000   20.08444
  28.00000  362.60000  189.00000    0.00000  164.90000   11.60000  944.70000  755.80000   71.29871
   7.00000  380.00000   95.00000    0.00000  228.00000    0.00000  932.00000  594.00000   32.82319
  28.00000  142.00000  167.00000  130.00000  174.00000   11.00000  883.00000  785.00000   44.60910
  28.00000  152.70000  144.70000    0.00000  178.10000    8.00000  999.70000  822.20000   19.00954
  28.00000  325.60000  166.40000    0.00000  174.00000    8.90000  881.60000  790.00000   61.23581
  28.00000  285.00000  190.00000    0.00000  163.00000    7.60000 1031.00000  685.00000   53.57918
   3.00000  349.00000    0.00000    0.00000  192.00000    0.00000 1047.00000  806.00000   14.98921
  56.00000  350.00000    0.00000    0.00000  203.00000    0.00000  974.00000  775.00000   29.97842
  56.00000  194.68000    0.00000  100.52000  165.62000    7.48000 1006.40000  905.90000   33.96359
  28.00000  160.20000  188.00000  146.40000  203.20000   11.30000  828.70000  709.70000   35.31427
  28.00000  334.00000   17.60000  158.00000  189.00000   15.30000  967.00000  633.00000   44.32641
  14.00000  165.00000  128.50000  132.10000  175.06000    8.08000 1005.80000  746.60000   33.08795
  56.00000  173.81000   93.37000  159.90000  172.34000    9.73000 1007.20000  746.60000   48.98727
  14.00000  339.00000    0.00000    0.00000  197.00000    0.00000  968.00000  781.00000   27.04125
  28.00000  299.80000    0.00000  119.80000  211.50000    9.90000  878.20000  727.60000   23.83587
   7.00000  122.60000  183.90000    0.00000  203.50000    0.00000  958.20000  800.10000   10.35455
  28.00000  153.60000  144.20000  112.30000  220.10000   10.10000  923.20000  657.90000   16.50399
   3.00000  446.00000   24.00000   79.00000  162.00000   11.61000  967.00000  712.00000   35.36322
   3.00000  168.88000   42.22000  124.25000  158.33000   10.83000 1080.80000  796.15000    7.39808
  28.00000  146.00000  173.00000    0.00000  182.00000    3.00000  986.00000  817.00000   23.73866
   7.00000  382.00000    0.00000    0.00000  185.00000    0.00000 1047.00000  739.00000   24.00066
   7.00000  385.00000    0.00000    0.00000  186.00000    0.00000  966.00000  763.00000   23.22155
  56.00000  190.68000    0.00000  125.40000  162.14000    7.77000 1090.00000  804.01000   35.34254
  14.00000  212.00000    0.00000  124.78000  159.00000    7.84000 1085.40000  799.54000   31.35047
   3.00000  116.00000  173.00000    0.00000  192.00000    0.00000  909.80000  891.90000    6.28044
  56.00000  425.00000  106.30000    0.00000  153.50000   16.50000  852.10000  887.10000   64.30053
   7.00000  425.00000  106.30000    0.00000  151.40000   18.60000  936.00000  803.70000   46.80163
   3.00000  297.16000    0.00000  117.54000  174.80000    9.52000 1022.80000  753.45000   21.91155
 100.00000  213.72000   98.05000   24.51000  181.71000    6.86000 1065.80000  785.38000   53.90323
   7.00000  491.00000   26.00000  123.00000  201.00000    3.93000  822.00000  699.00000   37.92118
  56.00000  194.68000    0.00000  100.52000  170.17000    7.48000  998.00000  901.80000   43.38872
   3.00000  213.72000   98.05000   24.51000  181.71000    6.86000 1065.80000  785.38000   17.99532
  28.00000  387.00000   20.00000   94.00000  157.00000   13.93000  938.00000  845.00000   46.68442
  28.00000  281.00000    0.00000    0.00000  186.00000    0.00000 1104.00000  774.00000   22.43555
  90.00000  305.30000  203.50000    0.00000  203.50000    0.00000  965.40000  631.00000   54.59891
   3.00000  251.37000    0.00000  118.27000  188.45000    6.35000 1028.40000  757.73000   13.12073
  14.00000  214.90000   53.80000  121.89000  155.63000    9.61000 1014.30000  780.58000   38.60376
  28.00000  143.60000    0.00000  174.90000  158.40000   17.90000  942.70000  844.50000   15.42358
 180.00000  380.00000    0.00000    0.00000  228.00000    0.00000  932.00000  670.00000   53.10413
  14.00000  218.85000    0.00000  124.13000  158.49000   11.33000 1078.70000  794.91000   26.04840
  28.00000  362.60000  189.00000    0.00000  164.90000   11.60000  944.70000  755.80000   71.29871
  28.00000  446.00000   24.00000   79.00000  162.00000   11.64000  967.00000  712.00000   44.42294
   7.00000  210.70000  316.10000    0.00000  185.70000    0.00000  977.00000  689.30000   21.81985
  28.00000  150.90000    0.00000  183.90000  166.60000   11.60000  991.20000  772.20000   15.56975
   7.00000  255.50000  170.30000    0.00000  185.70000    0.00000 1026.60000  724.30000   17.23621
  91.00000  388.60000   97.10000    0.00000  157.90000   12.10000  852.10000  925.70000   57.59883
   7.00000  295.00000    0.00000    0.00000  185.00000    0.00000 1069.00000  769.00000   14.79615
  56.00000  249.10000    0.00000   98.75000  158.11000   12.80000  987.76000  889.01000   42.03046
 365.00000  236.00000    0.00000    0.00000  193.00000    0.00000  968.00000  885.00000   25.08314
 100.00000  190.34000    0.00000  125.18000  166.61000    9.88000 1079.00000  798.90000   33.56369
  91.00000  286.30000  200.90000    0.00000  144.70000   11.20000 1004.60000  803.70000   76.80073
 365.00000  427.50000   47.50000    0.00000  228.00000    0.00000  932.00000  594.00000   43.69830
  28.00000  385.00000    0.00000    0.00000  186.00000    0.00000  966.00000  763.00000   31.35047
  28.00000  261.00000  100.00000   78.00000  201.00000    9.00000  864.00000  761.00000   32.39848
  14.00000  212.07000    0.00000  121.62000  180.31000    5.69000 1057.60000  779.32000   20.91870
  90.00000  254.00000    0.00000    0.00000  198.00000    0.00000  968.00000  863.00000   26.94472
  28.00000  275.00000  180.00000  120.00000  162.00000   10.35000  830.00000  765.00000   76.23536
   3.00000  133.00000  200.00000    0.00000  192.00000    0.00000  927.40000  839.20000    6.88373
 100.00000  214.90000   53.80000  121.89000  155.63000    9.61000 1014.30000  780.58000   56.63356
  56.00000  439.00000  177.00000    0.00000  186.00000   11.10000  884.90000  707.90000   71.69861
   3.00000  190.34000    0.00000  125.18000  166.61000    9.88000 1079.00000  798.90000   12.54846
  28.00000  152.00000  178.00000  139.00000  168.00000   18.00000  944.00000  695.00000   36.34917
   7.00000  203.50000  305.30000    0.00000  203.50000    0.00000  963.40000  630.00000   19.53906
  28.00000  155.00000    0.00000  143.00000  193.00000    9.00000  877.00000  868.00000    9.73540
  28.00000  380.00000   95.00000    0.00000  228.00000    0.00000  932.00000  594.00000   36.44777
 100.00000  194.68000    0.00000  100.52000  165.62000    7.48000 1006.40000  905.90000   37.34202
   3.00000  307.00000    0.00000    0.00000  193.00000    0.00000  968.00000  812.00000   12.54157
  14.00000  173.81000   93.37000  159.90000  172.34000    9.73000 1007.20000  746.60000   29.55094
   3.00000  200.00000  133.00000    0.00000  192.00000    0.00000  965.40000  806.20000   11.41428
  90.00000  331.00000    0.00000    0.00000  192.00000    0.00000 1025.00000  821.00000   37.91429
  91.00000  475.00000  118.80000    0.00000  181.10000    8.90000  852.10000  781.50000   74.19451
  28.00000  157.00000  236.00000    0.00000  192.00000    0.00000  935.40000  781.20000   33.66436
  28.00000  144.00000   15.00000  195.00000  176.00000    6.00000 1021.00000  709.00000   15.34084
  28.00000  255.00000   99.00000   77.00000  189.00000    6.00000  919.00000  749.00000   33.79811
   7.00000  362.60000  189.00000    0.00000  164.90000   11.60000  944.70000  755.80000   55.89582
  14.00000  167.95000   42.08000  163.83000  121.75000    5.72000 1058.70000  780.11000   17.82295
 365.00000  332.50000  142.50000    0.00000  228.00000    0.00000  932.00000  594.00000   41.05278
  28.00000  318.80000  212.50000    0.00000  155.70000   14.30000  852.10000  880.40000   55.49592
   3.00000  525.00000    0.00000    0.00000  189.00000    0.00000 1125.00000  613.00000   33.79811
   7.00000  238.20000  158.80000    0.00000  185.70000    0.00000 1040.60000  734.30000   15.69109
   3.00000  323.70000  282.80000    0.00000  183.80000   10.30000  942.70000  659.90000   28.29610
  28.00000  540.00000    0.00000    0.00000  162.00000    2.50000 1040.00000  676.00000   79.98611
   3.00000  202.00000   11.00000  141.00000  206.00000    1.72000  942.00000  801.00000    9.84966
  28.00000  210.70000  316.10000    0.00000  185.70000    0.00000  977.00000  689.30000   37.81362
  28.00000  427.50000   47.50000    0.00000  228.00000    0.00000  932.00000  594.00000   37.42752
  91.00000  337.90000  189.00000    0.00000  174.90000    9.50000  944.70000  755.80000   67.79618
  91.00000  389.90000  189.00000    0.00000  145.90000   22.00000  944.70000  755.80000   82.59922
  28.00000  265.00000  111.00000   86.00000  195.00000    6.00000  833.00000  790.00000   41.54093
 100.00000  167.00000   75.40000  167.00000  164.03000    7.91000 1007.30000  770.10000   56.81282
  28.00000  148.50000  139.40000  108.60000  192.70000    6.10000  892.40000  780.00000   23.69660
  28.00000  147.00000  115.00000   89.00000  202.00000    9.00000  860.00000  829.00000   19.98791
   7.00000  192.00000  288.00000    0.00000  192.00000    0.00000  929.80000  716.10000   21.48062
  28.00000  446.00000   24.00000   79.00000  162.00000   11.64000  967.00000  712.00000   51.02122
  28.00000  297.80000  137.20000  106.90000  201.30000    6.00000  878.40000  655.30000   53.52471
  28.00000  304.00000   76.00000    0.00000  228.00000    0.00000  932.00000  670.00000   47.81378
  28.00000  237.50000  237.50000    0.00000  228.00000    0.00000  932.00000  594.00000   30.07977
  90.00000  289.00000    0.00000    0.00000  192.00000    0.00000  913.20000  895.30000   32.06822
  90.00000  525.00000    0.00000    0.00000  189.00000    0.00000 1125.00000  613.00000   58.78472
   7.00000  362.60000  189.00000    0.00000  164.90000   11.60000  944.70000  755.80000   22.89750
  56.00000  387.00000   20.00000   94.00000  157.00000   11.61000  938.00000  845.00000   61.45989
  28.00000  298.20000    0.00000  107.00000  209.70000   11.10000  879.60000  744.20000   31.87516
  28.00000  326.00000    0.00000  138.00000  199.00000   11.00000  801.00000  792.00000   40.67908
  90.00000  157.00000  236.00000    0.00000  192.00000    0.00000  935.40000  781.20000   43.37700
   7.00000  331.00000    0.00000    0.00000  192.00000    0.00000  978.00000  825.00000   16.26474
  28.00000  153.10000  145.00000  113.00000  178.50000    8.00000  867.20000  824.00000   26.23318
  28.00000  316.10000  210.70000    0.00000  185.70000    0.00000  977.00000  689.30000   38.70029
  28.00000  164.60000    0.00000  150.40000  181.60000   11.70000 1023.30000  728.90000   18.03393
  28.00000  313.30000  145.00000    0.00000  178.50000    8.00000  867.20000  824.00000   40.92523
   7.00000  158.80000  238.20000    0.00000  185.70000    0.00000 1040.60000  734.30000    9.61750
  56.00000  389.90000  189.00000    0.00000  145.90000   22.00000  944.70000  755.80000   79.40006
   3.00000  251.37000    0.00000  118.27000  192.94000    5.75000 1043.60000  754.30000   11.98309
  90.00000  133.00000  200.00000    0.00000  192.00000    0.00000  927.40000  839.20000   36.58842
   7.00000  424.00000   22.00000  132.00000  178.00000    8.48000  822.00000  750.00000   39.00464
   7.00000  339.00000    0.00000    0.00000  185.00000    0.00000 1069.00000  754.00000   21.16002
  14.00000  385.00000    0.00000    0.00000  186.00000    0.00000  966.00000  763.00000   27.92378
  28.00000  298.00000    0.00000  107.00000  186.00000    6.00000  879.00000  815.00000   42.63720
   7.00000  323.70000  282.80000    0.00000  183.80000   10.30000  942.70000  659.90000   49.80085
  28.00000  516.00000    0.00000    0.00000  162.00000    8.26000  801.00000  802.00000   41.36856
  14.00000  190.68000    0.00000  125.40000  162.14000    7.77000 1090.00000  804.01000   21.06349
  28.00000  255.00000    0.00000    0.00000  192.00000    0.00000  889.80000  945.00000   18.74616
  28.00000  374.00000  189.20000    0.00000  170.10000   10.10000  926.10000  756.70000   61.09447
  28.00000  314.00000  145.30000  113.20000  178.90000    8.00000  869.10000  690.20000   46.23419
   7.00000  350.00000    0.00000    0.00000  186.00000    0.00000 1050.00000  770.00000   20.27749
 180.00000  500.00000    0.00000    0.00000  200.00000    0.00000 1125.00000  613.00000   51.04191
  28.00000  266.20000  112.30000   87.50000  177.90000   10.40000  909.70000  744.50000   39.42148
  28.00000  313.80000    0.00000  112.60000  169.90000   10.10000  925.30000  782.90000   38.46104
   7.00000  135.70000  203.50000    0.00000  185.70000    0.00000 1076.20000  759.30000    7.50701
  28.00000  147.80000  175.10000    0.00000  171.20000    2.20000 1000.00000  828.50000   26.92266
  28.00000  288.00000  192.00000    0.00000  192.00000    0.00000  932.00000  717.80000   38.80440
 100.00000  250.00000    0.00000   95.69000  187.42000    5.53000  956.86000  861.17000   42.34762
  28.00000  300.00000    0.00000    0.00000  184.00000    0.00000 1075.00000  795.00000   26.84820
  28.00000  310.00000    0.00000    0.00000  192.00000    0.00000  970.00000  850.00000   27.92378
  28.00000  213.76000   98.06000   24.52000  181.74000    6.65000 1066.00000  785.52000   40.23092
 100.00000  168.88000   42.22000  124.25000  158.33000   10.83000 1080.80000  796.15000   48.15300
 180.00000  277.00000    0.00000    0.00000  191.00000    0.00000  968.00000  856.00000   32.32953
  28.00000  246.83000    0.00000  125.08000  143.30000   11.99000 1086.80000  800.89000   52.50360
  28.00000  150.70000    0.00000  185.30000  166.70000   15.60000 1074.50000  678.00000   13.46133
  90.00000  540.00000    0.00000    0.00000  173.00000    0.00000 1125.00000  613.00000   69.65776
  28.00000  436.00000    0.00000    0.00000  218.00000    0.00000  838.40000  719.70000   23.84897
  56.00000  318.80000  212.50000    0.00000  155.70000   14.30000  852.10000  880.40000   66.10006
  28.00000  154.80000  183.40000    0.00000  193.30000    9.10000  877.20000  867.70000   23.78692
  28.00000  250.00000  180.00000   95.00000  159.00000    9.45000  860.00000  800.00000   67.86512
  90.00000  122.60000  183.90000    0.00000  203.50000    0.00000  958.20000  800.10000   33.19206
  91.00000  362.60000  189.00000    0.00000  164.90000   11.60000  944.70000  755.80000   79.29663
  28.00000  387.00000   20.00000   94.00000  157.00000   11.61000  938.00000  845.00000   46.68442
  28.00000  382.50000    0.00000    0.00000  185.70000    0.00000 1047.80000  739.30000   37.43786
 180.00000  304.00000   76.00000    0.00000  228.00000    0.00000  932.00000  670.00000   50.94883
   7.00000  237.50000  237.50000    0.00000  228.00000    0.00000  932.00000  594.00000   26.25800
 100.00000  194.68000    0.00000  100.52000  170.17000    7.48000  998.00000  901.80000   44.27815
   7.00000  349.00000    0.00000    0.00000  192.00000    0.00000 1056.00000  809.00000    9.01145
  56.00000  387.00000   20.00000   94.00000  157.00000   14.32000  938.00000  845.00000   56.33708
  28.00000  154.00000  174.00000  185.00000  228.00000    7.00000  845.00000  612.00000   24.33850
   3.00000  165.00000  128.50000  132.10000  175.06000    8.08000 1005.80000  746.60000   19.41564
  28.00000  229.68000    0.00000  118.16000  195.23000    6.13000 1028.10000  757.63000   24.53845
  28.00000  200.00000  200.00000    0.00000  190.00000    0.00000 1145.00000  660.00000   49.24927
  91.00000  362.60000  189.00000    0.00000  164.90000   11.60000  944.70000  755.80000   79.29663
   7.00000  387.00000   20.00000   94.00000  157.00000   11.61000  938.00000  845.00000   41.66503
  28.00000  287.30000  120.50000   93.90000  187.60000    9.20000  904.40000  695.90000   43.79827
  28.00000  220.80000  147.20000    0.00000  185.70000    0.00000 1055.00000  744.30000   25.74503
 100.00000  165.00000    0.02000  143.57000  163.81000    0.00000 1005.60000  900.90000   37.95565
  28.00000  286.30000  200.90000    0.00000  144.70000   11.20000 1004.60000  803.70000   67.69965
   7.00000  375.00000    0.00000    0.00000  186.00000    0.00000 1038.00000  758.00000   26.06219
  90.00000  153.00000  102.00000    0.00000  192.00000    0.00000  888.00000  943.10000   26.32281
  14.00000  173.54000   50.05000  173.53000  164.77000    6.47000 1006.20000  793.50000   33.00522
  56.00000  375.00000   93.80000    0.00000  126.60000   23.40000  852.10000  992.60000   60.19815
   3.00000  166.09000    0.00000  163.27000  176.46000    4.49000 1058.60000  780.09000   10.76272
  28.00000  313.00000  145.00000    0.00000  178.00000    8.00000  867.00000  824.00000   44.38846
  90.00000  310.00000    0.00000    0.00000  192.00000    0.00000  970.00000  850.00000   34.68064
  28.00000  500.10000    0.00000    0.00000  200.00000    3.00000 1124.40000  613.20000   44.13336
  28.00000  162.00000  214.00000  164.00000  202.00000   10.00000  820.00000  680.00000   30.64721
  28.00000  212.07000    0.00000  121.62000  180.31000    5.69000 1057.60000  779.32000   24.90387
  28.00000  238.00000    0.00000    0.00000  186.00000    0.00000 1119.00000  789.00000   17.54027
  28.00000  312.90000  160.50000    0.00000  177.60000    9.60000  916.60000  759.50000   52.44637
  28.00000  298.00000    0.00000  107.00000  210.00000   11.00000  880.00000  744.00000   31.87448
 100.00000  213.76000   98.06000   24.52000  181.74000    6.65000 1066.00000  785.52000   49.97322
  28.00000  190.34000    0.00000  125.18000  166.61000    9.88000 1079.00000  798.90000   24.84872
   7.00000  389.90000  189.00000    0.00000  145.90000   22.00000  944.70000  755.80000   59.09499
  90.00000  183.90000  122.60000    0.00000  203.50000    0.00000  959.20000  800.00000   32.53293
 270.00000  427.50000   47.50000    0.00000  228.00000    0.00000  932.00000  594.00000   43.01296
   3.00000  362.60000  189.00000    0.00000  164.90000   11.60000  944.70000  755.80000   35.30117
