   0.25000    0.25000    0.25000    0.00000    0.25000    0.00000    0.68087
   0.00000    0.00000    0.00000    1.00000    0.00000    0.00000    0.69263
   0.50000    0.00000    0.00000    0.50000    0.00000    0.00000    0.52698
   0.33300    0.00000    0.00000    0.00000    0.33300    0.33300    0.29512
   0.00000    0.33300    0.00000    0.33300    0.33300    0.00000    0.65173
   0.25000    0.00000    0.00000    0.25000    0.25000    0.25000    0.52528
   0.00000    0.00000    0.50000    0.50000    0.00000    0.00000    0.75062
   0.00000    0.00000    0.25000    0.25000    0.25000    0.25000    0.59511
   0.33300    0.00000    0.00000    0.33300    0.33300    0.00000    0.61861
   0.25000    0.00000    0.25000    0.25000    0.25000    0.00000    0.72110
   0.25000    0.25000    0.00000    0.25000    0.25000    0.00000    0.60099
   0.25000    0.00000    0.25000    0.00000    0.25000    0.25000    0.53383
   0.00000    1.00000    0.00000    0.00000    0.00000    0.00000    0.53187
   0.00000    0.50000    0.00000    0.50000    0.00000    0.00000    0.65219
   0.00000    0.00000    0.00000    0.50000    0.50000    0.00000    0.67988
   0.00000    0.33300    0.00000    0.00000    0.33300    0.33300    0.47397
   0.50000    0.00000    0.00000    0.00000    0.00000    0.50000    0.31225
   0.25000    0.25000    0.25000    0.00000    0.00000    0.25000    0.64566
   0.33300    0.33300    0.00000    0.00000    0.33300    0.00000    0.47128
   0.50000    0.00000    0.50000    0.00000    0.00000    0.00000    0.60504
   0.00000    0.20000    0.20000    0.20000    0.20000    0.20000    0.68674
   0.00000    0.00000    0.00000    0.50000    0.00000    0.50000    0.56143
   0.00000    0.25000    0.00000    0.25000    0.25000    0.25000    0.59852
   0.00000    0.00000    0.33300    0.00000    0.33300    0.33300    0.46118
   0.33300    0.00000    0.33300    0.00000    0.33300    0.00000    0.61316
   1.00000    0.00000    0.00000    0.00000    0.00000    0.00000    0.20000
   0.33300    0.00000    0.33300    0.00000    0.00000    0.33300    0.52502
   0.00000    0.25000    0.25000    0.00000    0.25000    0.25000    0.58236
   0.00000    0.33300    0.33300    0.33300    0.00000    0.00000    0.78606
   0.00000    0.00000    0.50000    0.00000    0.50000    0.00000    0.62673
