  28.00000  298.10000    0.00000  107.50000  163.60000   12.80000  953.20000  784.00000   35.86585
  90.00000  540.00000    0.00000    0.00000  173.00000    0.00000 1125.00000  613.00000   69.65776
  56.00000  182.04000   45.21000  121.97000  170.21000    8.19000 1059.40000  780.65000   43.49904
  28.00000  393.00000    0.00000    0.00000  192.00000    0.00000  940.60000  785.60000   39.60488
  28.00000  359.00000   19.00000  141.00000  154.00000   10.91000  942.00000  801.00000   62.93537
  90.00000  122.60000  183.90000    0.00000  203.50000    0.00000  958.20000  800.10000   33.19206
  56.00000  446.00000   24.00000   79.00000  162.00000   10.30000  967.00000  712.00000   54.76508
  91.00000  379.50000  151.20000    0.00000  153.90000   15.90000 1134.30000  605.00000   56.49566
  56.00000  359.00000   19.00000  141.00000  154.00000   10.91000  942.00000  801.00000   68.75061
 100.00000  212.00000    0.00000  124.78000  159.00000    7.84000 1085.40000  799.54000   47.81516
  28.00000  159.10000  186.70000    0.00000  175.60000   11.30000  989.60000  788.90000   32.76804
  28.00000  379.50000  151.20000    0.00000  153.90000   15.90000 1134.30000  605.00000   52.20023
  28.00000  212.57000    0.00000  100.39000  159.35000   10.37000 1003.80000  903.79000   37.40407
 180.00000  266.00000  114.00000    0.00000  228.00000    0.00000  932.00000  670.00000   48.69562
   3.00000  288.00000  192.00000    0.00000  192.00000    0.00000  932.00000  717.80000   16.10961
  28.00000  516.00000    0.00000    0.00000  162.00000    8.20000  801.00000  802.00000   41.36856
  28.00000  190.34000    0.00000  125.18000  161.85000    9.88000 1088.10000  802.59000   28.46846
   3.00000  190.34000    0.00000  125.18000  161.85000    9.88000 1088.10000  802.59000    9.44582
  28.00000  302.00000    0.00000    0.00000  203.00000    0.00000  974.00000  817.00000   21.75297
  56.00000  401.80000   94.70000    0.00000  147.40000   11.40000  946.80000  852.10000   73.69809
  28.00000  150.00000  236.80000    0.00000  173.80000   11.90000 1069.30000  674.80000   37.43165
   7.00000  305.30000  203.50000    0.00000  203.50000    0.00000  965.40000  631.00000   25.89396
  28.00000  500.00000    0.00000    0.00000  140.00000    4.00000  966.00000  853.00000   67.56865
   7.00000  225.00000    0.00000    0.00000  181.00000    0.00000 1113.00000  833.00000   11.16951
  56.00000  231.75000    0.00000  121.62000  173.96000    6.72000 1056.40000  778.45000   42.69925
  14.00000  231.75000    0.00000  121.62000  173.96000    6.72000 1056.40000  778.45000   26.77235
  28.00000  261.90000  110.50000   86.10000  195.40000    5.00000  895.20000  732.60000   33.71882
   7.00000  379.50000  151.20000    0.00000  153.90000   15.90000 1134.30000  605.00000   47.09811
  28.00000  485.00000    0.00000    0.00000  146.00000    0.00000 1120.00000  800.00000   71.98819
 365.00000  427.50000   47.50000    0.00000  228.00000    0.00000  932.00000  594.00000   43.69830
 180.00000  500.00000    0.00000    0.00000  200.00000    0.00000 1125.00000  613.00000   51.04191
 180.00000  322.00000    0.00000    0.00000  203.00000    0.00000  974.00000  800.00000   29.58542
  28.00000  310.00000    0.00000    0.00000  192.00000    0.00000 1012.00000  830.00000   27.82725
   7.00000  446.00000   24.00000   79.00000  162.00000   11.64000  967.00000  712.00000   38.01771
 100.00000  167.00000   75.40000  167.00000  164.03000    7.91000 1007.30000  770.10000   56.81282
  91.00000  389.90000  189.00000    0.00000  145.90000   22.00000  944.70000  755.80000   82.59922
 180.00000  380.00000    0.00000    0.00000  228.00000    0.00000  932.00000  670.00000   53.10413
  28.00000  146.00000  173.00000    0.00000  182.00000    3.00000  986.00000  817.00000   23.73866
   3.00000  198.60000  132.40000    0.00000  192.00000    0.00000  978.40000  825.50000    9.13142
  90.00000  349.00000    0.00000    0.00000  192.00000    0.00000 1056.00000  809.00000   40.65840
 100.00000  218.23000   54.64000  123.78000  140.75000   11.91000 1075.70000  792.67000   63.52832
 100.00000  182.04000   45.21000  121.97000  170.21000    8.19000 1059.40000  780.65000   48.67011
   7.00000  362.60000  189.00000    0.00000  164.90000   11.60000  944.70000  755.80000   55.89582
  28.00000  252.00000    0.00000    0.00000  185.00000    0.00000 1111.00000  784.00000   19.69143
   3.00000  349.00000    0.00000    0.00000  192.00000    0.00000 1056.00000  809.00000   15.87174
   3.00000  424.00000   22.00000  132.00000  168.00000    8.92000  822.00000  750.00000   32.10988
   3.00000  238.05000    0.00000   94.11000  186.66000    7.00000  949.91000  847.01000   19.93275
  56.00000  286.30000  200.90000    0.00000  144.70000   11.20000 1004.60000  803.70000   72.99482
  28.00000  336.50000    0.00000    0.00000  181.90000    3.40000  985.80000  816.80000   44.86834
  28.00000  446.00000   24.00000   79.00000  162.00000   11.64000  967.00000  712.00000   44.42294
   3.00000  331.00000    0.00000    0.00000  192.00000    0.00000  978.00000  825.00000   13.52062
  28.00000  475.00000    0.00000    0.00000  228.00000    0.00000  932.00000  594.00000   39.28979
  56.00000  424.00000   22.00000  132.00000  168.00000    8.92000  822.00000  750.00000   74.36491
 100.00000  194.68000    0.00000  100.52000  165.62000    7.48000 1006.40000  905.90000   37.34202
  14.00000  167.95000   42.08000  163.83000  121.75000    5.72000 1058.70000  780.11000   17.82295
 180.00000  339.00000    0.00000    0.00000  197.00000    0.00000  968.00000  781.00000   36.44570
  91.00000  362.60000  189.00000    0.00000  164.90000   11.60000  944.70000  755.80000   79.29663
  90.00000  203.50000  305.30000    0.00000  203.50000    0.00000  963.40000  630.00000   51.86376
  28.00000  289.00000  133.70000    0.00000  194.90000    5.50000  924.10000  760.10000   46.24729
   7.00000  446.00000   24.00000   79.00000  162.00000   11.61000  967.00000  712.00000   52.00717
  28.00000  300.00000    0.00000    0.00000  184.00000    0.00000 1075.00000  795.00000   26.84820
  14.00000  249.10000    0.00000   98.75000  158.11000   12.80000  987.76000  889.01000   28.68220
   3.00000  480.00000    0.00000    0.00000  192.00000    0.00000  936.20000  712.20000   24.40469
   7.00000  325.00000    0.00000    0.00000  184.00000    0.00000 1063.00000  783.00000   17.54027
   3.00000  389.90000  189.00000    0.00000  145.90000   22.00000  944.70000  755.80000   40.59635
  28.00000  314.00000  145.30000  113.20000  178.90000    8.00000  869.10000  690.20000   46.23419
  56.00000  446.00000   24.00000   79.00000  162.00000   11.61000  967.00000  712.00000   61.06689
  28.00000  382.00000    0.00000    0.00000  186.00000    0.00000 1047.00000  739.00000   37.42476
  90.00000  393.00000    0.00000    0.00000  192.00000    0.00000  940.60000  785.60000   48.84662
   7.00000  220.80000  147.20000    0.00000  185.70000    0.00000 1055.00000  744.30000   13.08901
 100.00000  181.38000    0.00000  167.01000  169.59000    7.56000 1055.60000  777.80000   45.36752
 365.00000  307.00000    0.00000    0.00000  193.00000    0.00000  968.00000  812.00000   36.14923
   7.00000  469.00000  117.20000    0.00000  137.80000   32.20000  852.10000  840.50000   54.89608
  14.00000  250.00000    0.00000   95.69000  191.84000    5.33000  948.90000  857.20000   24.65566
  14.00000  376.00000    0.00000    0.00000  214.60000    0.00000 1003.50000  762.36000   25.62093
   7.00000  198.60000  132.40000    0.00000  192.00000    0.00000  978.40000  825.50000   14.63826
  14.00000  213.50000    0.00000  174.24000  154.61000   11.66000 1052.30000  775.48000   33.70159
  90.00000  288.00000  192.00000    0.00000  192.00000    0.00000  932.00000  717.80000   50.52687
   3.00000  469.00000  117.20000    0.00000  137.80000   32.20000  852.10000  840.50000   40.19645
  28.00000  166.09000    0.00000  163.27000  176.46000    4.49000 1058.60000  780.09000   21.53923
   7.00000  381.40000    0.00000    0.00000  185.70000    0.00000 1104.60000  784.30000   14.54105
  28.00000  339.00000    0.00000    0.00000  185.00000    0.00000 1069.00000  754.00000   31.84000
  28.00000  165.00000  128.50000  132.10000  175.06000    8.08000 1005.80000  746.60000   46.38795
  28.00000  200.00000    0.00000    0.00000  180.00000    0.00000 1125.00000  845.00000   12.24509
  28.00000  374.00000    0.00000    0.00000  190.00000    7.00000 1013.00000  730.00000   39.05192
  56.00000  379.50000  151.20000    0.00000  153.90000   15.90000 1134.30000  605.00000   54.89608
   3.00000  157.00000  236.00000    0.00000  192.00000    0.00000  935.40000  781.20000    9.69472
  28.00000  150.70000    0.00000  185.30000  166.70000   15.60000 1074.50000  678.00000   13.46133
 180.00000  380.00000   95.00000    0.00000  228.00000    0.00000  932.00000  594.00000   40.75906
  28.00000  173.54000   50.05000  173.53000  164.77000    6.47000 1006.20000  793.50000   38.20387
  28.00000  323.70000  282.80000    0.00000  183.80000   10.30000  942.70000  659.90000   74.69783
  28.00000  151.00000    0.00000  185.00000  167.00000   16.00000 1074.00000  678.00000   13.45857
  28.00000  149.50000  236.00000    0.00000  175.80000   12.60000  846.80000  892.70000   32.96385
  28.00000  350.00000    0.00000    0.00000  186.00000    0.00000 1050.00000  770.00000   34.29454
  90.00000  200.00000  133.00000    0.00000  192.00000    0.00000  965.40000  806.20000   43.25083
  14.00000  236.00000    0.00000    0.00000  194.00000    0.00000  968.00000  885.00000   12.83804
   7.00000  295.00000    0.00000    0.00000  185.00000    0.00000 1069.00000  769.00000   14.79615
   7.00000  318.80000  212.50000    0.00000  155.70000   14.30000  852.10000  880.40000   33.39822
   7.00000  387.00000   20.00000   94.00000  157.00000   13.93000  938.00000  845.00000   45.89842
  28.00000  480.00000    0.00000    0.00000  192.00000    0.00000  936.00000  721.00000   43.89204
  28.00000  310.00000    0.00000    0.00000  192.00000    0.00000  970.00000  850.00000   27.92378
 365.00000  380.00000   95.00000    0.00000  228.00000    0.00000  932.00000  594.00000   43.69830
  28.00000  330.50000  169.60000    0.00000  194.90000    8.10000  811.00000  802.30000   56.61908
  56.00000  250.00000    0.00000   95.69000  191.84000    5.33000  948.90000  857.20000   39.64487
   3.00000  531.30000    0.00000    0.00000  141.80000   28.20000  852.10000  893.70000   41.29961
  14.00000  525.00000    0.00000    0.00000  189.00000    0.00000 1125.00000  613.00000   48.40122
  14.00000  290.35000    0.00000   96.18000  168.08000    9.41000  961.18000  865.00000   34.67375
  28.00000  284.00000  119.70000    0.00000  168.30000    7.20000  970.40000  794.20000   40.93488
   3.00000  401.80000   94.70000    0.00000  147.40000   11.40000  946.80000  852.10000   41.09966
  90.00000  183.90000  122.60000    0.00000  203.50000    0.00000  959.20000  800.00000   32.53293
  56.00000  388.60000   97.10000    0.00000  157.90000   12.10000  852.10000  925.70000   55.19945
   7.00000  401.80000   94.70000    0.00000  147.40000   11.40000  946.80000  852.10000   54.09629
   3.00000  379.50000  151.20000    0.00000  153.90000   15.90000 1134.30000  605.00000   28.59946
 100.00000  165.00000    0.02000  143.57000  163.81000    0.00000 1005.60000  900.90000   37.95565
  14.00000  251.37000    0.00000  118.27000  192.94000    5.75000 1043.60000  754.30000   20.72565
 100.00000  213.76000   98.06000   24.52000  181.74000    6.65000 1066.00000  785.52000   49.97322
  28.00000  145.00000    0.00000  179.00000  202.00000    8.00000  824.00000  869.00000   10.53519
  28.00000  288.40000  121.00000    0.00000  177.40000    7.00000  907.90000  829.50000   42.14008
  28.00000  500.00000    0.00000    0.00000  151.00000    9.00000 1033.00000  655.00000   69.83702
 180.00000  302.00000    0.00000    0.00000  203.00000    0.00000  974.00000  817.00000   26.74477
  91.00000  337.90000  189.00000    0.00000  174.90000    9.50000  944.70000  755.80000   67.79618
   3.00000  194.68000    0.00000  100.52000  165.62000    7.48000 1006.40000  905.90000   12.45194
  28.00000  167.00000  187.00000  195.00000  185.00000    7.00000  898.00000  636.00000   23.89034
 180.00000  427.50000   47.50000    0.00000  228.00000    0.00000  932.00000  594.00000   41.83671
  90.00000  173.00000  116.00000    0.00000  192.00000    0.00000  946.80000  856.80000   32.10269
   3.00000  229.68000    0.00000  118.16000  195.23000    6.13000 1028.10000  757.63000   13.35515
  28.00000  355.00000   19.00000   97.00000  145.00000   13.13000  967.00000  871.00000   44.02994
   3.00000  307.00000    0.00000    0.00000  193.00000    0.00000  968.00000  812.00000   12.54157
  28.00000  156.00000  178.00000  187.00000  221.00000    7.00000  854.00000  614.00000   29.41305
  14.00000  213.74000    0.00000  174.74000  154.79000   10.16000 1053.50000  776.35000   33.72917
  56.00000  167.35000  129.90000  128.62000  175.46000    7.79000 1006.30000  746.60000   51.72449
   7.00000  183.90000  122.60000    0.00000  203.50000    0.00000  959.20000  800.00000   10.78754
  28.00000  520.00000    0.00000    0.00000  170.00000    5.20000  855.00000  855.00000   60.28089
  56.00000  194.68000    0.00000  100.52000  165.62000    7.48000 1006.40000  905.90000   33.96359
  28.00000  531.30000    0.00000    0.00000  141.80000   28.20000  852.10000  893.70000   56.39914
 100.00000  297.16000    0.00000  117.54000  174.80000    9.52000 1022.80000  753.45000   56.74387
   7.00000  331.00000    0.00000    0.00000  192.00000    0.00000 1025.00000  821.00000   17.43685
  28.00000  285.00000  190.00000    0.00000  163.00000    7.60000 1031.00000  685.00000   53.57918
  28.00000  143.70000  170.20000  132.60000  191.60000    8.50000  814.10000  805.30000   29.87086
  28.00000  304.00000  140.00000    0.00000  214.00000    6.00000  895.00000  722.00000   33.41890
  28.00000  385.00000    0.00000    0.00000  186.00000    0.00000  966.00000  763.00000   31.35047
  90.00000  525.00000    0.00000    0.00000  189.00000    0.00000 1125.00000  613.00000   58.78472
  28.00000  400.00000    0.00000    0.00000  187.00000    0.00000 1025.00000  745.00000   43.69899
  14.00000  194.68000    0.00000  100.52000  165.62000    7.48000 1006.40000  905.90000   24.98661
   7.00000  475.00000  118.80000    0.00000  181.10000    8.90000  852.10000  781.50000   55.59934
  28.00000  276.00000  116.00000   90.00000  180.00000    9.00000  870.00000  768.00000   44.27815
  28.00000  425.00000  106.30000    0.00000  153.50000   16.50000  852.10000  887.10000   60.29468
  28.00000  318.00000    0.00000  126.00000  210.00000    6.00000  861.00000  737.00000   40.05856
   3.00000  173.81000   93.37000  159.90000  172.34000    9.73000 1007.20000  746.60000   15.81658
  14.00000  233.81000    0.00000   94.58000  197.89000    4.56700  947.04000  852.16000   22.13907
 100.00000  250.00000    0.00000   95.69000  191.84000    5.33000  948.90000  857.20000   41.16172
  28.00000  261.00000  100.00000   78.00000  201.00000    9.00000  864.00000  761.00000   32.39848
   3.00000  295.71000    0.00000   95.64000  171.54000    8.87000  955.14000  859.20000   22.94576
  28.00000  238.05000    0.00000   94.11000  186.66000    7.00000  949.91000  847.01000   30.23352
   3.00000  202.00000   11.00000  141.00000  206.00000    1.72000  942.00000  801.00000    9.84966
  28.00000  252.00000   97.00000   76.00000  194.00000    8.00000  835.00000  821.00000   33.39822
  28.00000  333.00000    0.00000    0.00000  192.00000    0.00000  931.20000  842.60000   31.96687
  56.00000  214.90000   53.80000  121.89000  155.63000    9.61000 1014.30000  780.58000   53.95839
  28.00000  314.00000    0.00000  113.00000  170.00000   10.00000  925.00000  783.00000   38.45897
  28.00000  393.00000    0.00000    0.00000  192.00000    0.00000  940.00000  758.00000   39.58282
  90.00000  349.00000    0.00000    0.00000  192.00000    0.00000 1047.00000  806.00000   39.48629
   3.00000  275.07000    0.00000  121.35000  159.48000    9.90000 1053.60000  777.50000   23.80071
   3.00000  213.72000   98.05000   24.51000  181.71000    6.86000 1065.80000  785.38000   17.99532
  28.00000  151.60000    0.00000  111.90000  184.40000    7.90000  992.00000  815.90000   12.18097
   3.00000  540.00000    0.00000    0.00000  173.00000    0.00000 1125.00000  613.00000   41.63746
  14.00000  229.68000    0.00000  118.16000  195.23000    6.13000 1028.10000  757.63000   22.31834
   3.00000  284.00000   15.00000  141.00000  179.00000    5.46000  842.00000  801.00000   13.39553
  28.00000  265.00000  111.00000   86.00000  195.00000    6.00000  833.00000  790.00000   41.54093
  28.00000  295.71000    0.00000   95.64000  171.54000    8.87000  955.14000  859.20000   39.94134
  28.00000  210.70000  316.10000    0.00000  185.70000    0.00000  977.00000  689.30000   37.81362
  90.00000  480.00000    0.00000    0.00000  192.00000    0.00000  936.20000  712.20000   54.31554
   3.00000  318.80000  212.50000    0.00000  155.70000   14.30000  852.10000  880.40000   25.20035
  28.00000  255.30000   98.80000   77.00000  188.60000    6.50000  919.00000  749.30000   33.79880
   3.00000  236.00000    0.00000    0.00000  194.00000    0.00000  968.00000  885.00000    6.46728
  14.00000  238.05000    0.00000   94.11000  186.66000    7.00000  949.91000  847.01000   25.68988
  14.00000  339.00000    0.00000    0.00000  197.00000    0.00000  968.00000  781.00000   27.04125
   3.00000  339.00000    0.00000    0.00000  197.00000    0.00000  968.00000  781.00000   13.22415
  56.00000  491.00000   26.00000  123.00000  210.00000    3.93000  882.00000  699.00000   59.59043
  56.00000  475.00000  118.80000    0.00000  181.10000    8.90000  852.10000  781.50000   72.29845
  28.00000  178.03000  129.80000  118.60000  179.94000    3.57000 1007.30000  746.80000   39.16224
   3.00000  213.74000    0.00000  174.74000  154.79000   10.16000 1053.50000  776.35000   17.57474
  28.00000  375.00000   93.80000    0.00000  126.60000   23.40000  852.10000  992.60000   56.69561
   7.00000  362.60000  189.00000    0.00000  164.90000   11.60000  944.70000  755.80000   55.89582
  28.00000  264.50000  111.00000   86.50000  195.50000    5.90000  832.60000  790.40000   41.54231
  90.00000  190.00000  190.00000    0.00000  228.00000    0.00000  932.00000  670.00000   42.32693
  90.00000  166.80000  250.20000    0.00000  203.50000    0.00000  975.60000  692.60000   43.56523
   7.00000  540.00000    0.00000    0.00000  173.00000    0.00000 1125.00000  613.00000   52.61391
  28.00000  297.80000  137.20000  106.90000  201.30000    6.00000  878.40000  655.30000   53.52471
  56.00000  212.52000    0.00000  100.37000  159.32000    8.71000 1007.80000  903.59000   42.54756
  14.00000  302.00000    0.00000    0.00000  203.00000    0.00000  974.00000  817.00000   18.12632
  28.00000  160.20000  188.00000  146.40000  203.20000   11.30000  828.70000  709.70000   35.31427
 180.00000  139.60000  209.40000    0.00000  192.00000    0.00000 1047.00000  806.90000   44.20782
   7.00000  133.00000  200.00000    0.00000  192.00000    0.00000  927.40000  839.20000   13.66404
   7.00000  166.80000  250.20000    0.00000  203.50000    0.00000  975.60000  692.60000   15.74832
  28.00000  164.60000    0.00000  150.40000  181.60000   11.70000 1023.30000  728.90000   18.03393
  28.00000  172.38000   13.61000  172.37000  156.76000    4.14000 1006.30000  856.40000   33.68780
 365.00000  332.50000  142.50000    0.00000  228.00000    0.00000  932.00000  594.00000   41.05278
  28.00000  212.00000  141.30000    0.00000  203.50000    0.00000  973.40000  750.00000   33.00384
   3.00000  525.00000    0.00000    0.00000  189.00000    0.00000 1125.00000  613.00000   33.79811
 100.00000  167.95000   42.08000  163.83000  121.75000    5.72000 1058.70000  780.11000   39.23118
  28.00000  388.60000   97.10000    0.00000  157.90000   12.10000  852.10000  925.70000   50.69717
  28.00000  167.35000  129.90000  128.62000  175.46000    7.79000 1006.30000  746.60000   41.20309
  28.00000  136.00000  162.00000  126.00000  172.00000   10.00000  923.00000  764.00000   29.06831
  91.00000  425.00000  106.30000    0.00000  153.50000   16.50000  852.10000  887.10000   65.19685
 100.00000  213.50000    0.00000  174.24000  159.21000   11.66000 1043.60000  771.90000   52.95865
   7.00000  323.70000  282.80000    0.00000  183.80000   10.30000  942.70000  659.90000   49.80085
   7.00000  427.50000   47.50000    0.00000  228.00000    0.00000  932.00000  594.00000   35.07640
  28.00000  314.00000  145.00000  113.00000  179.00000    8.00000  869.00000  690.00000   46.22937
   7.00000  339.00000    0.00000    0.00000  197.00000    0.00000  968.00000  781.00000   20.96697
   7.00000  192.00000  288.00000    0.00000  192.00000    0.00000  929.80000  716.10000   21.48062
  28.00000  317.90000    0.00000  126.50000  209.70000    5.70000  860.50000  736.60000   40.06200
  14.00000  252.31000    0.00000   98.75000  146.25000   14.17000  987.76000  889.01000   42.29246
   3.00000  167.95000   42.08000  163.83000  121.75000    5.72000 1058.70000  780.11000    7.74971
  90.00000  339.00000    0.00000    0.00000  197.00000    0.00000  968.00000  781.00000   35.17017
  28.00000  143.60000    0.00000  174.90000  158.40000   17.90000  942.70000  844.50000   15.42358
   3.00000  222.36000    0.00000   96.67000  189.29000    4.46000  967.08000  870.32000   11.57630
  28.00000  229.68000    0.00000  118.16000  195.23000    6.13000 1028.10000  757.63000   24.53845
   7.00000  310.00000    0.00000    0.00000  192.00000    0.00000  970.00000  850.00000   14.98921
  28.00000  152.00000    0.00000  112.00000  184.00000    8.00000  992.00000  816.00000   12.17615
  56.00000  389.90000  189.00000    0.00000  145.90000   22.00000  944.70000  755.80000   79.40006
 180.00000  475.00000    0.00000    0.00000  228.00000    0.00000  932.00000  594.00000   42.62065
  28.00000  148.00000  175.00000    0.00000  171.00000    2.00000 1000.00000  828.00000   26.91714
  28.00000  252.50000    0.00000    0.00000  185.70000    0.00000 1111.60000  784.30000   19.76521
  28.00000  331.00000  170.00000    0.00000  195.00000    8.00000  811.00000  802.00000   56.61287
  56.00000  233.81000    0.00000   94.58000  197.89000    4.56700  947.04000  852.16000   27.66178
  90.00000  289.00000    0.00000    0.00000  192.00000    0.00000  913.20000  895.30000   32.06822
  90.00000  254.00000    0.00000    0.00000  198.00000    0.00000  968.00000  863.00000   26.94472
  56.00000  375.00000   93.80000    0.00000  126.60000   23.40000  852.10000  992.60000   60.19815
 100.00000  246.83000    0.00000  125.08000  143.30000   11.99000 1086.80000  800.89000   66.42412
   7.00000  250.20000  166.80000    0.00000  203.50000    0.00000  977.60000  694.10000   19.35014
   7.00000  382.00000    0.00000    0.00000  186.00000    0.00000 1111.00000  784.00000   11.46599
  28.00000  186.20000  124.10000    0.00000  185.70000    0.00000 1083.40000  764.30000   17.59681
   3.00000  349.00000    0.00000    0.00000  192.00000    0.00000 1047.00000  806.90000   15.04919
  14.00000  229.97000    0.00000  118.31000  195.47000    4.63000 1029.40000  758.59000   20.08444
 180.00000  525.00000    0.00000    0.00000  189.00000    0.00000 1125.00000  613.00000   61.92184
   7.00000  135.70000  203.50000    0.00000  185.70000    0.00000 1076.20000  759.30000    7.50701
  28.00000  234.00000  156.00000    0.00000  189.00000    5.85000  981.00000  760.00000   39.30013
  56.00000  213.72000   98.05000   24.51000  181.71000    6.86000 1065.80000  785.38000   50.77301
   3.00000  251.37000    0.00000  118.27000  188.45000    6.35000 1028.40000  757.73000   13.12073
  14.00000  181.38000    0.00000  167.01000  169.59000    7.56000 1055.60000  777.80000   21.60128
  14.00000  277.05000    0.00000   97.39000  160.60000   11.83000  973.90000  875.61000   41.88567
  90.00000  427.50000   47.50000    0.00000  228.00000    0.00000  932.00000  594.00000   41.54300
  56.00000  213.50000    0.00000  174.24000  154.61000   11.66000 1052.30000  775.48000   51.43491
  28.00000  279.80000  128.90000  100.40000  172.40000    9.50000  825.10000  804.90000   52.82696
   7.00000  202.00000   11.00000  141.00000  206.00000    1.72000  942.00000  801.00000   15.06998
   3.00000  446.00000   24.00000   79.00000  162.00000   11.64000  967.00000  712.00000   23.34566
  14.00000  213.76000   98.06000   24.52000  181.74000    6.65000 1066.00000  785.52000   17.83674
  28.00000  155.00000  183.00000    0.00000  193.00000    9.00000 1047.00000  697.00000   18.28490
  28.00000  153.00000  102.00000    0.00000  192.00000    0.00000  888.00000  943.10000   17.96430
   3.00000  172.38000   13.61000  172.37000  156.76000    4.14000 1006.30000  856.40000   21.29102
   3.00000  362.60000  189.00000    0.00000  164.90000   11.60000  944.70000  755.80000   35.30117
   3.00000  491.00000   26.00000  123.00000  210.00000    3.93000  882.00000  699.00000   25.60911
   7.00000  286.30000  200.90000    0.00000  144.70000   11.20000 1004.60000  803.70000   37.99702
  28.00000  154.00000  174.00000  185.00000  228.00000    7.00000  845.00000  612.00000   24.33850
  28.00000  297.16000    0.00000  117.54000  174.80000    9.52000 1022.80000  753.45000   47.40147
 100.00000  251.37000    0.00000  118.27000  192.94000    5.75000 1043.60000  754.30000   40.14819
   7.00000  350.00000    0.00000    0.00000  203.00000    0.00000  974.00000  775.00000   18.12632
  28.00000  313.00000    0.00000  113.00000  178.00000    8.00000 1002.00000  689.00000   36.80423
  28.00000  491.00000   26.00000  123.00000  210.00000    3.93000  882.00000  699.00000   55.55108
  28.00000  397.00000    0.00000    0.00000  185.70000    0.00000 1040.60000  734.30000   33.08244
   7.00000  425.00000  106.30000    0.00000  153.50000   16.50000  852.10000  887.10000   49.20101
  56.00000  173.54000   50.05000  173.53000  164.77000    6.47000 1006.20000  793.50000   53.77223
  28.00000  170.30000  155.50000    0.00000  185.70000    0.00000 1026.60000  724.30000   25.72642
  90.00000  250.20000  166.80000    0.00000  203.50000    0.00000  977.60000  694.10000   47.71450
  28.00000  148.10000    0.00000  136.60000  158.10000   16.10000 1001.80000  830.10000   17.95947
   3.00000  255.00000    0.00000    0.00000  192.00000    0.00000  889.80000  945.00000    8.20407
   7.00000  375.00000    0.00000    0.00000  186.00000    0.00000 1038.00000  758.00000   26.06219
  56.00000  238.05000    0.00000   94.11000  186.66000    7.00000  949.91000  847.01000   39.58971
  56.00000  165.00000  128.50000  132.10000  175.06000    8.08000 1005.80000  746.60000   53.72397
  14.00000  251.81000    0.00000   99.94000  146.14000   12.35000 1006.00000  899.76000   33.35685
   7.00000  203.50000  135.70000    0.00000  185.70000    0.00000 1076.20000  759.30000   11.95758
  28.00000  218.85000    0.00000  124.13000  158.49000   11.33000 1078.70000  794.91000   30.21973
  56.00000  172.38000   13.61000  172.37000  156.76000    4.14000 1006.30000  856.40000   35.85275
  28.00000  194.68000    0.00000  100.52000  165.62000    7.48000 1006.40000  905.90000   25.72435
   7.00000  139.60000  209.40000    0.00000  192.00000    0.00000 1047.00000  806.90000   14.58931
  28.00000  220.80000  147.20000    0.00000  185.70000    0.00000 1055.00000  744.30000   25.74503
   7.00000  300.00000    0.00000    0.00000  184.00000    0.00000 1075.00000  795.00000   15.57526
 100.00000  167.35000  129.90000  128.62000  175.46000    7.79000 1006.30000  746.60000   53.65502
  90.00000  153.00000  102.00000    0.00000  192.00000    0.00000  888.00000  943.10000   26.32281
  28.00000  272.80000  105.10000   81.80000  209.70000    9.00000  904.00000  679.70000   37.17103
   7.00000  158.80000  238.20000    0.00000  185.70000    0.00000 1040.60000  734.30000    9.61750
   3.00000  213.76000   98.06000   24.52000  181.74000    6.65000 1066.00000  785.52000   13.18278
  56.00000  277.19000   97.82000   24.46000  160.70000   11.19000 1061.70000  782.46000   66.82401
  28.00000  255.00000    0.00000    0.00000  192.00000    0.00000  889.80000  945.00000   18.74616
  28.00000  184.00000   86.00000  190.00000  213.00000    6.00000  923.00000  623.00000   22.93197
  28.00000  375.00000    0.00000    0.00000  186.00000    0.00000 1038.00000  758.00000   38.21076
  28.00000  382.50000    0.00000    0.00000  185.70000    0.00000 1047.80000  739.30000   37.43786
   7.00000  349.00000    0.00000    0.00000  192.00000    0.00000 1047.00000  806.00000   18.12632
  28.00000  218.23000   54.64000  123.78000  140.75000   11.91000 1075.70000  792.67000   55.50971
  91.00000  439.00000  177.00000    0.00000  186.00000   11.10000  884.90000  707.90000   73.29819
 180.00000  349.00000    0.00000    0.00000  192.00000    0.00000 1047.00000  806.00000   41.05140
   3.00000  183.90000  122.60000    0.00000  203.50000    0.00000  959.20000  800.00000    4.90355
   7.00000  425.00000  106.30000    0.00000  153.50000   16.50000  852.10000  887.10000   49.20101
  28.00000  150.90000    0.00000  183.90000  166.60000   11.60000  991.20000  772.20000   15.56975
  28.00000  298.00000    0.00000  107.00000  210.00000   11.00000  880.00000  744.00000   31.87448
  28.00000  333.00000   17.50000  163.00000  167.00000   17.90000  996.00000  652.00000   47.27737
 180.00000  332.50000  142.50000    0.00000  228.00000    0.00000  932.00000  594.00000   39.77932
   3.00000  333.00000    0.00000    0.00000  192.00000    0.00000  931.20000  842.60000   15.61594
  56.00000  251.81000    0.00000   99.94000  146.14000   12.35000 1006.00000  899.76000   44.14025
  28.00000  154.00000  144.00000  112.00000  220.00000   10.00000  923.00000  658.00000   16.49916
 100.00000  190.34000    0.00000  125.18000  161.85000    9.88000 1088.10000  802.59000   40.38950
  90.00000  192.00000  288.00000    0.00000  192.00000    0.00000  929.80000  716.10000   50.73233
  28.00000  158.60000  148.90000  116.00000  175.10000   15.00000  953.30000  719.70000   27.68108
  28.00000  289.00000  134.00000    0.00000  195.00000    6.00000  924.00000  760.00000   46.24316
  28.00000  225.00000    0.00000    0.00000  181.00000    0.00000 1113.00000  833.00000   17.34032
  14.00000  212.00000    0.00000  124.78000  159.00000    7.84000 1085.40000  799.54000   31.35047
 180.00000  190.00000  190.00000    0.00000  228.00000    0.00000  932.00000  670.00000   46.93194
  28.00000  312.70000    0.00000    0.00000  178.10000    8.00000  999.70000  822.20000   25.10382
 365.00000  236.00000    0.00000    0.00000  193.00000    0.00000  968.00000  885.00000   25.08314
  14.00000  297.16000    0.00000  117.54000  174.80000    9.52000 1022.80000  753.45000   36.99039
  91.00000  425.00000  106.30000    0.00000  153.50000   16.50000  852.10000  887.10000   65.19685
   7.00000  332.50000  142.50000    0.00000  228.00000    0.00000  932.00000  594.00000   30.27558
  28.00000  190.00000  190.00000    0.00000  228.00000    0.00000  932.00000  670.00000   40.85697
  56.00000  318.80000  212.50000    0.00000  155.70000   14.30000  852.10000  880.40000   66.10006
   3.00000  167.00000   75.40000  167.00000  164.03000    7.91000 1007.30000  770.10000   15.52010
   3.00000  277.19000   97.82000   24.46000  160.70000   11.19000 1061.70000  782.46000   30.44726
 100.00000  194.68000    0.00000  100.52000  170.17000    7.48000  998.00000  901.80000   44.27815
  28.00000  313.30000  145.00000    0.00000  178.50000    8.00000 1001.90000  688.70000   41.05347
   3.00000  310.00000    0.00000    0.00000  192.00000    0.00000  971.00000  850.60000    9.86640
   3.00000  250.00000    0.00000   95.69000  191.84000    5.33000  948.90000  857.20000    8.48745
  56.00000  387.00000   20.00000   94.00000  157.00000   13.93000  938.00000  845.00000   47.96685
  14.00000  277.19000   97.82000   24.46000  160.70000   11.19000 1061.70000  782.46000   47.71174
  14.00000  277.00000    0.00000    0.00000  191.00000    0.00000  968.00000  856.00000   21.26344
  90.00000  305.30000  203.50000    0.00000  203.50000    0.00000  965.40000  631.00000   54.59891
  56.00000  190.68000    0.00000  125.40000  162.14000    7.77000 1090.00000  804.01000   35.34254
   7.00000  236.00000    0.00000    0.00000  193.00000    0.00000  968.00000  885.00000    9.99051
  90.00000  296.00000    0.00000    0.00000  192.00000    0.00000 1085.00000  765.00000   29.39236
  28.00000  277.05000    0.00000   97.39000  160.60000   11.83000  973.90000  875.61000   48.28400
 100.00000  173.81000   93.37000  159.90000  172.34000    9.73000 1007.20000  746.60000   50.93849
 100.00000  173.54000   50.05000  173.53000  164.77000    6.47000 1006.20000  793.50000   56.06129
   3.00000  376.00000    0.00000    0.00000  214.60000    0.00000 1003.50000  762.36000   16.27853
  28.00000  135.00000  105.00000  193.00000  196.00000    6.00000  965.00000  643.00000   21.91155
  28.00000  500.00000    0.00000    0.00000  200.00000    0.00000 1125.00000  613.00000   44.09199
   7.00000  350.00000    0.00000    0.00000  186.00000    0.00000 1050.00000  770.00000   20.27749
  28.00000  277.00000  117.00000   91.00000  191.00000    7.00000  946.00000  666.00000   43.57488
  28.00000  520.00000    0.00000    0.00000  175.00000    5.20000  870.00000  805.00000   51.02122
  28.00000  303.60000  139.90000    0.00000  213.50000    6.20000  895.50000  722.50000   33.41959
  56.00000  424.00000   22.00000  132.00000  178.00000    8.48000  822.00000  750.00000   65.69721
 100.00000  213.74000    0.00000  174.74000  154.79000   10.16000 1053.50000  776.35000   50.07664
   7.00000  252.00000    0.00000    0.00000  185.00000    0.00000 1111.00000  784.00000   13.71368
   7.00000  255.00000    0.00000    0.00000  192.00000    0.00000  889.80000  945.00000   10.22217
  28.00000  321.30000  164.20000    0.00000  190.50000    4.60000  870.00000  774.00000   57.21823
  14.00000  385.00000    0.00000    0.00000  186.00000    0.00000  966.00000  763.00000   27.92378
  90.00000  331.00000    0.00000    0.00000  192.00000    0.00000 1025.00000  821.00000   37.91429
  56.00000  167.00000   75.40000  167.00000  164.03000    7.91000 1007.30000  770.10000   53.46197
  28.00000  296.00000    0.00000  107.00000  221.00000   11.00000  819.00000  778.00000   31.41942
  28.00000  148.10000    0.00000  182.10000  181.40000   15.00000  838.90000  884.30000   15.52631
   3.00000  190.68000    0.00000  125.40000  162.14000    7.77000 1090.00000  804.01000   15.04437
  90.00000  108.30000  162.40000    0.00000  203.50000    0.00000  938.20000  849.00000   29.23171
  28.00000  154.80000    0.00000  142.80000  193.30000    9.10000 1047.40000  696.70000   12.45952
  28.00000  326.50000    0.00000  137.90000  199.00000   10.80000  801.10000  792.50000   38.63065
   7.00000  238.10000    0.00000    0.00000  185.70000    0.00000 1118.80000  789.30000   10.33593
   3.00000  212.57000    0.00000  100.39000  159.35000   10.37000 1003.80000  903.79000   13.33447
  28.00000  149.00000  153.00000  194.00000  192.00000    8.00000  935.00000  623.00000   24.57982
  28.00000  424.00000   22.00000  132.00000  168.00000    8.92000  822.00000  750.00000   72.09851
  28.00000  313.00000  161.00000    0.00000  178.00000   10.00000  917.00000  759.00000   52.44154
   3.00000  213.50000    0.00000  174.24000  154.61000   11.66000 1052.30000  775.48000   17.36790
  28.00000  298.10000    0.00000  107.00000  186.40000    6.10000  879.00000  815.20000   42.64409
  56.00000  213.74000    0.00000  174.74000  154.79000   10.16000 1053.50000  776.35000   46.64305
  28.00000  236.90000   91.70000   71.50000  246.90000    6.00000  852.90000  695.40000   28.62980
 270.00000  475.00000    0.00000    0.00000  228.00000    0.00000  932.00000  594.00000   42.13112
  28.00000  166.80000  250.20000    0.00000  203.50000    0.00000  975.60000  692.60000   33.94773
  28.00000  275.07000    0.00000  121.35000  159.48000    9.90000 1053.60000  777.50000   51.33149
  28.00000  153.10000  145.00000  113.00000  178.50000    8.00000 1001.90000  688.70000   25.55956
  28.00000  326.00000    0.00000  138.00000  199.00000   11.00000  801.00000  792.00000   40.67908
 365.00000  237.50000  237.50000    0.00000  228.00000    0.00000  932.00000  594.00000   38.99538
  28.00000  146.50000  114.60000   89.30000  201.90000    8.80000  860.00000  829.50000   19.98791
  28.00000  134.70000    0.00000  165.70000  180.20000   10.00000  961.00000  804.90000   13.29379
  28.00000  339.20000    0.00000    0.00000  185.70000    0.00000 1069.20000  754.30000   31.89999
  28.00000  140.00000  133.00000  103.00000  200.00000    7.00000  916.00000  753.00000   36.43881
  28.00000  313.00000  145.00000    0.00000  127.00000    8.00000 1000.00000  822.00000   44.51947
   7.00000  439.00000  177.00000    0.00000  186.00000   11.10000  884.90000  707.90000   56.09577
  28.00000  249.10000    0.00000   98.75000  158.11000   12.80000  987.76000  889.01000   30.84716
  91.00000  469.00000  117.20000    0.00000  137.80000   32.20000  852.10000  840.50000   70.69887
  28.00000  298.00000  137.00000  107.00000  201.00000    6.00000  878.00000  655.00000   53.52402
  28.00000  300.00000    0.00000  120.00000  212.00000   10.00000  878.00000  728.00000   23.83519
  56.00000  376.00000    0.00000    0.00000  214.60000    0.00000 1003.50000  762.36000   36.30091
  90.00000  133.00000  200.00000    0.00000  192.00000    0.00000  927.40000  839.20000   36.58842
  28.00000  183.90000  122.60000    0.00000  203.50000    0.00000  959.20000  800.00000   24.04616
   3.00000  250.20000  166.80000    0.00000  203.50000    0.00000  977.60000  694.10000    9.73126
   7.00000  250.00000    0.00000    0.00000  182.00000    0.00000 1100.00000  820.00000   12.73462
  14.00000  322.00000    0.00000    0.00000  203.00000    0.00000  974.00000  800.00000   20.77391
  14.00000  213.72000   98.05000   24.51000  181.71000    6.86000 1065.80000  785.38000   30.38521
 180.00000  310.00000    0.00000    0.00000  192.00000    0.00000  970.00000  850.00000   37.32823
   7.00000  238.00000    0.00000    0.00000  186.00000    0.00000 1119.00000  789.00000   12.05204
   7.00000  337.90000  189.00000    0.00000  174.90000    9.50000  944.70000  755.80000   35.10122
 360.00000  310.00000    0.00000    0.00000  192.00000    0.00000  970.00000  850.00000   38.11423
  28.00000  260.00000  101.00000   78.00000  171.00000   10.00000  936.00000  763.00000   49.77327
  28.00000  236.00000  157.00000    0.00000  192.00000    0.00000  972.60000  749.10000   32.88456
   7.00000  310.00000    0.00000    0.00000  192.00000    0.00000 1012.00000  830.00000   17.24379
  14.00000  212.52000    0.00000  100.37000  159.32000    8.71000 1007.80000  903.59000   26.31040
  56.00000  168.88000   42.22000  124.25000  158.33000   10.83000 1080.80000  796.15000   39.14845
  91.00000  425.00000  106.30000    0.00000  151.40000   18.60000  936.00000  803.70000   66.69991
  28.00000  252.31000    0.00000   98.75000  146.25000   14.17000  987.76000  889.01000   50.60064
  14.00000  173.81000   93.37000  159.90000  172.34000    9.73000 1007.20000  746.60000   29.55094
  90.00000  212.00000  141.30000    0.00000  203.50000    0.00000  973.40000  750.00000   39.70003
   3.00000  200.00000  133.00000    0.00000  192.00000    0.00000  965.40000  806.20000   11.41428
   7.00000  210.70000  316.10000    0.00000  185.70000    0.00000  977.00000  689.30000   21.81985
  56.00000  374.00000  189.20000    0.00000  170.10000   10.10000  926.10000  756.70000   63.39732
  56.00000  362.60000  189.00000    0.00000  164.90000   11.60000  944.70000  755.80000   77.29715
  56.00000  212.00000    0.00000  124.78000  159.00000    7.84000 1085.40000  799.54000   45.08484
  28.00000  147.00000  115.00000   89.00000  202.00000    9.00000  860.00000  829.00000   19.98791
  56.00000  190.34000    0.00000  125.18000  166.61000    9.88000 1079.00000  798.90000   31.71590
  28.00000  304.80000    0.00000   99.60000  196.00000    9.80000  959.40000  705.20000   30.12321
   7.00000  425.00000  106.30000    0.00000  153.50000   16.50000  852.10000  887.10000   49.20101
   7.00000  387.00000   20.00000   94.00000  157.00000   14.32000  938.00000  845.00000   36.83870
  28.00000  145.90000  230.50000    0.00000  202.50000    3.40000  827.00000  871.80000   32.72046
  28.00000  262.00000  111.00000   86.00000  195.00000    5.00000  895.00000  733.00000   33.71538
 180.00000  254.00000    0.00000    0.00000  198.00000    0.00000  968.00000  863.00000   27.62730
   3.00000  310.00000    0.00000    0.00000  192.00000    0.00000 1012.00000  830.00000   11.85209
   3.00000  122.60000  183.90000    0.00000  203.50000    0.00000  958.20000  800.10000    3.31983
  28.00000  275.00000  180.00000  120.00000  162.00000   10.35000  830.00000  765.00000   76.23536
  28.00000  260.90000  100.50000   78.30000  200.60000    8.60000  864.50000  761.50000   32.40124
 100.00000  233.81000    0.00000   94.58000  197.89000    4.56700  947.04000  852.16000   34.55654
  28.00000  397.00000   17.20000  158.00000  167.00000   20.80000  967.00000  633.00000   55.64761
  28.00000  168.88000   42.22000  124.25000  158.33000   10.83000 1080.80000  796.15000   31.11605
  28.00000  149.00000  118.00000   92.00000  183.00000    7.00000  953.00000  780.00000   23.51803
  28.00000  164.00000    0.00000  200.00000  181.00000   13.00000  849.00000  846.00000   15.08573
  28.00000  151.80000  178.10000  138.70000  167.50000   18.30000  944.00000  694.60000   36.34986
   7.00000  359.00000   19.00000  141.00000  154.00000   10.91000  942.00000  801.00000   38.61066
  28.00000  229.97000    0.00000  118.31000  195.47000    4.63000 1029.40000  758.59000   24.48329
  28.00000  251.81000    0.00000   99.94000  146.14000   12.35000 1006.00000  899.76000   33.94290
  28.00000  159.00000  209.00000  161.00000  201.00000    7.00000  848.00000  669.00000   30.88163
  56.00000  249.10000    0.00000   98.75000  158.11000   12.80000  987.76000  889.01000   42.03046
   7.00000  491.00000   26.00000  123.00000  201.00000    3.93000  822.00000  699.00000   37.92118
  28.00000  305.00000    0.00000  100.00000  196.00000   10.00000  959.00000  705.00000   30.12321
 100.00000  229.68000    0.00000  118.16000  195.23000    6.13000 1028.10000  757.63000   40.85835
  28.00000  362.60000  189.00000    0.00000  164.90000   11.60000  944.70000  755.80000   71.29871
   7.00000  362.60000  189.00000    0.00000  164.90000   11.60000  944.70000  755.80000   22.89750
  28.00000  158.80000  238.20000    0.00000  185.70000    0.00000 1040.60000  734.30000   21.06625
   3.00000  475.00000  118.80000    0.00000  181.10000    8.90000  852.10000  781.50000   37.79707
  28.00000  143.80000  136.30000  106.20000  178.10000    7.50000  941.50000  774.30000   26.14769
  28.00000  380.00000   95.00000    0.00000  228.00000    0.00000  932.00000  594.00000   36.44777
   7.00000  382.00000    0.00000    0.00000  186.00000    0.00000 1047.00000  739.00000   24.00066
   3.00000  425.00000  106.30000    0.00000  153.50000   16.50000  852.10000  887.10000   33.39822
 365.00000  266.00000  114.00000    0.00000  228.00000    0.00000  932.00000  670.00000   52.90832
   7.00000  389.90000  189.00000    0.00000  145.90000   22.00000  944.70000  755.80000   59.09499
   3.00000  167.35000  129.90000  128.62000  175.46000    7.79000 1006.30000  746.60000   14.94094
   3.00000  139.60000  209.40000    0.00000  192.00000    0.00000 1047.00000  806.90000    8.06342
  28.00000  295.00000    0.00000    0.00000  185.00000    0.00000 1069.00000  769.00000   25.17966
  28.00000  355.90000    0.00000  141.60000  193.30000   11.00000  801.40000  778.40000   40.86869
  28.00000  362.60000  189.00000    0.00000  164.90000   11.60000  944.70000  755.80000   71.29871
 100.00000  222.36000    0.00000   96.67000  189.29000    4.46000  967.08000  870.32000   40.71356
   7.00000  200.00000    0.00000    0.00000  180.00000    0.00000 1125.00000  845.00000    7.83934
   7.00000  252.00000    0.00000    0.00000  186.00000    0.00000 1111.00000  784.00000   11.46599
  56.00000  213.50000    0.00000  174.24000  159.21000   11.66000 1043.60000  771.90000   51.25565
  14.00000  275.07000    0.00000  121.35000  159.48000    9.90000 1053.60000  777.50000   38.76924
  56.00000  425.00000  106.30000    0.00000  151.40000   18.60000  936.00000  803.70000   64.90038
  28.00000  213.50000    0.00000  174.24000  154.61000   11.66000 1052.30000  775.48000   45.93979
  28.00000  202.00000   11.00000  141.00000  206.00000    1.72000  942.00000  801.00000   21.96671
   3.00000  133.00000  200.00000    0.00000  192.00000    0.00000  927.40000  839.20000    6.88373
  28.00000  318.80000  212.50000    0.00000  155.70000   14.30000  852.10000  880.40000   55.49592
  28.00000  362.60000  189.00000    0.00000  164.90000   11.60000  944.70000  755.80000   71.29871
  90.00000  310.00000    0.00000    0.00000  192.00000    0.00000  970.00000  850.00000   34.68064
   7.00000  122.60000  183.90000    0.00000  203.50000    0.00000  958.20000  800.10000   10.35455
  91.00000  286.30000  200.90000    0.00000  144.70000   11.20000 1004.60000  803.70000   76.80073
   3.00000  393.00000    0.00000    0.00000  192.00000    0.00000  940.00000  758.00000   19.10538
  28.00000  450.10000   50.00000    0.00000  200.00000    3.00000 1124.40000  613.20000   39.37597
  28.00000  143.00000  169.40000  142.70000  190.70000    8.40000  967.40000  643.50000   29.72607
  28.00000  108.30000  162.40000    0.00000  203.50000    0.00000  938.20000  849.00000   20.59396
  56.00000  181.38000    0.00000  167.01000  169.59000    7.56000 1055.60000  777.80000   35.57007
   7.00000  181.90000  272.80000    0.00000  185.70000    0.00000 1012.40000  714.30000   12.37265
   3.00000  387.00000   20.00000   94.00000  157.00000   14.32000  938.00000  845.00000   22.75271
  28.00000  321.00000    0.00000  128.00000  182.00000   11.00000  870.00000  780.00000   37.25928
   3.00000  424.00000   22.00000  132.00000  178.00000    8.48000  882.00000  750.00000   32.01139
  28.00000  153.00000  145.00000  113.00000  178.00000    8.00000  867.00000  824.00000   26.22767
  28.00000  374.30000    0.00000    0.00000  190.20000    6.70000 1013.20000  730.40000   39.05606
  28.00000  145.70000  172.60000    0.00000  181.90000    3.40000  985.80000  816.80000   23.74417
  14.00000  173.54000   50.05000  173.53000  164.77000    6.47000 1006.20000  793.50000   33.00522
 100.00000  251.37000    0.00000  118.27000  188.45000    5.75000 1028.40000  757.73000   43.58178
  28.00000  425.00000  106.30000    0.00000  153.50000   16.50000  852.10000  887.10000   60.29468
  28.00000  401.80000   94.70000    0.00000  147.40000   11.40000  946.80000  852.10000   68.49944
 100.00000  249.10000    0.00000   98.75000  158.11000   12.80000  987.76000  889.01000   51.05570
  28.00000  228.00000  342.10000    0.00000  185.70000    0.00000  955.80000  674.30000   39.69934
  14.00000  250.00000    0.00000   95.69000  187.42000    5.53000  956.86000  861.17000   24.91766
 100.00000  166.09000    0.00000  163.27000  176.46000    4.49000 1058.60000  780.09000   33.54301
   7.00000  295.80000    0.00000    0.00000  185.70000    0.00000 1091.40000  769.30000   14.84373
  28.00000  275.00000    0.00000    0.00000  183.00000    0.00000 1088.00000  808.00000   24.49708
  28.00000  425.00000  106.30000    0.00000  153.50000   16.50000  852.10000  887.10000   60.29468
   3.00000  362.60000  189.00000    0.00000  164.90000   11.60000  944.70000  755.80000   35.30117
  56.00000  246.83000    0.00000  125.08000  143.30000   11.99000 1086.80000  800.89000   60.32226
  56.00000  190.34000    0.00000  125.18000  161.85000    9.88000 1088.10000  802.59000   38.56239
  28.00000  251.37000    0.00000  118.27000  192.94000    5.75000 1043.60000  754.30000   33.27411
  90.00000  342.00000   38.00000    0.00000  228.00000    0.00000  932.00000  670.00000   50.45930
   7.00000  296.00000    0.00000    0.00000  192.00000    0.00000 1085.00000  765.00000   14.20321
  90.00000  380.00000    0.00000    0.00000  228.00000    0.00000  932.00000  670.00000   52.90832
   3.00000  359.00000   19.00000  141.00000  154.00000   10.91000  942.00000  801.00000   23.63918
   7.00000  236.00000  157.00000    0.00000  192.00000    0.00000  972.60000  749.10000   20.41607
  56.00000  425.00000  106.30000    0.00000  153.50000   16.50000  852.10000  887.10000   64.30053
  14.00000  251.37000    0.00000  118.27000  188.45000    6.35000 1028.40000  757.73000   24.42813
  56.00000  491.00000   26.00000  123.00000  201.00000    3.93000  822.00000  699.00000   61.85585
  28.00000  321.00000  164.00000    0.00000  190.00000    5.00000  870.00000  774.00000   57.21272
   7.00000  102.00000  153.00000    0.00000  192.00000    0.00000  887.00000  942.00000    7.67594
  56.00000  446.00000   24.00000   79.00000  162.00000   11.64000  967.00000  712.00000   55.25461
  28.00000  316.10000  210.70000    0.00000  185.70000    0.00000  977.00000  689.30000   38.70029
  28.00000  349.00000    0.00000    0.00000  192.00000    0.00000 1047.00000  806.00000   32.72253
  56.00000  194.68000    0.00000  100.52000  170.17000    7.48000  998.00000  901.80000   43.38872
  28.00000  313.00000  145.00000    0.00000  178.00000    8.00000 1002.00000  689.00000   41.05140
  28.00000  284.00000   15.00000  141.00000  179.00000    5.46000  842.00000  801.00000   43.73346
  28.00000  160.00000  128.00000  122.00000  182.00000    6.40000  824.00000  879.00000   39.39666
  28.00000  181.38000    0.00000  167.01000  169.59000    7.56000 1055.60000  777.80000   27.77209
   7.00000  252.50000    0.00000    0.00000  185.70000    0.00000 1111.60000  784.30000   11.48391
  28.00000  140.00000  164.00000  128.00000  237.00000    6.00000  869.00000  656.00000   35.22533
   3.00000  213.50000    0.00000  174.24000  159.21000   11.66000 1043.60000  771.90000   15.60974
