   0.25000    0.00000    0.25000    0.00000    0.25000    0.25000    0.53383
   0.20000    0.20000    0.20000    0.20000    0.00000    0.20000    0.68540
   0.00000    0.00000    0.50000    0.00000    0.50000    0.00000    0.62673
   0.25000    0.25000    0.25000    0.00000    0.00000    0.25000    0.64566
   0.00000    0.00000    1.00000    0.00000    0.00000    0.00000    0.54971
   0.00000    0.25000    0.25000    0.25000    0.25000    0.00000    0.78042
   0.00000    1.00000    0.00000    0.00000    0.00000    0.00000    0.53187
   0.20000    0.20000    0.20000    0.20000    0.20000    0.00000    0.73045
   0.00000    0.00000    0.00000    0.50000    0.50000    0.00000    0.67988
   0.50000    0.00000    0.00000    0.50000    0.00000    0.00000    0.52698
   0.00000    0.33300    0.00000    0.33300    0.33300    0.00000    0.65173
   0.25000    0.25000    0.25000    0.00000    0.25000    0.00000    0.68087
   0.00000    0.33300    0.33300    0.00000    0.33300    0.00000    0.74012
   0.00000    0.25000    0.25000    0.25000    0.00000    0.25000    0.67939
   0.00000    0.00000    0.00000    0.00000    0.50000    0.50000    0.29828
   0.20000    0.20000    0.00000    0.20000    0.20000    0.20000    0.61255
   0.00000    0.00000    0.00000    0.00000    1.00000    0.00000    0.32435
   0.33300    0.00000    0.00000    0.33300    0.00000    0.33300    0.54224
   0.00000    0.00000    0.00000    0.50000    0.00000    0.50000    0.56143
   0.00000    0.50000    0.00000    0.00000    0.00000    0.50000    0.53629
   0.33300    0.00000    0.33300    0.00000    0.00000    0.33300    0.52502
   0.00000    0.20000    0.20000    0.20000    0.20000    0.20000    0.68674
   0.33300    0.00000    0.00000    0.33300    0.33300    0.00000    0.61861
   0.00000    0.00000    0.33300    0.33300    0.33300    0.00000    0.74693
   0.50000    0.00000    0.50000    0.00000    0.00000    0.00000    0.60504
   0.33300    0.00000    0.00000    0.00000    0.33300    0.33300    0.29512
   0.00000    0.33300    0.33300    0.00000    0.00000    0.33300    0.56986
   0.25000    0.25000    0.00000    0.00000    0.25000    0.25000    0.48216
   0.00000    0.00000    0.33300    0.00000    0.33300    0.33300    0.46118
   0.00000    0.00000    0.00000    0.00000    0.00000    1.00000    0.32661
