   0.00000    0.00000    0.00000    0.00000    2.87600    1.85700    0.69900    0.00000    3.91800
   0.00000    0.00000    0.00000    0.00000    3.21000    1.92400    0.78800    0.00000    4.93300
   0.00000    0.00000    0.00000    0.00000    2.06700    1.80000    1.25000    0.00000    3.94100
   0.00000  347.32000  571.95200   18.00000   -6.44600    4.62400    1.39000    5.00000    3.08800
   1.00000   67.79000  107.83900    2.00000    2.34700    3.24300    1.40000    1.00000    3.91700
   1.00000   46.53000   78.82800    1.00000    2.75800    2.85600    1.02200    0.00000    3.79400
   0.00000   41.13000   61.16600    2.00000    3.98800    3.16900    0.62700    2.00000    7.47800
   0.00000   79.93000   16.78600    1.00000    1.76900    2.23900    0.79300    1.00000    4.49400
   1.00000   58.20000  116.23200    2.00000    3.50800    3.28100    0.80300    2.00000    7.80200
   0.00000    0.00000    0.00000    0.00000    3.13800    1.50900    1.70000    0.00000    3.87000
   1.00000   44.45000   16.78600    0.00000    1.15700    1.33400    0.68500    1.00000    5.41800
   0.00000   20.23000   42.68300    1.00000    2.72900    1.97500    0.50000    0.00000    4.79700
   0.00000   40.46000   85.36700    2.00000    3.30600    2.83200    0.91700    0.00000    4.30100
   0.00000   96.31000   77.72700    1.00000    1.12600    3.53600    1.15700    3.00000    3.59400
   2.00000   75.39000   67.20400    0.00000    2.98100    2.78400    1.07200    1.00000    6.47500
   0.00000    0.00000    0.00000    0.00000    6.23200    2.72800    0.49300    0.00000    7.61000
   2.00000   64.63000   90.30000    1.00000    1.65100    2.78500    1.34600    1.00000    3.07200
   0.00000   20.23000   42.68300    1.00000    3.31400    2.02700    0.40900    0.00000    4.49500
   0.00000  100.87000  112.49400    0.00000    3.27500    2.66100    1.24300    2.00000    5.63600
   0.00000    0.00000    0.00000    0.00000    2.94200    1.90800    1.06300    0.00000    3.79100
   0.00000   26.02000   32.89700    2.00000    2.72900    1.97500    0.46200    1.00000    5.43700
   2.00000   55.84000   75.41400    0.00000    1.90700    2.89200    1.43900    1.00000    3.53600
   0.00000   29.46000   53.68300    1.00000    1.62900    2.35300    1.20000    0.00000    2.61400
   2.00000   59.32000   78.20400    0.00000    3.90700    3.93400    0.90800    1.00000    9.06300
   0.00000   81.95000  157.06100    4.00000    1.35800    3.32500    1.24800    1.00000    3.27700
   2.00000   52.60000   72.29000    0.00000    6.33800    4.16000    1.40200    0.00000    6.19400
   1.00000   74.57000  147.15300    2.00000    1.78900    3.37300    1.17500    3.00000    3.43200
   0.00000    3.24000    3.12400    0.00000    4.76100    3.27300    1.05200    1.00000    5.55100
   0.00000    0.00000    0.00000    0.00000    4.33200    2.70000    0.75800    0.00000    5.40600
   3.00000  115.14000  206.60900    3.00000   -1.16900    2.33300    1.49600    1.00000    2.73600
   2.00000  138.26000   86.13300    0.00000    0.49100    2.85400    1.14600    0.00000    8.34900
   0.00000   20.23000   42.68300    1.00000   -0.81400    1.00000    2.35300    0.00000    0.98900
   1.00000   37.30000   67.82800    1.00000    0.99600    1.74600    1.54700    0.00000    3.35800
   0.00000    0.00000    0.00000    0.00000    3.26700    2.11900    1.25000    0.00000    5.37300
   0.00000  111.87000  144.17700    1.00000    1.74800    2.37700    0.83900    2.00000    4.79000
   0.00000   88.03000   86.37800    2.00000    3.18500    2.93000    1.13000    5.00000    4.48500
   0.00000    9.23000   11.00000    0.00000    2.72300    2.32100    1.16500    0.00000    7.33700
   0.00000   28.24000    0.00000    0.00000    3.16900    2.23800    0.71100    0.00000    4.02500
   0.00000   82.67000   47.44700    1.00000    3.74700    2.93500    1.51300    1.00000    8.11300
   0.00000    9.23000   11.00000    0.00000    4.19000    2.22500    0.58000    0.00000    7.01200
   0.00000   41.57000   57.28000    1.00000    0.73400    2.54800    1.85300    2.00000    3.25000
   0.00000   12.03000   18.01100    1.00000    6.72800    4.39200    1.55400    1.00000    6.53700
   0.00000   41.13000   61.16600    2.00000   -1.09500    1.72600    1.46300    2.00000    1.18800
   0.00000  115.41000   71.51200    0.00000    1.91900    2.72000    1.29100    1.00000    7.67100
   1.00000   87.28000  110.68800    1.00000    2.84300    3.24400    0.74500    3.00000    4.02200
   0.00000  140.02000  119.20900    4.00000   -0.81200    2.47800    0.92600    3.00000    7.37800
   0.00000  132.86000   33.57100    0.00000    2.89200    3.48700    0.57200    2.00000    3.61900
   0.00000   77.82000   99.36500    4.00000    3.04800    2.81300    0.79100    4.00000    4.63200
   1.00000   26.30000   36.14500    0.00000    0.58600    1.57700    1.88100    0.00000    2.09000
   0.00000   35.25000   43.89700    2.00000    1.24600    2.03100    1.08100    1.00000    4.01100
   0.00000    9.23000   11.00000    0.00000    5.45300    2.88700    0.49500    0.00000    6.72300
   1.00000   17.07000   25.14500    0.00000    1.44200    1.50900    1.15700    0.00000    2.57600
   0.00000   56.79000   76.15500    1.00000    1.06400    2.72000    1.34600    1.00000    6.88300
   1.00000   90.37000  131.63500    3.00000    0.33200    2.70600    1.31300    3.00000    2.07200
   1.00000   35.53000   47.14500    0.00000    3.96700    3.36800    1.53300    0.00000    5.47500
   1.00000  180.08000  310.81000    5.00000    0.14300    4.80500    1.59700    2.00000    3.79500
   0.00000   20.23000   42.68300    1.00000    3.61700    2.07400    0.34000    0.00000    5.61000
   0.00000   12.89000   16.78600    0.00000    2.06600    2.28400    0.86700    1.00000    3.53000
   0.00000  118.22000  238.56200    5.00000    2.20100    3.83000    1.21400    0.00000    6.42400
   1.00000   58.11000   32.89700    2.00000   -0.31700    1.22500    0.57500    1.00000    3.63800
   1.00000  181.62000  324.87300    7.00000   -0.39200    3.62900    0.86300    2.00000    3.57300
   0.00000   26.02000   32.89700    2.00000    3.31400    2.01800    0.36600    1.00000    5.43000
   0.00000   20.23000   42.68300    1.00000    2.19300    1.97500    1.02000    0.00000    4.76500
   0.00000   45.34000   34.10600    0.00000    1.29700    2.04200    1.93300    0.00000    2.82900
   0.00000   12.03000   18.01100    1.00000    2.19300    2.13400    1.11700    1.00000    5.46000
   0.00000   12.89000   16.78600    0.00000    2.66000    2.40800    0.97600    1.00000    3.61800
   0.00000   91.64000  101.49400    0.00000    2.50700    2.33400    0.54300    2.00000    5.40200
   0.00000    0.00000    0.00000    0.00000    1.81700    1.33400    0.71800    0.00000    2.49000
   1.00000  115.38000  179.26900    3.00000    1.22800    3.03900    0.78700    2.00000    3.02500
   0.00000   45.82000   50.74700    0.00000    2.24100    2.09000    0.94200    1.00000    4.14000
   0.00000    3.24000    3.12400    0.00000    2.19300    2.04800    1.24100    1.00000    4.38500
   2.00000   69.67000   97.43500    0.00000    3.12200    3.72300    1.26000    0.00000    7.37100
   1.00000   20.31000   28.26900    0.00000   -0.27300    1.40100    2.07300    1.00000    0.70400
   0.00000   42.52000   44.31300    0.00000    4.74600    2.90500    0.91600    0.00000    4.71100
   0.00000   20.23000   42.68300    1.00000    1.20900    1.43000    0.47600    0.00000    3.00200
   0.00000   26.02000   32.89700    2.00000    1.50600    1.85700    0.81500    1.00000    5.37100
   0.00000   26.02000   32.89700    2.00000    3.61700    2.07400    0.28800    1.00000    5.55900
   0.00000   98.61000   57.46000    0.00000    2.05400    2.89100    1.44200    3.00000    9.14000
   0.00000   20.23000   42.68300    1.00000    2.12700    1.90800    0.63300    0.00000    4.23800
   0.00000    0.00000    0.00000    0.00000    2.41900    1.22500    0.66700    0.00000    3.74000
   0.00000    0.00000    0.00000    0.00000    3.67700    2.34400    0.86800    0.00000    4.98000
   0.00000    0.00000    0.00000    0.00000    3.25900    1.97900    1.11100    0.00000    4.30000
   0.00000   12.89000   16.78600    0.00000    1.53300    2.05600    1.20300    1.00000    3.48100
   0.00000   45.61000   28.26900    0.00000    1.97100    2.29400    1.27500    1.00000    4.60800
   0.00000    0.00000    0.00000    0.00000    5.55100    3.23100    0.68900    0.00000    6.00400
   0.00000   70.14000   50.90800    3.00000   -0.79200    1.40100    0.64700    2.00000    3.97900
   0.00000    0.00000    0.00000    0.00000    5.47200    2.67600    0.57700    0.00000    5.64000
   1.00000   26.30000   36.14500    0.00000    0.99600    1.72300    1.80500    0.00000    2.82700
   0.00000    0.00000    0.00000    0.00000    1.36400    1.15500    0.57600    0.00000    2.65900
   0.00000   21.26000   29.01100    1.00000    2.82600    2.70900    1.18400    1.00000    5.03600
   1.00000   74.92000  138.78300    1.00000    3.16000    2.82700    1.14000    2.00000    5.30100
   2.00000   59.32000   78.20400    0.00000    4.83200    4.07400    0.96200    1.00000    8.58200
   0.00000   26.02000   32.89700    2.00000    0.20200    1.33400    1.34700    1.00000    3.13300
   0.00000   54.57000   41.02800    0.00000    5.20800    3.69100    1.58500    0.00000    6.38300
   0.00000    0.00000    0.00000    0.00000    2.22600    1.40100    0.82600    0.00000    3.63100
   0.00000    0.00000    0.00000    0.00000    2.63800    1.40100    0.63200    0.00000    4.33000
   0.00000   28.24000    0.00000    0.00000    4.76000    2.99500    0.65000    0.00000    6.02700
   0.00000   20.23000   42.68300    1.00000    3.61700    2.07400    0.34000    0.00000    6.11000
   0.00000    0.00000    0.00000    0.00000    5.16500    3.11100    0.73200    0.00000    6.21900
   1.00000   23.79000   31.05900    0.00000   -0.31700    1.15500    1.40300    1.00000    1.05700
   0.00000   47.36000   21.13500    1.00000    0.18000    1.62700    1.05100    2.00000    2.18800
   0.00000  110.96000   13.84300    0.00000    3.08900    3.01500    0.88900    0.00000    6.44200
   2.00000   74.60000  135.65700    2.00000   -0.45000    1.82300    1.07500    0.00000    2.76400
   0.00000   94.88000  149.49800    0.00000    4.20700    3.04700    1.28300    3.00000    6.24000
   0.00000   26.02000   32.89700    2.00000    2.19300    2.05600    0.99200    1.00000    6.13000
   0.00000   65.82000   80.76500    0.00000    3.69200    3.88300    1.08700    3.00000    6.75600
   1.00000   49.33000   85.83900    2.00000    1.06000    2.27200    1.00700    1.00000    4.21600
   0.00000   29.46000   53.68300    1.00000    2.73600    2.18700    0.62000    0.00000    5.37200
   0.00000    0.00000    0.00000    0.00000    4.06300    1.96000    0.49900    0.00000    4.75000
   0.00000   95.96000    6.24900    0.00000    0.45400    2.07200    0.80000    2.00000    4.85800
   0.00000  111.56000   99.40000    2.00000    0.65800    3.42600    1.18900    4.00000    2.68500
   2.00000   49.41000   71.18000    1.00000    4.76100    3.53700    1.14700    2.00000    4.30700
   0.00000   70.14000   50.90800    3.00000    1.29400    2.20300    0.59100    2.00000    3.47600
   0.00000   82.48000   37.55000    0.00000    3.21300    2.80600    1.17200    1.00000    8.84900
   0.00000   52.04000   65.79400    4.00000   -1.05300    1.33400    1.61000    2.00000    3.35800
   0.00000   12.53000   11.00000    0.00000    4.45200    2.71600    0.49000    0.00000    5.51300
   0.00000   75.74000   93.69400    3.00000    2.19500    4.36500    1.08600    2.00000    5.13200
   0.00000   20.23000   42.68300    1.00000    1.94000    1.99700    1.61000    0.00000    3.22600
   2.00000   52.60000   72.29000    0.00000    2.57700    2.70700    1.31300    0.00000    3.60300
   0.00000    0.00000    0.00000    0.00000    4.82300    2.29900    1.60000    0.00000    5.29900
   0.00000   29.46000   53.68300    1.00000    3.84200    2.88700    0.61400    0.00000    6.10900
   0.00000   20.23000   42.68300    1.00000    3.90900    2.12000    0.28100    0.00000    5.56000
   0.00000    0.00000    0.00000    0.00000    4.63400    2.01800    0.46100    0.00000    5.60000
   2.00000   59.32000   93.16400    0.00000    4.27900    3.96200    0.90700    1.00000    9.13300
   1.00000   83.67000   84.18400    1.00000    0.34900    2.39700    2.09200    1.00000    5.76000
   2.00000   58.20000   86.31100    2.00000    3.65200    3.55700    1.23700    2.00000    4.24900
   0.00000    0.00000    0.00000    0.00000    6.47000    2.80500    0.46900    0.00000    8.78000
   0.00000   20.23000   42.68300    1.00000    3.31400    2.02700    0.40900    0.00000    5.46100
   0.00000   26.02000   32.89700    2.00000    3.31400    2.03100    0.36600    1.00000    4.76100
   0.00000   34.14000   50.29000    0.00000    2.23300    2.41500    0.86600    0.00000    5.54500
   0.00000   41.57000   57.28000    1.00000    3.18000    3.29200    1.01400    2.00000    4.99200
   1.00000   26.30000   36.14500    0.00000    2.75400    2.45400    1.42100    0.00000    4.88600
   2.00000   52.60000   72.29000    0.00000    3.61800    3.19700    1.35600    0.00000    4.87800
   0.00000    0.00000    0.00000    0.00000    5.45300    2.83700    0.73500    0.00000    6.85800
   0.00000  164.90000  144.33300    4.00000    0.16000    3.32300    0.83300    4.00000    4.33000
   0.00000  105.86000   19.91000    0.00000    0.62300    2.11600    0.50800    2.00000    5.92200
   0.00000    0.00000    0.00000    0.00000    3.87600    2.53900    0.83700    0.00000    4.90900
   0.00000   40.46000   85.36700    2.00000    0.70600    1.76800    1.59400    0.00000    1.22000
   0.00000    0.00000    0.00000    0.00000    5.47200    2.70300    0.57700    0.00000    6.20900
   1.00000   46.53000   78.82800    1.00000    2.35400    2.45500    0.74300    0.00000    3.78300
   0.00000   62.73000   86.37800    2.00000    2.59000    2.54600    1.27700    5.00000    3.60100
   1.00000   86.52000  117.43700    2.00000    2.03100    2.67900    1.19800    6.00000    6.44700
   0.00000   29.46000   53.68300    1.00000   -0.08100    1.67800    1.95200    0.00000    1.07000
   1.00000   44.45000   16.78600    0.00000    3.64800    2.42700    0.75700    1.00000    6.09900
   0.00000   12.03000   18.01100    1.00000    1.85900    1.98900    1.06200    1.00000    5.79000
   4.00000  215.34000  327.62900    3.00000    0.18900    4.67700    1.33300    0.00000    6.06400
   2.00000  118.65000  210.60000    1.00000    3.77300    3.75900    0.95000    1.00000    4.50100
   0.00000   45.82000   50.74700    0.00000    2.50900    2.09000    0.61700    1.00000    3.64000
   0.00000   29.46000   53.68300    1.00000   -0.08100    1.57700    1.95200    0.00000    0.59000
   0.00000   34.14000   50.29000    0.00000    1.41500    2.07400    1.10800    0.00000    5.00100
   0.00000   20.23000   42.68300    1.00000    3.92100    2.49400    1.22900    0.00000    6.36000
   0.00000   36.60000   20.26300    0.00000    1.35400    1.89000    2.07300    3.00000    1.43000
   1.00000  114.76000   56.99900    1.00000   -0.75500    2.21400    1.03300    1.00000    5.13000
   0.00000    9.23000   11.00000    0.00000    1.85900    1.98900    1.16400    0.00000    3.43200
   1.00000   36.26000   60.14400    0.00000    3.30000    3.46900    1.10200    2.00000    4.92000
   0.00000    0.00000    0.00000    0.00000    2.22600    1.40100    0.82600    0.00000    3.33900
   1.00000   43.09000   58.04200    2.00000    2.48100    2.13300    0.50600    1.00000    2.34800
   0.00000   40.46000   85.36700    2.00000    5.25500    3.00100    0.48500    0.00000    4.83800
   0.00000  110.96000   13.84300    0.00000    1.97100    2.52000    1.01200    0.00000    8.20700
   0.00000   71.06000   94.28900    0.00000    0.97700    3.19100    1.14600    0.00000    2.50600
   1.00000   20.31000   28.26900    0.00000    2.82100    2.50200    1.28300    1.00000    3.07800
   0.00000   28.24000    0.00000    0.00000    3.16900    2.22400    0.71100    0.00000    4.75600
   0.00000   52.04000   65.79400    4.00000    0.89300    1.91800    0.73200    2.00000    4.26300
   0.00000    0.00000    0.00000    0.00000    4.20300    1.99700    1.62500    0.00000    5.47000
   2.00000  104.06000  189.34000    3.00000    1.92900    3.19700    1.02100    0.00000    4.18700
   0.00000   12.89000   16.78600    0.00000    0.46800    1.80000    1.03800    1.00000    1.81500
   0.00000   29.46000   53.68300    1.00000    3.02800    2.22500    0.54800    0.00000    6.17600
   0.00000    0.00000    0.00000    0.00000    5.12400    2.51500    0.45600    0.00000    6.77700
   0.00000   48.02000   61.16600    2.00000    2.58900    2.91900    0.82600    2.00000    4.23400
   2.00000   88.90000   33.57100    0.00000    4.40500    2.45600    0.56800    2.00000    6.39900
   1.00000   84.58000  129.73600    4.00000    0.92500    3.17800    1.26300    2.00000    3.90200
   1.00000   87.66000  139.99500    3.00000    1.58900    3.51400    1.33900    2.00000    3.81900
   0.00000  103.67000  119.50500    1.00000    3.54600    2.84700    1.21100    3.00000    3.72500
   0.00000    9.23000   11.00000    0.00000    3.27500    2.72700    0.87400    0.00000    3.95300
   1.00000  120.73000  148.22000    1.00000    0.09600    2.96400    1.16000    4.00000    3.50800
   0.00000   79.63000   77.87500    2.00000    1.32600    3.02400    1.12600    5.00000    5.05400
   0.00000  107.02000   52.33000    0.00000    0.64000    2.61400    1.23300    1.00000    5.76200
   0.00000    0.00000    0.00000    0.00000    2.22600    1.40100    0.57000    0.00000    3.49200
   0.00000   12.03000   18.01100    1.00000    0.81700    1.80000    1.48800    1.00000    3.93000
   0.00000   26.02000   32.89700    2.00000    2.72900    1.97900    0.46200    1.00000    5.16000
   2.00000   75.27000  111.45600    2.00000    0.77900    2.70900    1.02900    2.00000    2.20100
   0.00000    0.00000    0.00000    0.00000    3.47700    1.85700    1.42900    0.00000    4.81900
   0.00000   32.67000   47.53600    0.00000    3.22300    2.77300    0.88100    2.00000    4.40300
   1.00000   43.09000   58.04200    2.00000   -0.38000    1.40100    1.15100    1.00000    2.64900
   1.00000   92.35000  174.45500    1.00000    3.84000    3.37300    0.80200    1.00000    4.25700
   0.00000    0.00000    0.00000    0.00000    2.94200    1.91800    1.06300    0.00000    3.65300
   2.00000   64.16000   92.47000    0.00000    3.61300    4.24500    1.17500    4.00000    4.83500
   0.00000    0.00000    0.00000    0.00000    5.98900    2.75800    0.52900    0.00000    8.16000
   0.00000   54.57000   41.02800    0.00000    1.24600    2.08600    1.87500    0.00000    9.09900
   0.00000    0.00000    0.00000    0.00000    3.51600    1.67800    1.66700    0.00000    4.34000
   0.00000   26.02000   32.89700    2.00000    1.85900    1.91800    0.91700    1.00000    5.16800
   1.00000   84.32000  125.10800    2.00000    0.13900    2.74800    1.26700    2.00000    2.35900
   0.00000  121.26000    6.24900    0.00000    2.86900    3.09500    0.86200    2.00000    6.18800
   0.00000    0.00000    0.00000    0.00000    2.73400    1.85700    0.83100    0.00000    3.89000
   0.00000    0.00000    0.00000    0.00000    4.58800    2.74400    0.80700    0.00000    6.19000
   0.00000    0.00000    0.00000    0.00000    3.95800    2.48800    0.80200    0.00000    3.57500
   0.00000    0.00000    0.00000    0.00000    3.67700    2.32400    0.86800    0.00000    5.00100
   0.00000   55.05000   61.74700    0.00000    4.29600    3.05500    0.60300    1.00000    5.87800
   0.00000   12.53000   11.00000    0.00000    4.21400    2.68700    0.50400    0.00000    6.21000
   0.00000   20.23000   42.68300    1.00000    2.12700    1.92400    0.63300    0.00000    4.42600
   0.00000   34.14000   50.29000    0.00000    0.07600    1.84000    1.49300    0.00000    3.78800
   0.00000   38.69000   64.68300    1.00000   -0.12900    2.15000    1.97100    0.00000    1.53000
   2.00000   52.60000   72.29000    0.00000    2.00500    2.46800    1.28100    0.00000    3.77000
   0.00000   28.24000    0.00000    0.00000    2.85100    2.17600    0.65600    0.00000    3.35700
   0.00000   62.73000   86.37800    2.00000    2.27300    2.47800    1.25400    5.00000    3.33100
   0.00000    0.00000    0.00000    0.00000    2.85100    1.98900    0.93800    0.00000    3.53300
   1.00000   29.54000   39.26900    0.00000    3.02600    2.82800    1.24300    1.00000    4.33900
   2.00000  124.73000   67.25700    0.00000    1.02000    2.96900    0.94600    1.00000    5.60000
   0.00000   70.14000   50.90800    3.00000   -0.27300    1.57700    0.75600    2.00000    3.93600
   0.00000   73.58000   63.84200    2.00000    0.89400    3.13600    1.38800    3.00000    3.00800
   0.00000   20.23000   42.68300    1.00000    3.61700    2.07400    0.34000    0.00000    5.76000
   0.00000   45.82000   50.74700    0.00000    3.11000    2.14100    0.47800    1.00000    4.62000
   0.00000   57.53000  110.51200    2.00000    3.31000    3.26700    1.16900    0.00000    4.53500
   0.00000  100.39000   91.77500    0.00000    2.68200    2.90300    1.82300    1.00000    9.14100
   0.00000   45.61000   28.26900    0.00000    2.27500    2.44500    1.29000    1.00000    4.47400
   0.00000   17.07000   25.14500    0.00000    0.20200    1.22500    1.66000    0.00000    0.67300
   1.00000   46.53000   78.82800    1.00000    2.08600    2.45500    0.94100    0.00000    3.04700
   0.00000   47.56000   65.15500    1.00000    1.19100    2.89900    1.26500    1.00000    3.47000
   0.00000    0.00000    0.00000    0.00000    2.95700    1.50900    0.53300    0.00000    4.18600
   0.00000   47.36000   56.05500    0.00000    3.37300    3.47100    0.99200    3.00000    4.94300
   0.00000   54.57000   41.02800    0.00000    5.65000    4.02600    1.57500    0.00000    7.10000
   0.00000   50.94000   76.13200    1.00000    3.77000    3.09100    1.08100    3.00000    4.01000
   0.00000   45.82000   50.74700    0.00000    3.11000    2.16000    0.47800    1.00000    4.66000
   0.00000  110.96000   13.84300    0.00000    1.32100    2.40200    0.98800    0.00000    7.12800
   0.00000   58.56000   75.96500    0.00000    1.64800    2.68900    1.67500    4.00000    7.03700
   0.00000   61.35000   36.02200    2.00000   -0.27300    1.47500    0.87600    2.00000    3.39200
   1.00000   37.30000   67.82800    1.00000    0.58600    1.57700    1.56000    0.00000    3.16000
   1.00000   54.37000   92.97300    1.00000    3.37400    3.06100    0.91000    0.00000    3.59900
   0.00000   20.23000   42.68300    1.00000    1.85900    1.91800    0.94900    0.00000    3.76000
   0.00000   42.52000   44.31300    0.00000    2.77700    2.64300    1.05500    0.00000    4.57000
   0.00000   20.23000   42.68300    1.00000    3.12700    2.57000    0.79700    0.00000    5.38000
   0.00000  103.35000  161.25900    2.00000    2.40100    3.05300    0.79800    1.00000    4.14000
   0.00000   20.23000   42.68300    1.00000    3.04600    2.02700    0.60200    0.00000    5.63200
   0.00000    0.00000    0.00000    0.00000    6.16600    2.95900    0.57000    0.00000    8.27100
   0.00000    0.00000    0.00000    0.00000    3.25900    2.04800    1.11100    0.00000    3.77200
   0.00000    0.00000    0.00000    0.00000    4.92600    2.07400    0.47800    0.00000    4.67400
   1.00000   75.99000   73.77400    1.00000    0.05700    2.09300    1.12300    2.00000    6.96400
   0.00000    9.23000   11.00000    0.00000    4.06800    2.75800    0.69500    0.00000    5.97900
   0.00000   23.55000   31.39400    0.00000    0.16000    1.70000    2.09200    2.00000    1.60100
   0.00000   66.05000   93.43000    1.00000    1.34800    2.11900    0.78400    1.00000    4.01600
   0.00000   20.23000   42.68300    1.00000    1.85900    1.90800    0.94900    0.00000    3.86300
   0.00000   12.89000   16.78600    0.00000    3.05100    2.72700    0.80000    1.00000    4.85100
   1.00000   57.53000  110.51200    2.00000    1.64300    2.09000    0.81400    0.00000    3.06800
   0.00000   13.14000    9.50700    0.00000    2.85900    2.61400    0.82700    0.00000    4.99500
   0.00000    0.00000    0.00000    0.00000    2.94200    1.98900    1.06300    0.00000    4.50200
   0.00000    0.00000    0.00000    0.00000    2.94200    1.92400    1.06300    0.00000    3.52400
   0.00000  138.45000  281.24500    6.00000    1.44200    3.87800    1.20500    0.00000    5.29100
   0.00000  137.46000  152.24100    0.00000    2.35900    2.52700    0.82500    3.00000    4.39000
   1.00000   73.22000   61.16600    2.00000   -1.20200    1.79500    0.59900    2.00000    3.76900
   1.00000   29.10000   43.15600    1.00000    3.07600    2.43800    0.77300    1.00000    4.71400
   0.00000   20.23000   42.68300    1.00000    2.27400    2.00500    1.59600    0.00000    3.11500
   0.00000   39.94000  104.28900    0.00000    4.28100    3.35700    1.00200    3.00000    4.71300
   0.00000   87.08000  111.60800    1.00000    1.74900    3.66600    1.08500    3.00000    4.22500
   0.00000   20.23000   42.68300    1.00000    0.34700    1.33400    1.76800    0.00000    0.93500
   3.00000   81.70000  115.44500    1.00000    5.44000    4.62300    1.51700    1.00000    4.85000
   1.00000   90.51000   65.67000    1.00000   -0.75900    1.92900    1.40200    1.00000    4.10700
   1.00000   43.37000   61.29000    0.00000    3.62600    3.37300    1.11100    0.00000    5.54100
   1.00000  115.47000   84.47900    4.00000    0.03800    2.27800    0.54400    5.00000    4.00600
   0.00000  132.42000  196.33200    2.00000    4.47800    4.98400    1.08700    4.00000    5.44000
   0.00000    0.00000    0.00000    0.00000    4.09200    2.12000    0.53000    0.00000    5.38900
   0.00000   84.13000   65.79400    4.00000   -1.43400    1.22500    0.33500    2.00000    3.88400
   0.00000   20.23000   42.68300    1.00000    2.63700    2.34400    0.75800    0.00000    4.61000
   0.00000   70.14000   50.90800    3.00000    0.59000    1.90900    0.90700    2.00000    3.85000
   0.00000   38.80000    0.00000    1.00000    0.84500    1.15500    1.17700    0.00000    5.56200
   2.00000   52.60000   72.29000    0.00000    4.73700    3.90700    1.59500    0.00000    5.74900
   2.00000   61.52000   41.93000    0.00000    3.44700    2.30700    0.66200    1.00000    4.93200
   0.00000   23.47000   45.80800    1.00000   -0.08100    1.57700    2.00100    1.00000    2.95900
