  -0.72130   -0.99837   -1.00000   -0.09311   -1.00000   -0.78601    0.03928   -0.93615   -0.43222   -0.65217   -0.19466    0.29787    0.99001   24.10000
  -0.19592   -0.98328   -1.00000   -0.43695   -1.00000   -0.37037   -0.09446    0.87848   -0.40529   -0.73913   -0.54199    0.78723    0.98704   15.60000
  -0.26656   -0.75090   -1.00000    0.29326   -1.00000    0.37037    0.09216    1.00000   -0.86736    1.00000    0.82824    0.61702    0.60588   16.70000
  -0.71358   -0.99865   -1.00000   -0.73680   -1.00000   -0.48560    0.26423    0.47271   -0.67524   -0.65217   -0.58397   -0.14894    0.97161   29.90000
  -0.67605   -0.99911    0.05000   -0.64370   -1.00000   -0.91770    0.05537   -0.12049    0.12534   -0.56522   -0.59542   -0.14894    1.00000   22.30000
  -0.00386   -0.67558   -1.00000    0.29326   -1.00000   -0.12757    0.26116    1.00000   -0.93891    1.00000    0.82824    0.61702   -0.09708   27.50000
  -0.57395   -0.99859   -1.00000   -0.85337   -1.00000   -0.57613   -0.01016    0.22142   -0.73296   -0.82609   -0.97710    0.10638    1.00000   36.20000
  -0.74448   -0.99972    0.70000   -0.72947   -1.00000   -0.81893    0.13240   -0.48919    0.34687   -0.73913   -0.37405    0.12766    0.97746   23.10000
  -0.20475   -0.94514   -1.00000    0.40176   -1.00000    1.00000   -0.34432    0.87642   -0.88964   -0.65217   -0.17557   -0.55319   -0.55464   13.10000
  -0.08389   -0.99299   -1.00000   -0.30792   -1.00000   -0.34568   -0.09829    0.65397   -0.47822   -0.73913   -0.55344    0.23404    0.96873   17.80000
  -0.93653   -0.99969    0.90000   -0.83724   -1.00000   -0.87202    0.71412   -0.40268   -0.27463   -0.73913   -0.85878   -0.55319    0.96798   50.00000
  -0.76159   -0.99779   -0.20000   -0.56378    1.00000   -0.74486    0.42019   -0.05046   -0.33479   -0.73913   -0.74428    0.06383    0.96142   33.20000
  -0.88962   -0.87268   -1.00000    0.29326    1.00000    0.01235    0.19640    0.93409   -0.95870    1.00000    0.82824    0.61702    0.89122   50.00000
  -0.84382   -0.99731   -0.10000   -0.78153   -1.00000   -0.78601    0.14773   -0.46035   -0.37490   -0.65217   -0.19466   -0.44681    0.92909   29.80000
  -0.78422   -0.99878   -1.00000   -0.15909   -1.00000   -0.22634    0.30868    0.81462   -0.81124   -1.00000   -0.67176    0.78723    1.00000   23.90000
  -0.66336   -0.99936   -0.30000   -0.58944   -1.00000   -0.78231   -0.05346   -0.57981    0.00230   -1.00000   -0.55344   -0.08511    0.82526   19.40000
  -0.09492   -0.89331   -1.00000    0.29326   -1.00000    0.34979    0.13585    0.72194   -0.76244    1.00000    0.82824    0.61702   -0.74482   14.10000
  -0.80905   -0.99727   -0.40000   -0.67229   -1.00000   -0.82305    0.08527   -0.89907    0.07410   -0.56522   -0.56870   -0.14894    0.88809   23.70000
  -0.31733   -0.99411   -1.00000   -0.32331   -1.00000   -0.17696   -0.14428    0.39444   -0.67935   -0.56522   -0.22137    0.40426    1.00000   18.30000
  -0.90011   -0.99185   -0.56000   -0.60411   -1.00000   -0.81070    0.80034   -0.88671    0.41442   -0.47826   -0.45420    0.38298    1.00000   42.80000
  -0.33223   -0.98099   -1.00000   -0.43695   -1.00000   -0.37037   -0.07875    0.77755   -0.47573   -0.73913   -0.54199    0.78723    0.97796   19.60000
  -0.60210   -0.99800   -1.00000   -0.09311   -1.00000   -0.78601    0.04426   -0.13285   -0.38655   -0.65217   -0.19466    0.29787    0.93106   21.40000
   0.66998   -0.49217   -1.00000    0.29326   -1.00000    0.29630   -0.44855    0.78373   -0.92929    1.00000    0.82824    0.61702    1.00000    7.40000
  -0.45254   -0.98807   -1.00000   -0.57918   -1.00000   -0.51029   -0.07262    0.34294   -0.53771   -0.39130   -0.54199    0.02128    0.90645   24.30000
  -0.59106   -0.99953   -1.00000   -0.51540   -1.00000   -0.65432    0.09600    0.56540   -0.30208   -0.91304   -0.79008    0.10638    1.00000   21.60000
  -0.56954   -0.79260   -1.00000    0.29326   -1.00000    0.01235    0.01744    1.00000   -0.99282    1.00000    0.82824    0.61702    0.84492   50.00000
  -0.53753   -0.99856   -1.00000   -0.73680   -1.00000   -0.48560   -0.05767   -0.08754   -0.55891   -0.65217   -0.58397   -0.14894    0.98149   23.20000
  -0.19647   -0.90238   -1.00000    0.29326   -1.00000   -0.19753   -0.00134    0.67044   -0.65376    1.00000    0.82824    0.61702    1.00000   19.90000
  -0.56126   -0.99870   -1.00000   -0.59677   -1.00000   -0.53086   -0.09101    0.34501   -0.59430   -0.65217   -0.64886    0.40426    1.00000   18.90000
  -0.92108   -0.98799   -0.60000   -0.74267   -1.00000   -0.21811    0.49799    0.02369   -0.68311   -0.65217   -0.70611   -0.91489    0.96671   43.50000
  -0.65342   -0.99925   -1.00000   -0.65323   -1.00000   -0.46502   -0.05116   -0.34913   -0.11690   -0.65217   -0.85878    0.61702    1.00000   21.10000
  -0.87307   -0.99953   -1.00000   -0.51540   -1.00000   -0.65432    0.38877    0.19876   -0.30208   -0.91304   -0.79008    0.10638    0.97947   34.70000
  -0.61700   -0.99806   -0.32000   -0.58724   -1.00000   -0.80247    0.12435   -0.68074   -0.20667   -0.47826   -0.45801   -0.25532    0.93298   26.40000
   0.10651   -0.59851   -1.00000    0.29326   -1.00000    0.17696    0.02012    1.00000   -0.95335    1.00000    0.82824    0.61702    0.98406   10.20000
  -0.42605   -0.73149   -1.00000    0.29326   -1.00000    0.12757   -0.21556    1.00000   -0.97170    1.00000    0.82824    0.61702    0.67316   27.90000
  -0.65121   -0.99007   -1.00000   -0.57918    1.00000   -0.49794    0.21288    0.30999   -0.54127   -0.39130   -0.54199    0.02128    0.81492   29.00000
  -0.64846   -0.98778   -0.60000   -0.74267   -1.00000    0.07819    0.39682    0.82698   -0.85441   -0.65217   -0.70611   -0.91489    0.95456   36.50000
  -0.73841   -0.99845   -0.34000   -0.87390   -1.00000   -0.64197    0.47883    0.42121   -0.64179   -0.47826   -0.86641    0.23404    1.00000   33.40000
   0.20695   -0.79362   -1.00000    0.29326   -1.00000    0.29630   -0.24315    1.00000   -0.91801    1.00000    0.82824    0.61702    1.00000   11.30000
   0.06457   -0.97200   -1.00000   -0.43695   -1.00000   -0.37037   -0.23012    0.96086   -0.51472   -0.73913   -0.54199    0.78723    0.89747   13.60000
  -0.24614   -0.99283   -1.00000    0.57111   -1.00000   -0.01646    0.09983    0.97528   -0.87580   -0.73913   -0.04580    0.82979    1.00000   18.00000
  -0.39625   -0.99876   -1.00000   -0.71188   -1.00000   -0.76543   -0.10443    0.01751    0.25199   -0.82609   -0.37023    0.31915    0.83716   17.20000
  -0.38190   -0.99970    0.60000   -0.90469   -1.00000   -1.00000    0.02280   -0.41092    0.44761   -1.00000   -0.79389    0.19149    0.72112   20.10000
  -0.14846   -0.80250   -1.00000    0.29326   -1.00000   -0.18107   -0.23204    0.39444   -0.83015    1.00000    0.82824    0.61702   -0.98321   11.70000
  -0.22903   -0.84228   -1.00000    0.29326   -1.00000    0.37037   -0.06304    0.90319   -0.86451    1.00000    0.82824    0.61702    0.61208   14.20000
  -0.79249   -0.99985   -0.30000   -0.92229   -1.00000   -0.76543    0.41023   -0.04428    0.07454   -1.00000   -0.62977   -0.38298    0.98911   32.70000
  -0.73234   -0.99515   -0.60000   -0.52346    1.00000   -0.67490    0.58268    0.00721   -0.41131   -0.82609   -0.86260    0.27660    0.96909   35.20000
  -0.65121   -0.99918    0.60000   -0.89370   -1.00000   -0.88477   -0.19448   -0.60865    0.71978   -0.73913   -0.43893    1.00000    0.92889   18.20000
  -0.29912   -0.97300   -1.00000    0.40176   -1.00000   -0.09465   -0.11324    0.88877   -0.76424   -0.65217   -0.17557   -0.55319    0.47244   17.40000
  -0.09823   -0.99777   -1.00000    1.00000   -1.00000   -0.07819   -0.07185    0.97528   -0.86569   -0.73913    1.00000    0.59574    0.96576   13.60000
  -0.46578   -0.99795   -1.00000   -0.59677   -1.00000   -0.53086   -0.12627    0.20494   -0.59110   -0.65217   -0.64886    0.40426    0.90247   20.00000
  -0.82781   -0.99541   -0.60000   -0.78959   -1.00000   -0.76173    0.24583   -0.39650   -0.45965   -0.65217   -0.88931   -0.51064    1.00000   35.10000
   0.32174   -0.73988   -1.00000    0.29326   -1.00000    0.29630   -0.43476    0.93821   -0.88353    1.00000    0.82824    0.61702    1.00000    9.70000
  -0.26876   -0.87219   -1.00000    0.29326   -1.00000   -0.18518   -0.02165    0.58393   -0.56055    1.00000    0.82824    0.61702    0.97872   19.10000
  -0.76490   -0.99980    0.60000   -0.88636   -1.00000   -0.79424    0.17800   -0.44799    0.31208   -0.73913   -0.64504   -0.06383    0.96994   24.50000
  -0.07671   -0.98790   -1.00000    0.57111   -1.00000   -0.01646   -0.00747    0.95675   -0.90195   -0.73913   -0.04580    0.82979    1.00000   17.80000
   0.38190   -0.43712   -1.00000    0.29326   -1.00000    0.26749   -0.07032    1.00000   -0.91649    1.00000    0.82824    0.61702    1.00000    5.60000
  -0.20033   -0.87468   -1.00000    0.29326   -1.00000    0.34979    0.10174    0.75077   -0.78427    1.00000    0.82824    0.61702   -0.49634   14.30000
  -0.20088   -0.99737   -1.00000   -0.29985   -1.00000   -0.33333   -0.09868    0.85376   -0.77743   -0.56522   -0.06489    0.10638    0.99017   18.80000
  -0.73344   -0.99585   -0.56000   -0.60411   -1.00000   -0.81070    0.20981   -0.69928    0.21796   -0.47826   -0.45420    0.38298    0.98406   26.20000
  -0.35982   -0.69617   -1.00000    0.29326   -1.00000    0.01235   -0.88427    1.00000   -0.93071    1.00000    0.82824    0.61702   -0.33885   23.10000
  -0.26214   -0.99615   -1.00000   -0.32331   -1.00000   -0.17696   -0.23050    0.45417   -0.76897   -0.56522   -0.22137    0.40426    0.99430   17.50000
  -0.41832   -0.99726   -1.00000   -0.40616   -1.00000   -0.44444    0.11631    0.94027   -0.76297   -0.65217   -0.24809    0.76596    0.99163   19.80000
  -0.98951   -0.95892   -1.00000    0.40176    1.00000   -0.09465    0.62522    0.96293   -0.83430   -0.65217   -0.17557   -0.55319    0.96324   50.00000
   0.02704   -0.96389   -1.00000   -0.43695   -1.00000   -0.37037   -0.02855    0.93615   -0.52165   -0.73913   -0.54199    0.78723    0.25064   13.50000
  -0.74448   -0.99087   -1.00000   -0.57918   -1.00000   -0.51029    0.38034    0.58599   -0.62060   -0.39130   -0.54199    0.02128    0.87483   31.60000
  -0.80353   -0.92204   -1.00000    0.29326    1.00000    0.37037    1.00000    0.64779   -0.85903    1.00000    0.82824    0.61702    0.78642   21.90000
   0.36424   -0.65897   -1.00000    0.29326   -1.00000    0.46091   -0.00709    1.00000   -0.85730    1.00000    0.82824    0.61702   -0.95461    8.70000
  -0.69481   -0.98813   -0.60000   -0.74267   -1.00000    0.07819    0.51715    0.78167   -0.81627   -0.65217   -0.70611   -0.91489    0.95698   43.10000
  -0.14238   -0.99622   -1.00000   -0.25733    1.00000   -0.57202   -0.08067    0.83728   -0.50031   -0.73913   -0.65649    0.27660    0.98159   21.70000
  -0.14238   -0.88572   -1.00000    0.29326   -1.00000    0.34979    0.04848    0.83110   -0.77474    1.00000    0.82824    0.61702    0.94044   16.10000
  -0.61810   -0.99958   -1.00000   -0.89516   -1.00000   -0.45267    0.14160    0.16993   -0.06568   -1.00000   -0.10305   -0.29787    0.96500   16.50000
  -0.61038   -0.99726   -0.75000   -0.58871   -1.00000   -0.90124   -0.10941   -0.38002   -0.02365   -0.73913   -0.39695    0.34043    1.00000   20.90000
   0.52097   -0.93765   -1.00000    0.40176   -1.00000    1.00000   -0.48573    0.95469   -0.96066   -0.65217   -0.17557   -0.55319    1.00000   11.80000
  -0.22572   -0.99629   -1.00000   -0.29985   -1.00000   -0.33333   -0.09293    0.75695   -0.75748   -0.56522   -0.06489    0.10638    0.73781   18.30000
   0.30684   -0.99676   -1.00000    0.84677   -1.00000   -0.19342   -0.12052    0.93821   -0.85181   -0.91304   -0.99618    0.38298    0.86590   17.30000
  -0.76932   -0.98845   -0.60000   -0.74267   -1.00000    0.07819    0.85361    0.82492   -0.78923   -0.65217   -0.70611   -0.91489    0.94937   48.80000
  -0.83665   -0.99859   -0.10000   -0.78153   -1.00000   -0.78601    0.21786   -0.42534   -0.02696   -0.65217   -0.19466   -0.44681    0.96374   30.50000
  -0.15232   -0.99515   -1.00000   -0.29985   -1.00000   -0.33333   -0.03008    0.90525   -0.74204   -0.56522   -0.06489    0.10638    1.00000   18.70000
  -0.66556   -0.98523   -0.60000   -0.74267   -1.00000    0.07819    0.44549    1.00000   -0.86087   -0.65217   -0.70611   -0.91489    0.93136   36.00000
  -0.67991   -0.99903   -0.34000   -0.87390   -1.00000   -0.64197    0.26001    0.38826   -0.62660   -0.47826   -0.86641    0.23404    1.00000   28.20000
  -0.73289   -0.99906    0.60000   -0.76686   -1.00000   -0.97119   -0.02395   -0.40062    0.47145   -1.00000   -0.51145   -0.19149    0.97978   21.90000
  -0.59658   -0.99808   -1.00000   -0.73680   -1.00000   -0.48560    0.09408    0.67250   -0.72416   -0.65217   -0.58397   -0.14894    0.99294   23.60000
  -0.62196   -0.99828   -1.00000   -0.01320   -1.00000   -0.78601   -0.01667   -0.68074   -0.20467   -0.73913   -0.61069   -0.27660    1.00000   23.90000
  -0.77042   -0.99949   -0.20000   -0.94208   -1.00000   -0.81893    0.29450   -0.34913    0.39358   -1.00000   -0.43511    0.51064    0.96445   26.60000
   0.21744   -0.71235   -1.00000    0.29326   -1.00000    0.46091   -0.12129    0.92997   -0.86069    1.00000    0.82824    0.61702    0.21136   10.80000
  -0.38907   -0.98277   -1.00000   -0.43695   -1.00000   -0.37037    0.12435    0.88465   -0.39527   -0.73913   -0.54199    0.78723    0.95481   18.40000
  -0.53201   -0.99629   -1.00000   -0.52713   -1.00000   -0.74074   -0.18720   -0.36354   -0.27783   -0.82609   -0.82443    0.12766    1.00000   19.30000
  -0.44867   -0.99426   -1.00000   -0.30792   -1.00000   -0.34568   -0.05652    0.80227   -0.69002   -0.73913   -0.55344    0.23404    0.99697   19.40000
  -0.14018   -0.97820   -1.00000    0.57111   -1.00000   -0.01646   -0.15846    0.96704   -0.77877   -0.73913   -0.04580    0.82979    0.32352   15.60000
  -0.60265   -0.99891   -0.34000   -0.87390   -1.00000   -0.64197    0.17072    0.13697   -0.59254   -0.47826   -0.86641    0.23404    0.98215   28.40000
  -0.88797   -0.99934   -0.60000   -0.78959   -1.00000   -0.76173    0.63211    0.26880   -0.35162   -0.65217   -0.88931   -0.51064    0.95164   45.40000
  -0.67605   -0.98632   -1.00000   -0.57918   -1.00000   -0.49794    0.17149    0.60453   -0.61035   -0.39130   -0.54199    0.02128    1.00000   30.10000
  -0.17660   -0.95170   -1.00000    0.40176   -1.00000    1.00000   -0.20789    1.00000   -0.92962   -0.65217   -0.17557   -0.55319   -0.14797   15.60000
  -0.51159   -0.91756   -1.00000    0.29326   -1.00000   -0.18518    0.05422    0.00927   -0.47947    1.00000    0.82824    0.61702    0.95824   21.20000
  -0.38962   -0.99472   -1.00000   -0.49267   -1.00000   -0.55556   -0.03353   -0.15963   -0.22045   -0.65217   -0.61832    0.48936    1.00000   22.20000
   0.82340   -0.75044   -1.00000    0.29326   -1.00000    0.16461   -0.48458    1.00000   -0.99189    1.00000    0.82824    0.61702    1.00000   13.80000
   0.36258   -0.90803   -1.00000    0.40176   -1.00000    1.00000   -0.26921    1.00000   -0.94868   -0.65217   -0.17557   -0.55319    1.00000   15.60000
   0.25993   -0.82047   -1.00000    0.29326   -1.00000    0.29630   -0.24928    1.00000   -0.92662    1.00000    0.82824    0.61702    1.00000   12.30000
  -0.71634   -0.99606   -1.00000   -0.49267   -1.00000   -0.55556    0.07875    0.05870   -0.37968   -0.65217   -0.61832    0.48936    1.00000   23.10000
  -0.81291   -0.98640   -0.60000   -0.74267   -1.00000    0.07819    0.97088    0.73018   -0.87789   -0.65217   -0.70611   -0.91489    0.96369   50.00000
  -0.46082   -0.99444   -1.00000   -0.30792   -1.00000   -0.34568   -0.17839    0.54068   -0.48796   -0.73913   -0.55344    0.23404    0.99758   16.20000
  -0.26656   -0.92068   -1.00000    0.40176    1.00000    1.00000   -0.00709    0.64161   -0.88799   -0.65217   -0.17557   -0.55319   -0.55777   15.60000
  -0.74448   -0.99829   -0.40000   -0.67229   -1.00000   -0.82305    0.11899   -0.67868   -0.07969   -0.56522   -0.56870   -0.14894    0.91180   23.70000
  -0.35375   -0.55934   -1.00000    0.29326   -1.00000    0.17696    0.43782    0.95675   -0.96605    1.00000    0.82824    0.61702    1.00000   15.00000
  -0.83444   -0.98864   -1.00000   -0.57918   -1.00000   -0.49794    0.45507    0.41504   -0.45104   -0.39130   -0.54199    0.02128    0.96555   31.50000
   0.00166   -0.97792   -1.00000   -0.43695   -1.00000   -0.37037   -0.13700    1.00000   -0.46065   -0.73913   -0.54199    0.78723    0.98810   14.50000
  -0.11700   -0.87783   -1.00000    0.29326   -1.00000    0.34979    0.18567    0.96293   -0.77710    1.00000    0.82824    0.61702    0.79016   15.20000
  -0.10596   -0.99805   -1.00000    0.84677   -1.00000   -0.19342   -0.08028    0.85376   -0.82590   -0.91304   -0.99618    0.38298    0.90514   20.50000
  -0.36258   -0.96651   -1.00000    0.40176   -1.00000    1.00000   -0.29373    1.00000   -0.91598   -0.65217   -0.17557   -0.55319    0.72112   19.60000
  -0.84713   -0.99976    0.80000   -0.88563   -1.00000   -0.89712    0.21364   -0.31617    1.00000   -0.65217   -1.00000   -0.06383    0.93726   30.10000
  -0.18819   -0.77704   -1.00000    0.29326   -1.00000    0.46091    0.03085    0.92997   -0.80569    1.00000    0.82824    0.61702    0.95774   12.60000
  -0.09879   -0.99448   -1.00000   -0.25733   -1.00000   -0.57202   -0.14850    0.43769   -0.41342   -0.73913   -0.65649    0.27660    0.96233   22.50000
  -0.38576   -0.99898   -1.00000   -0.70454   -1.00000   -0.73663   -0.05959   -0.13079   -0.40027   -0.82609   -0.77099    0.25532    0.99541   22.50000
   0.21192   -0.46854   -1.00000    0.29326   -1.00000    0.17696    0.08028    0.92173   -0.95335    1.00000    0.82824    0.61702    1.00000   13.10000
  -0.51104   -0.99918   -0.44000    0.06892   -1.00000   -0.67490    0.03008    0.53244   -0.54798   -0.73913   -0.68321    0.19149    1.00000   20.60000
  -0.43157   -0.94813   -1.00000    0.40176   -1.00000   -0.09465   -0.11132    0.94439   -0.77101   -0.65217   -0.17557   -0.55319    0.75405   19.10000
  -0.20144   -0.99520   -1.00000   -0.52713   -1.00000   -0.74074   -0.21786    0.21730   -0.09827   -0.82609   -0.82443    0.12766    1.00000   19.40000
   0.55629   -0.99539   -0.75000   -0.45674   -1.00000   -0.42798   -0.20674    1.00000   -0.09929   -0.65217   -0.52672   -0.44681    0.94821   16.50000
   0.55850   -0.77722   -1.00000    0.29326   -1.00000    0.26749   -0.12205    0.54274   -0.93256    1.00000    0.82824    0.61702    0.70377    6.30000
   0.02594   -0.68012   -1.00000    0.29326   -1.00000    0.26749    0.06610    1.00000   -0.91916    1.00000    0.82824    0.61702    1.00000    7.20000
  -0.73510   -0.99885   -1.00000   -0.70454   -1.00000   -0.73663    0.17609    0.09578   -0.39836   -0.82609   -0.77099    0.25532    0.97680   26.60000
  -0.79194   -0.97152   -1.00000    0.40176    1.00000   -0.09465    0.03047    0.84758   -0.87837   -0.65217   -0.17557   -0.55319    0.70760   27.00000
  -0.15177   -0.99632   -0.75000   -0.45674   -1.00000   -0.42798   -0.06381    0.70958   -0.00654   -0.65217   -0.52672   -0.44681    0.94861   18.90000
  -0.31567   -0.92903   -1.00000    0.29326   -1.00000    0.11111   -0.15769   -0.06694   -0.64774    1.00000    0.82824    0.61702    0.68480   19.90000
  -0.81402   -0.99810   -0.10000   -0.78153   -1.00000   -0.78601    0.29910   -0.61689   -0.02696   -0.65217   -0.19466   -0.44681    0.90307   37.00000
   0.59271   -0.13801   -1.00000    0.29326   -1.00000    0.26749   -0.27496    1.00000   -0.93453    1.00000    0.82824    0.61702    1.00000    5.00000
  -0.12197   -0.80924   -1.00000    0.29326   -1.00000   -0.18107    0.06802    0.71370   -0.83212    1.00000    0.82824    0.61702   -0.58077   14.50000
  -0.35927   -0.94667   -1.00000    0.29326   -1.00000   -0.18518   -0.11477   -0.19670   -0.52816    1.00000    0.82824    0.61702    0.86802   20.60000
   0.23344   -0.79021   -1.00000    0.29326   -1.00000    0.20988    0.08028    0.90937   -0.84748    1.00000    0.82824    0.61702   -0.69540    9.50000
  -0.16060   -0.81580   -1.00000    0.29326   -1.00000    0.34979   -0.08986    0.59423   -0.69999    1.00000    0.82824    0.61702   -0.98396   13.50000
  -0.78091   -0.99895   -1.00000   -0.78372   -1.00000   -0.57202    0.34815    0.23996   -0.58445   -0.91304   -0.68321    0.10638    0.99576   28.70000
   0.78201   -0.69266   -1.00000    0.29326   -1.00000    0.46091   -0.09025    0.75077   -0.87433    1.00000    0.82824    0.61702   -0.65389    8.40000
  -0.07671   -0.99584   -0.56000   -0.60411   -1.00000   -0.81070   -0.21671    0.38620    0.24131   -0.47826   -0.45420    0.38298    0.96081   18.50000
  -0.02649   -0.86814   -1.00000    0.29326   -1.00000    0.26749    0.08986    0.91761   -0.90048    1.00000    0.82824    0.61702    1.00000   12.50000
  -0.57119   -0.99730   -0.50000   -0.65763   -1.00000   -0.72016    0.22667   -0.16581    0.24604   -0.39130   -0.62977    0.51064    0.99334   25.00000
  -0.36313   -0.99750   -0.75000   -0.45674   -1.00000   -0.42798   -0.06189    0.64779   -0.07299   -0.65217   -0.52672   -0.44681    1.00000   18.90000
  -0.84989   -0.99888   -1.00000   -0.85337   -1.00000   -0.57613    0.63633    0.04428   -0.62360   -0.82609   -0.97710    0.10638    0.97847   50.00000
  -0.14680   -0.99432   -1.00000    0.57111   -1.00000   -0.01646   -0.18298    0.91761   -0.88020   -0.73913   -0.04580    0.82979    0.97584   16.20000
   0.07561   -0.68429   -1.00000    0.29326   -1.00000   -0.12757    0.18643    1.00000   -0.92763    1.00000    0.82824    0.61702   -0.82485   17.20000
  -0.68764   -0.96811   -1.00000    0.40176   -1.00000    1.00000    0.13010    1.00000   -0.88428   -0.65217   -0.17557   -0.55319    0.83565   23.30000
  -0.35320   -0.99815   -0.58000   -0.62024   -1.00000   -0.77778   -0.07952   -0.11843    0.03395   -0.73913   -0.78626   -0.10638    0.99324   19.70000
  -0.46744   -0.99760   -0.40000   -0.67229   -1.00000   -0.82305    0.27841    0.05870   -0.05310   -0.56522   -0.56870   -0.14894    0.97151   22.00000
   0.17881   -0.99035   -1.00000   -0.25733    1.00000   -0.57202   -0.31673    1.00000   -0.50070   -0.73913   -0.65649    0.27660    1.00000   20.00000
  -0.31733   -0.96290   -1.00000    0.40176   -1.00000    1.00000   -0.01859    0.94439   -0.91117   -0.65217   -0.17557   -0.55319    0.87846   21.50000
   0.43874   -0.94666   -1.00000    0.40176   -1.00000    1.00000   -0.01552    1.00000   -0.94735   -0.65217   -0.17557   -0.55319   -0.12961   13.80000
  -0.36976   -0.99878   -1.00000   -0.85337   -1.00000   -0.57613   -0.00671    0.35736   -0.60896   -0.82609   -0.97710    0.10638    0.95063   29.60000
  -0.53642   -0.99621   -1.00000   -0.59677   -1.00000   -0.53086   -0.07837   -0.43769   -0.50573   -0.65217   -0.64886    0.40426    0.98250   24.70000
  -0.68488   -0.99656   -1.00000   -0.52713   -1.00000   -0.74074    0.01552   -0.92585   -0.16498   -0.82609   -0.82443    0.12766    0.98770   24.70000
  -0.80574   -0.98974   -1.00000   -0.57918   -1.00000   -0.51029    0.47576    0.52420   -0.53771   -0.39130   -0.54199    0.02128    0.89530   31.70000
  -0.06015   -0.88116   -1.00000    0.29326   -1.00000    0.29630   -0.04579    0.63955   -0.81118    1.00000    0.82824    0.61702    0.90660   23.20000
  -0.30243   -0.99859   -1.00000    0.84677   -1.00000   -0.19342   -0.11516    0.37590   -0.79483   -0.91304   -0.99618    0.38298    0.96092   22.00000
  -0.22848   -0.99803   -0.75000   -0.45674   -1.00000   -0.42798   -0.10787   -0.25644   -0.21409   -0.65217   -0.52672   -0.44681    0.96772   21.70000
   0.94536    0.02821   -1.00000    0.29326   -1.00000    0.26749   -0.63288    1.00000   -0.90386    1.00000    0.82824    0.61702   -0.55646    7.00000
  -0.26104   -0.96836   -1.00000    0.40176    1.00000    1.00000   -0.01590    0.91761   -0.88728   -0.65217   -0.17557   -0.55319    0.61733   17.00000
  -0.18929   -0.89197   -1.00000    0.29326   -1.00000    0.34979    0.20330    0.79403   -0.73303    1.00000    0.82824    0.61702    0.28554   16.40000
  -0.22130   -0.99697   -1.00000   -0.01320   -1.00000   -0.78601   -0.14581    0.13491   -0.05602   -0.73913   -0.61069   -0.27660    1.00000   20.30000
  -0.44757   -0.99376   -1.00000   -0.49267   -1.00000   -0.55556   -0.17724    0.47065   -0.34682   -0.65217   -0.61832    0.48936    0.97090   18.50000
  -0.52704   -0.99675   -1.00000   -0.29985   -1.00000   -0.33333   -0.05729    0.64161   -0.70577   -0.56522   -0.06489    0.10638    0.98795   19.20000
  -0.45033   -0.98210   -1.00000   -0.43695   -1.00000   -0.37037   -0.27381   -0.30587   -0.51497   -0.73913   -0.54199    0.78723    0.45580   20.20000
  -0.34547   -0.99386   -1.00000   -0.32331   -1.00000   -0.17696   -0.09370   -0.18229   -0.77228   -0.56522   -0.22137    0.40426    1.00000   24.50000
   0.05519   -0.81689   -1.00000    0.29326   -1.00000    0.29630   -0.29910    0.97734   -0.89115    1.00000    0.82824    0.61702    1.00000   11.50000
   0.08113   -0.99453   -1.00000    0.57111   -1.00000   -0.01646   -0.12014    0.96293   -0.90197   -0.73913   -0.04580    0.82979    0.97549   13.30000
   0.15949   -0.73461   -1.00000    0.29326   -1.00000    0.37037    0.25043    0.51596   -0.87917    1.00000    0.82824    0.61702   -0.75728    8.40000
  -0.58499   -0.99934    0.60000   -0.76686   -1.00000   -0.97119   -0.11286   -0.66632    0.47145   -1.00000   -0.51145   -0.19149    0.99133   20.90000
  -0.36313   -0.91360   -1.00000    0.29326    1.00000    0.58436    0.08603    0.81462   -0.74982    1.00000    0.82824    0.61702    0.97196   21.70000
  -0.83996   -0.98830   -1.00000   -0.57918   -1.00000   -0.51029    0.97892    0.64985   -0.67904   -0.39130   -0.54199    0.02128    0.92486   50.00000
  -0.87914   -0.99344   -1.00000   -0.57918   -1.00000   -0.51029    0.58076   -0.70958   -0.59161   -0.39130   -0.54199    0.02128    0.90221   46.70000
  -0.12417   -0.79821   -1.00000    0.29326    1.00000    0.58436    0.01590    0.94645   -0.81948    1.00000    0.82824    0.61702    0.90332   17.80000
  -0.53311   -0.91746   -1.00000    0.29326   -1.00000    0.58436   -0.30983    0.92173   -0.82286    1.00000    0.82824    0.61702    0.91875   20.80000
  -0.55795   -0.99891   -1.00000   -0.65323   -1.00000   -0.46502   -0.07109   -0.12461   -0.33025   -0.65217   -0.85878    0.61702    1.00000   19.00000
  -0.72406   -0.99766   -0.50000   -0.65763   -1.00000   -0.72016    0.10941    0.33677    0.10866   -0.39130   -0.62977    0.51064    1.00000   22.20000
  -0.70861   -0.87131   -1.00000    0.29326   -1.00000   -0.39506    0.34125    0.52626   -0.58516    1.00000    0.82824    0.61702    0.99183   25.00000
  -0.82726   -0.99789   -0.32000   -0.58724   -1.00000   -0.80247    0.31098   -0.69516   -0.20667   -0.47826   -0.45801   -0.25532    0.96737   33.10000
   0.23455   -0.85643   -1.00000    0.29326   -1.00000   -0.18107   -0.00326    0.94645   -0.80424    1.00000    0.82824    0.61702    0.52524   13.30000
  -0.12528   -0.99793   -1.00000    0.84677   -1.00000   -0.19342   -0.11171    0.91349   -0.84055   -0.91304   -0.99618    0.38298    0.91165   18.80000
  -0.64846   -0.99884   -0.75000   -0.58871   -1.00000   -0.90124   -0.11209   -0.61895   -0.02365   -0.73913   -0.39695    0.34043    0.99652   22.00000
  -0.67936   -0.99575   -1.00000   -0.24120   -1.00000   -0.88477    0.02855   -0.93203   -0.24384   -0.73913   -0.54962    0.40426    0.90050   23.40000
  -0.06457   -0.89064   -1.00000    0.29326   -1.00000   -0.05761    0.12014    0.86818   -0.78618    1.00000    0.82824    0.61702    0.99652   16.70000
  -0.21082   -0.99526   -1.00000   -0.25733    1.00000   -0.57202   -0.13930    0.04840   -0.54114   -0.73913   -0.65649    0.27660    0.96994   22.40000
   0.54249   -0.99548   -1.00000    1.00000   -1.00000   -0.07819   -0.41291    0.95880   -0.87396   -0.73913    1.00000    0.59574    0.60427    8.10000
  -0.53753    0.14937   -1.00000    0.29326   -1.00000   -0.12757   -0.15846    1.00000   -0.94846    1.00000    0.82824    0.61702   -0.98850   15.00000
  -0.08278   -0.97425   -1.00000   -0.43695   -1.00000   -0.37037   -0.17992    0.89701   -0.51666   -0.73913   -0.54199    0.78723    0.80771   13.10000
   0.08830   -0.93868   -1.00000    0.40176   -1.00000    1.00000   -0.21977    0.89495   -0.92796   -0.65217   -0.17557   -0.55319    0.77281   15.40000
  -0.53035   -0.99916    0.60000   -0.78666   -1.00000   -0.94650   -0.14696   -0.41916   -0.00301   -0.73913   -0.42748   -0.25532    1.00000   19.40000
  -0.55464   -0.99937   -1.00000   -0.65323   -1.00000   -0.46502   -0.11554   -0.10608   -0.25406   -0.65217   -0.85878    0.61702    1.00000   19.50000
  -0.58333   -0.99184   -1.00000   -0.30792   -1.00000   -0.34568    0.15194    0.73841   -0.55029   -0.73913   -0.55344    0.23404    0.99390   23.80000
   0.59437   -0.67793   -1.00000    0.29326   -1.00000    0.29630   -0.49454    1.00000   -0.91636    1.00000    0.82824    0.61702    0.87907   10.20000
   1.00000   -0.58431   -1.00000    0.29326   -1.00000    0.16461   -0.77889    1.00000   -0.99865    1.00000    0.82824    0.61702    1.00000   13.80000
  -0.68874   -0.99806   -0.40000   -0.67229   -1.00000   -0.82305    0.16689   -0.19052   -0.07969   -0.56522   -0.56870   -0.14894    0.93383   23.30000
  -0.76545   -0.99875   -0.20000   -0.94208   -1.00000   -0.81893    0.12244   -0.14521    0.39358   -1.00000   -0.43511    0.51064    1.00000   22.90000
  -0.89845   -0.99830   -1.00000   -0.82185   -1.00000   -0.75309    0.63211   -0.29969   -0.56977   -0.91304   -0.66031    0.14894    0.98300   43.80000
  -0.68101   -0.99934   -0.50000   -0.67742   -1.00000   -0.83128   -0.00134   -0.09784   -0.22322   -0.73913   -0.64122    0.36170    0.96843   22.90000
  -0.87031   -0.99924    0.60000   -0.92229   -1.00000   -0.92181    0.42786   -0.35736    0.12384   -0.91304   -0.45801   -1.00000    1.00000   33.30000
  -0.71689   -0.99667   -0.50000   -0.65763   -1.00000   -0.72016   -0.00977   -0.45829    0.21583   -0.39130   -0.62977    0.51064    0.96863   23.30000
  -0.51269   -0.99946   -1.00000   -0.65323   -1.00000   -0.46502   -0.10558    0.16787   -0.18424   -0.65217   -0.85878    0.61702    0.98946   18.50000
   0.60486   -0.62222   -1.00000    0.29326   -1.00000    0.29630   -0.34240    0.96086   -0.94608    1.00000    0.82824    0.61702    1.00000    7.20000
  -0.37804   -0.99772   -1.00000   -0.40616   -1.00000   -0.44444    0.00939    0.06076   -0.70024   -0.65217   -0.24809    0.76596    0.98280   21.70000
  -0.78201   -0.99789   -1.00000   -0.85337   -1.00000   -0.57613    0.15041    0.90937   -0.68766   -0.82609   -0.97710    0.10638    1.00000   32.50000
   0.03311   -0.99509   -0.75000   -0.45674   -1.00000   -0.42798    0.07913    0.88260   -0.05117   -0.65217   -0.52672   -0.44681    0.97791   15.00000
  -0.77704   -0.99968    0.70000   -0.97947   -1.00000   -0.89712    0.08143   -0.32441    0.46550   -0.91304   -0.51908    0.00000    1.00000   24.70000
  -0.64514   -0.99920   -0.44000    0.06892   -1.00000   -0.67490    0.10404    0.04428   -0.53873   -0.73913   -0.68321    0.19149    0.99047   22.90000
  -0.58996   -0.99250   -0.56000   -0.60411   -1.00000   -0.81070   -0.02395   -0.34089    0.25961   -0.47826   -0.45420    0.38298    0.96611   24.30000
  -0.53532   -0.99572   -0.56000   -0.60411   -1.00000   -0.81070    0.02127    0.57158    0.25961   -0.47826   -0.45420    0.38298    0.89530   20.50000
  -0.57064   -0.99918    0.05000   -0.64370   -1.00000   -0.91770    0.15118   -0.58805    0.12534   -0.56522   -0.59542   -0.14894    0.87301   24.80000
  -0.81512   -0.99583   -1.00000   -0.49267   -1.00000   -0.55556    0.09983   -0.75695   -0.22045   -0.65217   -0.61832    0.48936    0.98376   24.60000
   0.16722   -0.78904   -1.00000    0.29326   -1.00000    0.46091   -0.20828    0.87436   -0.87495    1.00000    0.82824    0.61702    1.00000   12.80000
  -0.72296   -0.99930   -1.00000   -0.65323   -1.00000   -0.46502    0.05346   -0.26673   -0.03085   -0.65217   -0.85878    0.61702    0.96218   20.70000
   0.22792   -0.76024   -1.00000    0.29326   -1.00000    0.46091    0.11056    0.89289   -0.84390    1.00000    0.82824    0.61702   -0.78446   11.80000
  -0.62969   -0.99854   -1.00000   -0.70454   -1.00000   -0.73663   -0.01897    0.11020   -0.52387   -0.82609   -0.77099    0.25532    0.99118   22.20000
  -0.43157   -0.85528   -1.00000    0.29326   -1.00000   -0.18107    0.09753    0.48095   -0.80525    1.00000    0.82824    0.61702   -0.50764   16.10000
  -0.00883   -0.77395   -1.00000    0.29326   -1.00000   -0.18107    0.25388    0.88260   -0.82566    1.00000    0.82824    0.61702   -0.59146   14.10000
  -0.47461   -0.98159   -0.60000   -0.74267   -1.00000    0.07819    0.44319    0.88671   -0.82737   -0.65217   -0.70611   -0.91489    0.98245   31.00000
  -0.56622   -0.98800   -0.60000   -0.74267   -1.00000    0.07819    0.39567    0.62513   -0.82131   -0.65217   -0.70611   -0.91489    0.97932   33.80000
  -0.15121   -0.84364   -1.00000    0.29326   -1.00000    0.29630   -0.17532    0.93821   -0.85507    1.00000    0.82824    0.61702    0.98754   15.10000
   0.46744   -0.94774   -1.00000    0.40176   -1.00000    1.00000   -0.37728    0.87230   -0.92725   -0.65217   -0.17557   -0.55319    0.79873   17.80000
  -0.46965   -0.99756   -1.00000   -0.82185   -1.00000   -0.75309   -0.00287    0.37384   -0.56977   -0.91304   -0.66031    0.14894    0.97443   21.40000
  -0.72848   -0.99740   -1.00000   -0.82185   -1.00000   -0.75309    0.17417    0.13079   -0.56977   -0.91304   -0.66031    0.14894    0.80372   28.40000
   0.04249    0.65287   -1.00000    0.29326   -1.00000    0.20988   -0.08182    1.00000   -0.87760    1.00000    0.82824    0.61702   -0.91865    8.80000
  -0.70254   -0.89773   -1.00000    0.29326   -1.00000    0.37037   -1.00000    0.75077   -0.91205    1.00000    0.82824    0.61702    0.78718   27.50000
  -0.85706   -0.99952    0.50000   -0.81745   -1.00000   -0.82305    0.16267   -0.61071   -0.22314   -0.82609   -0.75191    0.21277    0.99360   30.80000
  -0.36976   -0.99679   -0.50000   -0.65763   -1.00000   -0.72016   -0.16459    0.30381    0.10864   -0.39130   -0.62977    0.51064    0.99097   18.70000
  -0.14901   -0.91528   -1.00000    0.29326   -1.00000    0.11111   -0.08373    0.68486   -0.68320    1.00000    0.82824    0.61702   -0.89061   19.00000
  -0.75386   -0.99860   -1.00000   -0.82185   -1.00000   -0.75309    0.47729    0.22760   -0.56977   -0.91304   -0.66031    0.14894    1.00000   33.20000
  -0.65949   -0.99409   -1.00000   -0.30792   -1.00000   -0.34568    0.03660    0.64573   -0.61204   -0.73913   -0.55344    0.23404    0.98230   21.60000
   0.59492   -0.54864   -1.00000    0.29326   -1.00000    0.29630   -0.69074    0.81874   -0.94364    1.00000    0.82824    0.61702    0.43986    8.80000
  -0.09492   -0.65001   -1.00000    0.29326   -1.00000   -0.19753   -0.09370    0.40268   -0.67649    1.00000    0.82824    0.61702    0.85799   19.10000
  -0.55960   -0.99209   -1.00000   -0.57918    1.00000   -0.49794    0.29910    0.76313   -0.68498   -0.39130   -0.54199    0.02128    0.97378   26.70000
  -0.69923   -0.99957    0.10000   -0.75660   -1.00000   -0.59259    0.20138    0.10196   -0.16295   -0.65217   -0.30153    0.06383    1.00000   23.90000
  -0.19978   -0.82588   -1.00000    0.29326   -1.00000    0.34979    0.05001    0.66426   -0.69928    1.00000    0.82824    0.61702    0.37117   14.90000
  -0.52925   -0.98580   -1.00000   -0.43695   -1.00000   -0.37037   -0.02855    0.68074   -0.39396   -0.73913   -0.54199    0.78723    0.91487   18.20000
  -0.06567   -0.99629   -1.00000   -0.40616   -1.00000   -0.44444   -0.12818    0.83316   -0.80333   -0.65217   -0.24809    0.76596    0.99380   19.50000
  -0.05795   -0.99499   -1.00000   -0.52713   -1.00000   -0.74074   -0.05384    0.70134   -0.17071   -0.82609   -0.82443    0.12766    0.97902   16.60000
  -0.66225   -0.99994    0.80000   -0.81598   -1.00000   -0.93827    0.35160   -0.63131    0.12353   -1.00000   -0.62595   -0.42553    0.98901   32.20000
  -0.63024   -0.99902   -0.58000   -0.62024   -1.00000   -0.77778   -0.06610   -0.61895    0.03395   -0.73913   -0.78626   -0.10638    1.00000   23.40000
  -0.28753   -0.90522   -1.00000    0.29326    1.00000    0.58436   -0.14083    0.77343   -0.85903    1.00000    0.82824    0.61702    0.77881   16.80000
  -0.91225   -0.96600   -1.00000    0.40176    1.00000   -0.09465    0.84480    0.87436   -0.81224   -0.65217   -0.17557   -0.55319    0.95739   50.00000
  -0.48289   -0.94843   -1.00000    0.40176   -1.00000   -0.09465    0.05691    0.91967   -0.82351   -0.65217   -0.17557   -0.55319    0.49665   23.80000
  -0.52042   -0.93679   -1.00000    0.29326   -1.00000   -0.39506   -0.15654   -0.22966   -0.46008    1.00000    0.82824    0.61702    0.97993   21.80000
  -0.86589   -0.99877   -0.20000   -0.56378    1.00000   -0.74486    0.25120   -0.49125   -0.32104   -0.73913   -0.74428    0.06383    0.98260   33.10000
  -0.32285   -0.91704   -1.00000    0.29326   -1.00000    0.37037   -0.46273    0.82286   -0.88675    1.00000    0.82824    0.61702    0.59216   21.90000
  -0.47627   -0.99783   -0.40000   -0.67229   -1.00000   -0.82305    0.07185    0.02987    0.07410   -0.56522   -0.56870   -0.14894    0.87821   22.20000
  -0.66556   -0.89804   -1.00000    0.29326   -1.00000    0.58436    0.08718    0.75283   -0.74746    1.00000    0.82824    0.61702    0.88734   25.00000
   0.06788   -0.64329   -1.00000    0.29326   -1.00000    0.17696    0.14351    0.98146   -0.92914    1.00000    0.82824    0.61702    1.00000   10.90000
  -0.89901   -0.99837    0.60000   -0.67082   -1.00000   -0.89300    0.37459   -0.48919   -0.27487   -0.73913   -0.77863    0.40426    1.00000   37.30000
  -0.80132   -0.99859   -1.00000   -0.87390   -1.00000   -0.69959    0.37421    0.05664   -0.10291   -0.82609   -0.86641    0.29787    1.00000   36.20000
  -0.31733   -0.72930   -1.00000    0.29326   -1.00000   -0.05761   -0.20023    0.74459   -0.85058    1.00000    0.82824    0.61702    0.46871   20.80000
