   0.00000    0.33300    0.33300    0.00000    0.00000    0.33300    0.56986
   0.33300    0.00000    0.33300    0.33300    0.00000    0.00000    0.75344
   0.00000    0.25000    0.25000    0.00000    0.25000    0.25000    0.58236
   0.33300    0.00000    0.00000    0.33300    0.33300    0.00000    0.61861
   0.50000    0.00000    0.00000    0.00000    0.00000    0.50000    0.31225
   0.00000    0.50000    0.00000    0.50000    0.00000    0.00000    0.65219
   0.00000    1.00000    0.00000    0.00000    0.00000    0.00000    0.53187
   0.00000    0.50000    0.00000    0.00000    0.50000    0.00000    0.58532
   0.50000    0.50000    0.00000    0.00000    0.00000    0.00000    0.42968
   0.33300    0.00000    0.33300    0.00000    0.00000    0.33300    0.52502
   0.00000    0.00000    0.00000    0.50000    0.00000    0.50000    0.56143
   0.25000    0.25000    0.25000    0.25000    0.00000    0.00000    0.71361
   0.25000    0.00000    0.25000    0.25000    0.25000    0.00000    0.72110
   0.00000    0.33300    0.00000    0.00000    0.33300    0.33300    0.47397
   0.20000    0.00000    0.20000    0.20000    0.20000    0.20000    0.63579
   0.33300    0.33300    0.00000    0.00000    0.00000    0.33300    0.52634
   0.00000    0.00000    0.25000    0.25000    0.25000    0.25000    0.59511
   0.00000    0.33300    0.33300    0.00000    0.33300    0.00000    0.74012
   0.33300    0.33300    0.00000    0.00000    0.33300    0.00000    0.47128
   0.25000    0.25000    0.25000    0.00000    0.00000    0.25000    0.64566
   0.00000    0.25000    0.00000    0.25000    0.25000    0.25000    0.59852
   0.00000    0.00000    0.50000    0.00000    0.50000    0.00000    0.62673
   0.25000    0.00000    0.25000    0.25000    0.00000    0.25000    0.64931
   0.00000    0.25000    0.25000    0.25000    0.00000    0.25000    0.67939
   0.00000    0.33300    0.00000    0.33300    0.00000    0.33300    0.66758
   0.20000    0.20000    0.20000    0.20000    0.20000    0.00000    0.73045
   0.33300    0.33300    0.00000    0.33300    0.00000    0.00000    0.51268
   0.00000    0.00000    0.50000    0.00000    0.00000    0.50000    0.45576
   0.50000    0.00000    0.00000    0.00000    0.50000    0.00000    0.34946
   0.00000    0.00000    0.00000    0.50000    0.50000    0.00000    0.67988
