   0.00000    0.00000    0.00000    0.00000    2.22600    1.40100    0.57000    0.00000    3.49200
   2.00000  110.45000  141.04700    1.00000    2.76700    3.48800    1.21600    2.00000    4.07100
   0.00000    0.00000    0.00000    0.00000    2.94200    1.91800    1.06300    0.00000    3.65300
   0.00000   38.69000   64.68300    1.00000   -0.12900    2.15000    1.97100    0.00000    1.53000
   0.00000   28.24000    0.00000    0.00000    3.87600    2.61400    0.65200    0.00000    5.59700
   0.00000    0.00000    0.00000    0.00000    4.06300    1.97500    0.49900    0.00000    4.83000
   0.00000  336.43000  551.09800   16.00000   -5.19900    4.30000    1.37300    7.00000    3.07700
   0.00000   54.57000   41.02800    0.00000    1.24600    2.08600    1.87500    0.00000    9.09900
   0.00000   29.46000   53.68300    1.00000    1.62900    2.35300    1.20000    0.00000    2.61400
   0.00000    0.00000    0.00000    0.00000    5.47200    2.70300    0.57700    0.00000    6.20900
   0.00000    0.00000    0.00000    0.00000    4.41600    2.59100    0.72300    0.00000    5.64100
   0.00000    0.00000    0.00000    0.00000    4.36600    2.03100    0.57000    0.00000    5.55000
   0.00000   20.23000   42.68300    1.00000    1.85900    1.91800    0.94900    0.00000    3.76000
   0.00000   26.02000   32.89700    2.00000    2.72900    1.97900    0.46200    1.00000    5.16000
   0.00000   65.57000   76.79000    1.00000    0.48900    1.99900    1.53300    0.00000    7.69900
   0.00000   87.43000   55.41100    2.00000   -1.22200    1.57500    1.36200    1.00000    6.61800
   2.00000   52.60000   72.29000    0.00000    2.00500    2.46800    1.28100    0.00000    3.77000
   0.00000   56.15000   36.02200    2.00000   -0.27300    1.55900    0.87600    2.00000    3.82500
   1.00000   43.09000   58.04200    2.00000   -0.38000    1.40100    1.15100    1.00000    2.64900
   0.00000    0.00000    0.00000    0.00000    2.73400    1.85700    0.83100    0.00000    3.89000
   1.00000   57.53000  110.51200    2.00000    1.64300    2.09000    0.81400    0.00000    3.06800
   0.00000   12.53000   11.00000    0.00000    1.53300    2.27400    1.02600    0.00000    4.01800
   0.00000    0.00000    0.00000    0.00000    2.45900    1.47500    1.50000    0.00000    4.00200
   1.00000   23.79000   31.05900    0.00000   -0.31700    1.15500    1.40300    1.00000    1.05700
   0.00000   42.52000   44.31300    0.00000    1.47300    2.24100    1.15800    0.00000    4.07200
   0.00000    0.00000    0.00000    0.00000    1.67200    1.33400    0.56200    0.00000    2.64200
   0.00000   12.89000   16.78600    0.00000    2.06600    2.28400    0.86700    1.00000    3.53000
   0.00000   38.69000   64.68300    1.00000    0.22400    2.10800    1.90400    0.00000    1.88800
   0.00000   58.56000   75.96500    0.00000    1.64800    2.68900    1.67500    4.00000    7.03700
   0.00000   40.46000   85.36700    2.00000    3.95600    3.12300    0.95900    0.00000    5.37000
   0.00000   26.02000   32.89700    2.00000    1.50600    1.85700    0.81500    1.00000    5.37100
   0.00000   20.23000   42.68300    1.00000   -0.17200    1.15500    1.91100    0.00000    0.59000
   0.00000  164.90000  144.33300    4.00000    0.16000    3.32300    0.83300    4.00000    4.33000
   2.00000   55.84000   75.41400    0.00000    1.90700    2.89200    1.43900    1.00000    3.53600
   0.00000   52.04000   65.79400    4.00000    3.58600    2.75800    0.51800    2.00000    5.38100
   0.00000  165.15000  185.89700    0.00000    0.57500    2.60800    1.80900    3.00000    3.85000
   0.00000   41.13000   61.16600    2.00000    3.98800    3.16900    0.62700    2.00000    7.47800
   0.00000   70.14000   50.90800    3.00000   -0.27300    1.57700    0.75600    2.00000    3.93600
   0.00000   18.46000   22.00000    0.00000    1.46600    2.15000    1.22000    0.00000    2.93700
   0.00000    9.23000   11.00000    0.00000    1.85900    1.98900    1.16400    0.00000    3.43200
   0.00000   56.15000   36.02200    2.00000    1.94500    2.46100    0.80500    2.00000    3.35100
   0.00000   50.93000    0.00000    0.00000    0.55200    2.48500    1.14700    3.00000    2.54000
   0.00000   66.05000   93.43000    1.00000    1.34800    2.11900    0.78400    1.00000    4.01600
   0.00000  100.39000   91.77500    0.00000    2.68200    2.90300    1.82300    1.00000    9.14100
   0.00000  111.56000   99.40000    2.00000    0.65800    3.42600    1.18900    4.00000    2.68500
   1.00000   83.67000   84.18400    1.00000    0.34900    2.39700    2.09200    1.00000    5.76000
   0.00000  115.41000   71.51200    0.00000    1.91900    2.72000    1.29100    1.00000    7.67100
   0.00000   20.23000   42.68300    1.00000    4.83300    2.91300    1.22900    0.00000    6.36000
   1.00000   73.22000   61.16600    2.00000   -1.20200    1.79500    0.59900    2.00000    3.76900
   0.00000    0.00000    0.00000    0.00000    3.47800    1.90800    0.57500    0.00000    4.78700
   1.00000   44.45000   16.78600    0.00000    3.26500    2.13400    0.63700    1.00000    6.13100
   0.00000    0.00000    0.00000    0.00000    3.26700    2.31800    0.96300    0.00000    4.10000
   0.00000   82.48000   37.55000    0.00000    3.21300    2.80600    1.17200    1.00000    8.84900
   0.00000   12.89000   16.78600    0.00000    2.66000    2.40800    0.97600    1.00000    3.61800
   0.00000   20.23000   42.68300    1.00000    2.29600    1.92400    0.52100    0.00000    4.46400
   0.00000    0.00000    0.00000    0.00000    2.60400    1.47500    0.50500    0.00000    3.46000
   1.00000   84.32000  125.10800    2.00000    0.13900    2.74800    1.26700    2.00000    2.35900
   0.00000   62.73000   86.37800    2.00000    2.59000    2.54600    1.27700    5.00000    3.60100
   0.00000   52.04000   65.79400    4.00000   -1.05300    1.33400    1.61000    2.00000    3.35800
   0.00000   20.23000   42.68300    1.00000    3.90900    2.12000    0.28100    0.00000    5.56000
   0.00000    0.00000    0.00000    0.00000    5.16500    3.11100    0.73200    0.00000    6.21900
   0.00000   29.46000   53.68300    1.00000    2.73600    2.18300    0.62000    0.00000    5.52700
   0.00000    0.00000    0.00000    0.00000    6.16600    2.95900    0.57000    0.00000    8.27100
   0.00000    0.00000   14.96000    0.00000    2.02600    1.26500    0.72200    0.00000    3.57700
   0.00000    3.24000    3.12400    0.00000    2.19300    2.04800    1.24100    1.00000    4.38500
   0.00000   45.82000   50.74700    0.00000    2.50900    2.10800    0.61700    1.00000    3.84000
   0.00000    0.00000    0.00000    0.00000    3.29100    1.54900    2.00000    0.00000    4.92700
   1.00000  115.47000   84.47900    4.00000    0.03800    2.27800    0.54400    5.00000    4.00600
   0.00000   17.07000   25.14500    0.00000    1.94700    2.00500    1.27600    0.00000    3.06100
   0.00000   24.06000   35.77600    2.00000    3.32600    2.83700    0.84900    2.00000    4.65100
   0.00000   91.49000  117.37600    5.00000   -0.32900    1.86800    1.62100    5.00000    1.98300
   0.00000   38.33000   54.15600    1.00000    2.22200    2.72500    1.01200    1.00000    5.94200
   1.00000   46.53000   78.82800    1.00000    2.35400    2.45500    0.74300    0.00000    3.78300
   0.00000   38.33000   54.15600    1.00000    2.37800    2.58700    1.05500    1.00000    4.76200
   0.00000    0.00000    0.00000    0.00000    3.56200    2.28100    1.15000    0.00000    5.54800
   0.00000   15.79000    0.00000    1.00000    1.83400    2.17600    0.81000    1.00000    5.06900
   0.00000    3.24000    3.12400    0.00000    9.14800    5.49700    1.55900    1.00000    5.96000
   1.00000   37.30000   67.82800    1.00000    0.99600    1.74600    1.54700    0.00000    3.35800
   2.00000  122.22000  155.54300    2.00000    1.40600    3.51100    1.45600    5.00000    2.59300
   0.00000    3.24000    3.12400    0.00000    4.48000    3.25800    1.31000    1.00000    5.72100
   0.00000   12.47000   14.12400    0.00000    3.82700    3.36200    1.37300    1.00000    5.10200
   0.00000   12.03000   18.01100    1.00000    2.19300    2.13400    1.11700    1.00000    5.46000
   0.00000    9.23000   11.00000    0.00000    5.45300    2.88700    0.49500    0.00000    6.72300
   0.00000   56.15000   36.02200    2.00000    3.11200    2.99700    0.70100    2.00000    3.53100
   0.00000    0.00000    0.00000    0.00000    2.74600    1.66700    1.40000    0.00000    3.80900
   0.00000   56.15000   36.02200    2.00000   -0.66500    1.72600    0.67600    2.00000    3.58900
   0.00000   18.46000   22.00000    0.00000    1.26200    2.14700    1.57600    0.00000    2.27200
   0.00000   17.07000   25.14500    0.00000   -0.31700    1.15500    1.74000    0.00000    0.55000
   0.00000   58.92000  107.36600    2.00000   -0.93700    2.29900    1.93600    0.00000    0.46000
   0.00000   29.46000   53.68300    1.00000   -0.08100    1.57700    1.95200    0.00000    0.59000
   3.00000   81.70000  115.44500    1.00000    5.44000    4.62300    1.51700    1.00000    4.85000
   0.00000   70.14000   50.90800    3.00000    0.59000    1.90900    0.90700    2.00000    3.85000
   0.00000    0.00000    0.00000    0.00000    4.09200    2.12000    0.53000    0.00000    5.38900
   0.00000   86.81000  121.41200    3.00000    0.70900    2.93800    1.41600    2.00000    2.95800
   0.00000   20.23000   42.68300    1.00000    2.46100    1.97500    0.73700    0.00000    4.85200
   0.00000   12.03000   18.01100    1.00000    6.72800    4.39200    1.55400    1.00000    6.53700
   0.00000    0.00000    0.00000    0.00000    3.13800    1.50900    1.70000    0.00000    3.87000
   0.00000   86.34000  105.33100    1.00000    1.61600    2.97000    0.98300    5.00000    4.16800
   0.00000    0.00000    0.00000    0.00000    3.38600    2.28400    0.80500    0.00000    4.14700
   0.00000   20.23000   42.68300    1.00000    3.12700    2.57000    0.79700    0.00000    5.38000
   0.00000   20.23000   42.68300    1.00000    2.12700    1.92400    0.63300    0.00000    4.42600
   1.00000   58.11000   32.89700    2.00000   -0.31700    1.22500    0.57500    1.00000    3.63800
   0.00000   45.82000   50.74700    0.00000    1.88700    2.04800    0.84200    1.00000    3.61500
   0.00000   26.02000   32.89700    2.00000    2.19300    2.05600    0.99200    1.00000    6.13000
   0.00000   38.33000   54.15600    1.00000    2.39100    2.61200    1.29300    1.00000    6.32000
   0.00000   29.46000   53.68300    1.00000    1.24600    2.03100    1.11400    0.00000    3.68000
   0.00000   79.93000   16.78600    1.00000    1.76900    2.23900    0.79300    1.00000    4.49400
   0.00000    0.00000    0.00000    0.00000    2.94200    1.90800    1.06300    0.00000    3.79100
   0.00000   54.74000   39.24700    0.00000    3.11500    2.70600    0.94600    0.00000    6.07500
   0.00000   45.82000   50.74700    0.00000    3.11000    2.16500    0.47800    1.00000    4.43400
   0.00000   20.23000   42.68300    1.00000    0.34700    1.33400    1.76800    0.00000    0.93500
   1.00000   64.18000    0.00000    0.00000   -0.04900    1.15500    1.50000    0.00000    4.56000
   0.00000  121.26000    6.24900    0.00000    2.86900    3.09500    0.86200    2.00000    6.18800
   0.00000    0.00000    0.00000    0.00000    4.63400    2.02700    0.46100    0.00000    4.87400
   0.00000   22.00000   73.15000    0.00000    3.98300    3.43100    0.95100    1.00000    4.90000
   0.00000    0.00000    0.00000    0.00000    3.94500    2.32400    0.67800    0.00000    5.00900
   0.00000    0.00000    0.00000    0.00000    3.37400    2.11800    1.20400    0.00000    3.52200
   2.00000   64.16000   92.47000    0.00000    3.61300    4.24500    1.17500    4.00000    4.83500
   0.00000   13.14000    9.50700    0.00000    2.85900    2.61400    0.82700    0.00000    4.99500
   0.00000    0.00000    0.00000    0.00000    4.41600    2.57000    0.72300    0.00000    5.42200
   0.00000   20.23000   42.68300    1.00000    3.04600    2.02700    0.60200    0.00000    5.63200
   0.00000   29.46000   53.68300    1.00000    3.02800    2.22500    0.54800    0.00000    6.17600
   0.00000  132.42000  196.33200    2.00000    4.47800    4.98400    1.08700    4.00000    5.44000
   2.00000  124.73000   67.25700    0.00000    1.02000    2.96900    0.94600    1.00000    5.60000
   1.00000   37.30000   67.82800    1.00000    2.06000    2.06000    1.52900    0.00000    3.08000
   0.00000    0.00000    0.00000    0.00000    4.92600    2.07400    0.47800    0.00000    4.67400
   0.00000    0.00000    0.00000    0.00000    1.11500    1.00000    0.58800    0.00000    4.63200
   0.00000    0.00000    0.00000    0.00000    5.12400    2.51500    0.45600    0.00000    6.77700
   0.00000   20.23000   42.68300    1.00000    2.72900    1.97500    0.50000    0.00000    4.79700
   2.00000   52.60000   72.29000    0.00000    6.33800    4.16000    1.40200    0.00000    6.19400
   2.00000   58.20000   86.31100    2.00000    3.65200    3.55700    1.23700    2.00000    4.24900
   1.00000   23.79000   31.05900    0.00000    0.09400    1.33400    1.11500    1.00000    3.78000
   0.00000    0.00000    0.00000    0.00000    4.06300    1.96000    0.49900    0.00000    4.75000
   0.00000   95.37000   54.33600    0.00000    2.43300    2.91500    1.39400    2.00000    8.56400
   1.00000   87.66000  139.99500    3.00000    1.58900    3.51400    1.33900    2.00000    3.81900
   2.00000   96.30000  102.04400    1.00000   -0.46300    2.43400    1.25600    3.00000    5.12000
   0.00000    0.00000    0.00000    0.00000    3.25900    1.97500    1.11100    0.00000    4.53000
   0.00000   92.31000   70.94100    2.00000    2.19500    3.08200    0.99900    3.00000    7.04400
   0.00000  111.87000  144.17700    1.00000    2.70200    2.62600    1.04700    2.00000    6.00000
   0.00000   26.02000   32.89700    2.00000    2.12700    1.92400    0.59700    1.00000    6.40900
   0.00000   45.82000   50.74700    0.00000    2.84200    2.15400    0.72600    1.00000    4.26800
   0.00000   45.82000   50.74700    0.00000    2.50900    2.11900    0.61700    1.00000    4.31000
   0.00000   54.57000   41.02800    0.00000    4.78900    3.58000    1.50500    0.00000    5.51200
   0.00000   17.07000   25.14500    0.00000    1.44200    1.84000    1.58000    0.00000    4.03900
   0.00000    0.00000   59.84000    0.00000    1.81700    1.43000    1.98800    0.00000    2.01800
   0.00000   40.46000   85.36700    2.00000    3.63500    3.12000    1.03000    0.00000    4.96200
   0.00000    0.00000   44.88000    0.00000    2.41900    1.50900    0.73100    0.00000    3.95400
   0.00000    0.00000    0.00000    0.00000    2.08100    1.40100    0.50100    0.00000    3.48500
   0.00000   77.76000  153.19500    3.00000    0.55900    2.13700    0.76700    0.00000    3.66900
   0.00000   46.15000   54.99900    0.00000    2.11000    3.86600    1.52100    0.00000    5.29100
   1.00000  180.08000  310.81000    5.00000    0.14300    4.80500    1.59700    2.00000    3.79500
   1.00000   76.21000  117.51100    3.00000    1.11900    2.25000    0.37500    2.00000    3.64400
   0.00000   20.23000   42.68300    1.00000    2.12700    1.90800    0.63300    0.00000    4.23800
   2.00000  107.65000  178.91700    0.00000    4.21900    3.94500    1.07800    1.00000    5.03000
   0.00000    0.00000    0.00000    0.00000    3.26700    2.11900    1.25000    0.00000    5.37300
   0.00000    0.00000    0.00000    0.00000    3.55800    1.97800    1.00000    0.00000    6.72000
   0.00000    0.00000    0.00000    0.00000    3.51600    1.67800    1.66700    0.00000    4.34000
   0.00000   26.02000   32.89700    2.00000    3.61700    2.07400    0.28800    1.00000    5.55900
   0.00000  103.67000  119.50500    1.00000    3.54600    2.84700    1.21100    3.00000    3.72500
   2.00000   59.32000  123.08400    0.00000    4.21700    4.11100    0.99400    1.00000    8.67800
   0.00000    0.00000    0.00000    0.00000    2.22600    1.40100    0.82600    0.00000    3.63100
   0.00000    0.00000    0.00000    0.00000    4.20300    1.99700    1.62500    0.00000    5.47000
   0.00000   49.17000   55.44800    0.00000    4.16800    3.32900    1.04200    3.00000    4.72000
   1.00000  120.73000  148.22000    1.00000    0.09600    2.96400    1.16000    4.00000    3.50800
   1.00000   68.01000   92.59300    3.00000   -0.28300    2.17000    0.89300    3.00000    3.77500
   1.00000   44.45000   16.78600    0.00000    3.64800    2.42700    0.75700    1.00000    6.09900
   1.00000   75.01000  128.30600    1.00000    1.14600    3.50500    1.23200    3.00000    3.67400
   0.00000   39.94000  104.28900    0.00000    4.28100    3.35700    1.00200    3.00000    4.71300
   0.00000   45.82000   50.74700    0.00000    3.11000    2.16000    0.47800    1.00000    4.66000
   0.00000   17.07000   25.14500    0.00000    0.20200    1.33400    1.66000    0.00000    2.81500
   0.00000    0.00000    0.00000    0.00000    5.98900    2.71200    0.52900    0.00000    6.99000
   0.00000   76.66000  108.31100    2.00000    2.08700    3.46800    1.13700    2.00000    4.65200
   0.00000   29.46000   53.68300    1.00000    3.84200    2.88700    0.61400    0.00000    6.10900
   0.00000   38.57000    6.24900    0.00000    0.59000    1.70000    1.19000    2.00000    2.23200
   0.00000   12.53000   11.00000    0.00000    4.21400    2.68700    0.50400    0.00000    6.21000
   0.00000  347.32000  571.95200   18.00000   -6.44600    4.62400    1.39000    5.00000    3.08800
   0.00000    0.00000    0.00000    0.00000    3.95800    2.48800    0.80200    0.00000    3.57500
   0.00000   75.13000  100.77400    3.00000    4.51200    3.66200    0.70200    5.00000    6.65000
  11.00000  278.80000  413.19100    5.00000   -0.32100    6.43900    1.55700   11.00000    4.77900
   0.00000   17.07000   25.14500    0.00000    0.20200    1.22500    1.66000    0.00000    0.67300
   0.00000   82.67000   47.44700    1.00000    3.74700    2.93500    1.51300    1.00000    8.11300
   0.00000    0.00000    0.00000    0.00000    1.36400    1.15500    0.57600    0.00000    2.65900
   0.00000   28.24000    0.00000    0.00000    4.76000    2.99500    0.65000    0.00000    6.02700
   0.00000   12.53000   11.00000    0.00000    4.45200    2.86200    0.54300    0.00000    6.50800
   1.00000   32.67000   45.05500    0.00000    3.35500    3.09700    0.88900    2.00000    4.82100
   0.00000   41.57000   57.28000    1.00000    1.83800    2.61100    1.17500    2.00000    3.15500
   0.00000   26.02000   32.89700    2.00000    3.31400    2.01800    0.36600    1.00000    5.43000
   0.00000   16.13000   19.91000    0.00000    1.27200    2.47300    1.25600    2.00000    4.73300
   0.00000   40.46000   85.36700    2.00000    0.70600    1.68900    1.59400    0.00000    1.22000
   0.00000   12.03000   18.01100    1.00000    0.80000    1.50900    1.84600    1.00000    3.11800
   0.00000   67.01000   70.94100    2.00000    1.05200    2.67600    1.13700    3.00000    6.11900
   0.00000    0.00000    0.00000    0.00000    4.33200    2.70000    0.75800    0.00000    5.40600
   0.00000    0.00000    0.00000    0.00000    2.94200    1.92400    1.06300    0.00000    3.52400
   1.00000   35.53000   47.14500    0.00000    3.96700    3.36800    1.53300    0.00000    5.47500
   0.00000    0.00000    0.00000    0.00000    2.60400    1.43000    0.50500    0.00000    3.84200
   0.00000   38.77000   22.15600    0.00000    2.77900    2.63900    0.85900    0.00000    4.00100
   0.00000   20.23000   42.68300    1.00000    3.31400    2.03100    0.40900    0.00000    4.86400
   0.00000  138.45000  281.24500    6.00000    1.44200    3.87800    1.20500    0.00000    5.29100
   0.00000    0.00000    0.00000    0.00000    3.56200    2.11900    1.15000    0.00000    4.31700
   0.00000   47.56000   65.15500    1.00000    1.19100    2.89900    1.26500    1.00000    3.47000
   1.00000   65.72000  101.27100    2.00000   -0.23400    1.97500    1.09100    2.00000    3.71600
   0.00000   94.89000   20.76500    0.00000    2.49200    2.65900    1.19400    0.00000    6.79000
   0.00000   20.23000   42.68300    1.00000    1.85900    1.92400    0.94900    0.00000    3.71000
   0.00000   34.14000   50.29000    0.00000    0.07600    1.84000    1.49300    0.00000    3.78800
   0.00000   20.23000   42.68300    1.00000    5.08900    3.04900    1.24700    0.00000    6.06400
   0.00000   40.46000   85.36700    2.00000    3.30600    2.83200    0.91700    0.00000    4.30100
   1.00000  181.62000  324.87300    7.00000   -0.39200    3.62900    0.86300    2.00000    3.57300
   1.00000   37.30000   67.82800    1.00000    4.54800    3.10100    1.13700    0.00000    4.56000
   0.00000   20.23000   42.68300    1.00000    1.20900    1.43000    0.47600    0.00000    3.00200
   0.00000   75.99000   73.77400    1.00000    0.78700    2.26600    1.18500    2.00000    5.55100
   3.00000  115.14000  206.60900    3.00000   -1.16900    2.33300    1.49600    1.00000    2.73600
   0.00000   56.79000   76.15500    1.00000    1.06400    2.72000    1.34600    1.00000    6.88300
   0.00000   94.88000  104.61800    0.00000    4.06600    3.01600    1.31400    3.00000    7.01200
   0.00000   41.13000   61.16600    2.00000   -1.09500    1.72600    1.46300    2.00000    1.18800
   0.00000   52.49000  103.37700    3.00000   -0.91700    1.84000    1.75000    1.00000    2.95700
   1.00000   20.31000   28.26900    0.00000    0.19800    1.78200    1.55900    1.00000    4.90600
   0.00000   20.23000   42.68300    1.00000    1.85900    1.90800    0.94900    0.00000    3.86300
   0.00000   36.60000   20.26300    0.00000    1.35400    1.89000    2.07300    3.00000    1.43000
   1.00000  182.83000  315.56100    5.00000    1.66200    5.83100    1.35100    0.00000    3.88400
   0.00000  115.41000   71.51200    0.00000    1.60200    2.68700    1.28800    1.00000    7.34100
   1.00000   17.07000   25.14500    0.00000    1.44200    1.50900    1.15700    0.00000    2.57600
   0.00000   66.05000   93.43000    1.00000    1.34800    2.09000    0.78400    1.00000    4.02400
   0.00000  118.06000   85.36700    4.00000   -0.08100    1.76800    1.06100    0.00000    3.75800
   0.00000    0.00000    0.00000    0.00000    4.58800    2.74400    0.80700    0.00000    6.19000
   0.00000   20.23000   42.68300    1.00000    3.61700    2.07400    0.34000    0.00000    5.76000
   0.00000   70.14000   50.90800    3.00000    1.29400    2.20300    0.59100    2.00000    3.47600
   1.00000   30.21000   36.14500    0.00000    2.26500    2.34400    0.92300    0.00000    4.03200
   1.00000   44.45000   16.78600    0.00000    3.33000    2.28100    0.70100    1.00000    6.54000
   1.00000   44.45000   16.78600    0.00000    1.15700    1.33400    0.68500    1.00000    5.41800
   0.00000   26.02000   32.89700    2.00000    2.12700    1.90800    0.59700    1.00000    5.19000
   0.00000   93.21000  118.08700    1.00000   -0.14700    2.35500    1.64400    2.00000    5.90000
   0.00000    0.00000    0.00000    0.00000    4.76000    2.85900    0.70000    0.00000    6.17300
   0.00000  129.95000   30.53000    0.00000    1.14500    2.63700    1.44400    0.00000    9.15000
   0.00000  110.96000   13.84300    0.00000    3.08900    3.01500    0.88900    0.00000    6.44200
   2.00000   75.27000  111.45600    2.00000    0.77900    2.70900    1.02900    2.00000    2.20100
   0.00000   50.94000   76.13200    1.00000    4.01300    3.21800    1.10400    3.00000    5.02000
   0.00000    9.23000   11.00000    0.00000    4.19000    2.22500    0.58000    0.00000    7.01200
   0.00000   65.82000   80.76500    0.00000    3.69200    3.88300    1.08700    3.00000    6.75600
   0.00000   20.23000   42.68300    1.00000    3.31400    2.02700    0.40900    0.00000    4.49500
   0.00000   45.82000   50.74700    0.00000    2.84200    2.14100    0.72600    1.00000    4.61100
   1.00000   54.37000   92.97300    1.00000    3.37400    3.06100    0.91000    0.00000    3.59900
   0.00000    9.23000   11.00000    0.00000    2.72300    2.32100    1.16500    0.00000    7.33700
   1.00000  134.73000  159.53600    2.00000    1.64900    2.52700    0.81800    3.00000    3.13800
   2.00000   98.18000   62.11900    0.00000    0.79600    1.84000    0.74300    2.00000    6.25100
   0.00000   39.72000   65.97100    1.00000    3.28900    3.76700    1.12900    1.00000    5.75400
   0.00000   88.03000   86.37800    2.00000    2.27300    2.57500    1.15900    5.00000    3.63000
   0.00000   91.64000  101.49400    0.00000    2.23900    2.29600    0.88400    2.00000    5.44100
   0.00000   18.46000   22.00000    0.00000    4.26800    3.16400    0.85700    0.00000    7.08700
   0.00000   12.89000   16.78600    0.00000    3.05100    2.72700    0.80000    1.00000    4.85100
   1.00000   74.92000  138.78300    1.00000    3.16000    2.82700    1.14000    2.00000    5.30100
   0.00000    0.00000    0.00000    0.00000    3.47800    1.92400    0.57500    0.00000    4.13800
   0.00000   20.23000   42.68300    1.00000    3.61700    2.07400    0.34000    0.00000    6.11000
   0.00000   17.07000   25.14500    0.00000    0.09400    1.33400    1.32800    0.00000    5.99300
   0.00000   20.23000   42.68300    1.00000    3.12700    2.60500    0.79700    0.00000    4.66800
   0.00000    0.00000    0.00000    0.00000    2.95700    1.50900    0.53300    0.00000    4.18600
   0.00000   12.89000   16.78600    0.00000    2.06600    2.28400    0.86700    1.00000    3.71100
   1.00000   29.10000   43.15600    1.00000    3.07600    2.43800    0.77300    1.00000    4.71400
   0.00000   57.28000   71.69400    3.00000    2.12400    3.45500    1.06900    2.00000    4.30500
   0.00000   47.36000   56.05500    0.00000    3.37300    3.47100    0.99200    3.00000    4.94300
   0.00000   37.30000   67.82800    1.00000    1.66700    2.03100    0.86700    0.00000    4.46200
   0.00000   60.13000   76.44800    0.00000    2.28800    2.84800    1.59100    4.00000    3.22000
   0.00000   40.46000   85.36700    2.00000   -1.05300    1.33400    1.82700    0.00000    0.12200
   1.00000   37.30000   67.82800    1.00000    3.23000    2.63000    1.16600    0.00000    4.35500
   0.00000  103.35000  161.25900    2.00000    2.40100    3.05300    0.79800    1.00000    4.14000
   0.00000  102.02000  101.26500    3.00000    2.27300    2.45900    1.08600    5.00000    4.28800
   0.00000   91.64000  101.49400    0.00000    2.23900    2.33400    0.88400    2.00000    3.71800
   0.00000    0.00000    0.00000    0.00000    3.79500    1.97500    0.65700    0.00000    5.42000
