   0.17857    0.04842   -0.18644   -0.39505    0.75129   -0.31343   -0.04042   -0.28590   -0.50239   -0.41646   -0.06832   -0.27027   -0.15842    0.23741    1.04240
  -0.14286   -0.06947   -0.55932   -0.43389    0.65803   -0.06468   -0.22671   -0.31385   -0.51834    0.08728   -0.25466   -0.45946    0.11881    0.36691    1.04840
  -0.17857   -0.15368   -0.11864   -0.51972    0.79275   -0.43284   -0.41301   -0.47649   -0.53110   -0.42145   -0.32919   -0.50000   -0.49505    0.00719    1.05290
  -0.75000   -0.66737   -0.59322   -0.89373    0.57513   -0.49254   -0.67311   -0.86785   -0.99043   -0.77556   -0.78882   -0.68919   -0.61386   -0.13669    1.08110
  -0.10714   -0.06526   -0.15254   -0.35827    0.76166   -0.11443   -0.00879   -0.37484   -0.40351   -0.22693   -0.25466   -0.56757    0.03960    0.42446    1.04840
  -0.32143   -0.84421   -0.83051   -0.66687    0.74093   -0.54229   -0.63796   -0.73825   -0.63317   -0.61097   -0.54037   -0.54054   -0.49505    0.03597    1.09110
  -0.60714   -0.58316   -0.49152   -0.78132    0.64767   -0.51244   -0.38489   -0.74587   -0.86603   -0.84539   -0.77640   -0.58108   -0.38614   -0.15108    1.07630
  -0.10714    0.37263   -0.05085   -0.30922    0.55440   -0.09453    0.24780   -0.01652   -0.44179   -0.29676    0.00621   -0.24324   -0.07921    0.43885    1.02580
  -0.28571   -0.62105   -0.15254   -0.46250    0.86529   -0.38309   -0.28647   -0.50699   -0.47687   -0.49127   -0.18012   -0.25676   -0.45545   -0.00719    1.07850
   0.21429   -0.54105    0.11864   -0.49929    0.62694   -0.00498   -0.02988   -0.34180   -0.57895   -0.49127   -0.49068   -0.63514   -0.07921    0.45324    1.07400
  -0.35714   -0.41053   -0.79661   -0.73227    0.58549   -0.66169   -0.61687   -0.82465   -0.65550   -0.44140   -0.68944   -0.48649   -0.37624    0.00719    1.06680
   0.39286   -0.45263   -0.62712   -0.46250    0.62694   -0.04478   -0.31107   -0.42313   -0.40989   -0.16210   -0.46584   -0.40541   -0.13861    0.38129    1.06900
  -0.42857   -0.10316   -0.32203   -0.63621    0.68912   -0.58209   -0.50088   -0.48666   -0.52791   -0.28678   -0.40373   -0.62162   -0.41584   -0.05036    1.05030
  -0.07143    0.36000    0.18644   -0.28878    0.67876   -0.10448   -0.08612   -0.08259   -0.25678   -0.11222    0.01863   -0.24324    0.03960    0.45324    1.02640
  -0.89286   -0.67579   -0.42373   -0.94482    0.59586   -0.96020   -0.79613   -0.83227   -0.89793   -0.86035   -0.78882   -0.74324   -0.87129   -0.69784    1.08140
  -0.32143   -0.87368   -0.55932   -0.72410    0.58549   -0.41294   -0.54657   -0.68234   -0.75120   -0.62594   -0.60248   -0.59459   -0.44554   -0.07914    1.09260
   0.25000   -0.03579   -0.66102   -0.25812    0.72021    0.09453   -0.00527   -0.28590   -0.29825   -0.01746   -0.13043   -0.28378    0.32673    0.52518    1.04680
   0.00000   -0.68421   -0.01695   -0.70570    0.67876   -0.42289   -0.50791   -0.69250   -0.70016   -0.62594   -0.25466   -0.52703   -0.73267   -0.29496    1.08190
   0.07143   -0.10737   -0.72881   -0.29082    0.73057   -0.17413   -0.12829   -0.17662   -0.24721   -0.06234    0.05590   -0.37838    0.19802    0.52518    1.05050
  -0.75000   -1.00000   -0.38983   -1.00000    0.59586   -0.73134   -1.00000   -1.00000   -1.00000   -1.00000   -0.93789   -0.85135   -0.71287   -0.48201    1.10890
  -0.03571    0.08632   -0.38983   -0.40732    0.84456   -0.28358   -0.43410   -0.41550   -0.38437   -0.13217    0.00621   -0.22973   -0.12871    0.22302    1.04040
  -0.60714   -0.25474   -0.32203   -0.59534    0.74093   -0.46269   -0.55360   -0.48412   -0.48963   -0.24688   -0.37888   -0.56757   -0.40594   -0.02158    1.05830
  -0.28571   -0.60421   -0.86441   -0.72410    0.63731   -0.57214   -0.52197   -0.79161   -0.72887   -0.51621   -0.63975   -0.82432   -0.32673    0.15108    1.07760
   0.57143    0.09895    0.35593   -0.20294    0.81347    0.02488    0.15993   -0.10038   -0.42265   -0.28180   -0.01863   -0.45946    0.12871    0.55396    1.03960
  -0.46429   -0.54526   -0.38983   -0.87738    0.57513   -0.75124   -0.68717   -0.89072   -0.88836   -0.69576   -0.81366   -0.54054   -0.69307   -0.25180    1.07420
  -0.42857    0.17895   -0.28814   -0.47067    0.67876   -0.40298    0.00879   -0.09530   -0.42584   -0.17706   -0.13043   -0.39189   -0.13861   -0.02158    1.03550
   0.07143   -0.37263    0.69491   -0.67913    0.56477   -0.34328   -0.36028   -0.52478   -0.62041   -0.50125   -0.41615   -0.63514   -0.22772    0.00719    1.06480
  -0.53571   -0.36842    0.05085   -0.70570    0.64767   -0.35323   -0.48682   -0.50953   -0.69697   -0.67581   -0.60248   -0.60811   -0.63366   -0.32374    1.06460
   0.21429    0.03158    0.01695   -0.33987    0.75129   -0.17413   -0.03339   -0.22236   -0.36204   -0.16708   -0.22981   -0.48649    0.07921    0.35252    1.04330
  -0.32143   -0.08211   -0.55932   -0.60965    0.59586   -0.26368   -0.30404   -0.46633   -0.66188   -0.58604   -0.85093   -0.62162   -0.46535    0.10791    1.04920
  -0.28571   -0.22947   -0.38983   -0.55242    0.65803   -0.46269   -0.28998   -0.40025   -0.54386   -0.34165   -0.35404   -0.60811   -0.28713    0.07914    1.05710
  -0.03571   -0.59579   -0.45763   -0.42571    0.81347   -0.36318   -0.30404   -0.43583   -0.44498   -0.33167   -0.20497   -0.48649   -0.32673    0.30935    1.07700
  -0.03571    0.04000   -0.32203   -0.13141    0.87565   -0.26368   -0.03691   -0.07751   -0.14514   -0.09726    0.27950   -0.06757   -0.11881    0.28058    1.04290
  -0.07143   -0.64211   -0.15254   -0.61782    0.69948   -0.36318   -0.37083   -0.65184   -0.66826   -0.51621   -0.34162   -0.59459   -0.47525    0.03597    1.07950
   0.07143   -0.23368   -0.25424   -0.49929    0.65803   -0.19403   -0.20562   -0.39517   -0.50239   -0.41646   -0.16770   -0.45946   -0.34653    0.06475    1.05730
   0.21429    0.13684    0.62712   -0.57286    0.67876   -0.24378   -0.20914   -0.35197   -0.68102   -0.56110   -0.56522   -0.32432   -0.36634   -0.09353    1.03770
  -0.32143    0.06947   -0.28814   -0.52177    0.64767   -0.15423   -0.13181   -0.25794   -0.53748   -0.38653   -0.61491   -0.60811   -0.47525   -0.10791    1.04120
  -0.67857   -0.44842   -0.49152   -0.73431    0.55440   -0.58209   -0.53251   -0.64930   -0.63636   -0.36160   -0.36646   -0.60811   -0.33663   -0.19425    1.06890
  -0.75000   -0.28421    0.45763   -0.92643    0.50259   -0.64179   -0.51845   -0.73825   -0.91707   -0.82544   -0.95031   -0.86486   -0.63366   -0.45324    1.05990
  -0.53571   -0.25474   -0.66102   -0.75271    0.67876   -0.56219   -0.73989   -0.73062   -0.73206   -0.61596   -0.60248   -0.59459   -0.50495   -0.17986    1.05840
  -0.03571    0.02737   -0.35593   -0.45637    0.60622   -0.31343   -0.15290   -0.19187   -0.42265   -0.28678   -0.08075   -0.48649   -0.14852    0.17986    1.04340
  -0.42857   -0.26737   -0.28814   -0.72410    0.58549   -0.36318   -0.41652   -0.78145   -0.73844   -0.68579   -0.65217   -0.77027   -0.09901    0.03597    1.05900
  -0.25000   -0.30526   -0.83051   -0.68731    0.56477   -0.32338   -0.48330   -0.52224   -0.67464   -0.52120   -0.45342   -0.50000   -0.42574    0.05036    1.06100
  -0.14286   -0.52421   -0.05085   -0.64030    0.53368   -0.24378   -0.29350   -0.56036   -0.64274   -0.25686   -0.21739   -0.43243   -0.42574   -0.02158    1.07300
  -0.28571   -0.51579    0.08475   -0.64643    0.57513   -0.37313   -0.47627   -0.53748   -0.66188   -0.37656   -0.10559   -0.41892   -0.69307   -0.13669    1.07260
   0.53571    0.41474    0.69491   -0.32557    0.66839   -0.02488    0.02636   -0.09530   -0.37799   -0.38155   -0.03106   -0.44595    0.02970    0.09353    1.02360
  -0.60714   -0.97053   -0.55932   -0.94073    0.49223   -0.71144   -0.59578   -0.85769   -0.86603   -0.86035   -0.77640   -0.60811   -1.00000   -0.29496    1.09830
  -0.14286   -0.64211    0.15254   -0.65461    0.83420   -0.47264   -0.49736   -0.65692   -0.63955   -0.71571   -0.44099   -0.45946   -0.51485   -0.09353    1.07960
   0.07143   -0.50316   -0.83051   -0.59534    0.73057   -0.30348   -0.51845   -0.75349   -0.69697   -0.49626   -0.60248   -0.27027   -0.58416    0.29496    1.07190
   0.14286    0.01895   -0.38983   -0.31535    0.67876   -0.26368   -0.04394   -0.19949   -0.32376   -0.18703   -0.14286   -0.52703    0.01980    0.38129    1.04380
  -0.07143    0.25895   -0.49152    0.00347    0.74093    0.09453    0.40246    0.03939   -0.07815    0.12718    0.19255   -0.22973   -0.04951    0.22302    1.03160
  -0.07143    0.06105    0.11864   -0.34600    0.85492   -0.28358   -0.08612   -0.30623   -0.31101   -0.16210    0.19255   -0.41892   -0.16832    0.29496    1.04180
  -0.67857   -0.34316   -0.69491   -0.82220    0.60622   -0.72139   -0.76450   -0.82211   -0.69378   -0.49127   -0.71429   -0.58108   -0.69307   -0.29496    1.06310
  -0.17857   -0.62947    0.18644   -0.64030    0.65803   -0.24378   -0.56766   -0.76112   -0.70335   -0.52619   -0.16770   -0.31081   -0.46535    0.17986    1.07900
   0.14286    0.12000   -0.42373   -0.17637    0.85492   -0.11443    0.02636   -0.10546   -0.20893    0.04239    0.21739   -0.32432    0.06931    0.15108    1.03870
  -0.32143   -0.37263   -0.32203   -0.61782    0.66839   -0.28358   -0.40597   -0.55273   -0.59171   -0.49127   -0.51553   -0.58108   -0.32673   -0.02158    1.06480
  -0.10714    0.08632    0.28814   -0.67913    0.57513   -0.07463   -0.37083   -0.39263   -0.71292   -0.64589   -0.66460   -0.74324   -0.35644    0.10791    1.04030
  -0.46429    0.22105   -0.59322   -0.36849    0.72021   -0.22388   -0.20562   -0.31385   -0.35566   -0.12219   -0.03106   -0.45946    0.12871    0.41007    1.03330
  -0.35714    0.14105   -0.25424   -0.44819    0.66839   -0.33333   -0.11072   -0.19441   -0.45454   -0.41646   -0.39130   -0.51351   -0.39604    0.12230    1.03740
  -0.50000   -0.84421   -0.83051   -0.87942    0.46114   -0.47264   -0.50088   -0.88564   -0.88836   -0.85536   -0.81366   -0.70270   -0.43564   -0.00719    1.09100
  -0.03571   -0.73474   -0.08475   -0.72001    0.82383   -0.60199   -0.50791   -0.74079   -0.78947   -0.73067   -0.42857   -0.52703    0.35644   -0.07914    1.08480
  -0.53571   -0.04421   -0.38983   -0.56877    0.69948   -0.48259   -0.46221   -0.46887   -0.55024   -0.34663   -0.31677   -0.47297   -0.36634    0.06475    1.04720
  -0.50000   -0.72210   -0.38983   -0.83037    0.63731   -0.68159   -0.65202   -0.78399   -0.80861   -0.79052   -0.76397   -0.74324   -0.81188   -0.26619    1.08400
   0.07143    0.44421   -0.55932   -0.10280    0.65803   -0.07463    0.25132    0.18170   -0.14195    0.35661   -0.05590   -0.33784    0.11881    0.55396    1.01800
   0.50000   -0.00632   -0.35593   -0.06601    0.85492    0.07463    0.34271    0.01398   -0.24083    0.02244    0.03106   -0.24324    0.22772    0.55396    1.04530
  -0.35714   -0.62947   -0.76271   -0.65461    0.63731   -0.44279   -0.36380   -0.64168   -0.56300   -0.41646   -0.71429   -0.52703   -0.47525   -0.17986    1.07900
  -0.32143    0.20842   -0.93220   -0.46250    0.73057   -0.67164   -0.36731   -0.22236   -0.46092   -0.20200    0.14286   -0.33784   -0.26733   -0.03597    1.03400
  -1.00000   -0.47368    0.11864   -0.93460    0.54404   -0.77114   -0.66608   -0.77637   -0.92025   -0.82045   -1.00000   -0.91892   -0.95050   -0.85611    1.07030
   0.07143   -0.47789   -0.89830   -0.52994    0.78238   -0.33333   -0.28647   -0.51461   -0.61403   -0.36160   -0.20497   -0.44595   -0.43564    0.15108    1.07040
   0.00000   -0.48632   -0.28814   -0.51155    0.68912   -0.33333   -0.17750   -0.49682   -0.54705   -0.35162   -0.22981   -0.36486   -0.31683    0.06475    1.07090
  -0.25000   -0.00632   -0.15254   -0.35827    0.81347   -0.33333   -0.14587   -0.22745   -0.41946   -0.30175   -0.36646   -0.52703   -0.13861    0.09353    1.04520
  -0.35714   -0.23789   -0.08475   -0.56468    0.74093   -0.56219   -0.34974   -0.47395   -0.65550   -0.51122   -0.29192   -0.44595   -0.73267   -0.20863    1.05750
  -0.10714   -0.21684    0.35593   -0.58921    0.57513   -0.28358   -0.10721   -0.33418   -0.72249   -0.64090   -0.49068   -0.51351   -0.45545   -0.23741    1.05630
   0.28571    0.19579   -0.05085   -0.36031    0.60622    0.09453   -0.07557   -0.25286   -0.36842   -0.06234    0.05590   -0.24324   -0.16832    0.36691    1.03460
  -0.17857   -0.02737    0.42373   -0.66074    0.50259   -0.46269   -0.12127   -0.45362   -0.71930   -0.47132   -0.19255   -0.43243   -0.56436    0.06475    1.04620
  -0.07143   -0.49895   -0.66102   -0.48089    0.83420   -0.24378   -0.25483   -0.50953   -0.52791   -0.48628   -0.29192    1.00000   -0.23762   -0.03597    1.07160
  -0.14286   -0.60421   -0.96610   -0.66278    0.77202   -0.56219   -0.55009   -0.80432   -0.71611   -0.55611   -0.61491   -0.51351   -0.43564   -0.10791    1.07750
  -0.14286   -0.63789   -0.38983   -0.59943    0.74093   -0.17413   -0.64148   -0.63660   -0.58214   -0.49626   -0.16770   -0.52703   -0.19802    0.19425    1.07940
  -0.10714   -0.41474   -0.28814   -0.62600    0.81347   -0.54229   -0.39192   -0.69250   -0.61084   -0.44140   -0.35404   -0.41892   -0.51485   -0.07914    1.06700
  -0.32143   -0.13684   -0.55932   -0.51972    0.72021   -0.27363   -0.25483   -0.46887   -0.56300   -0.47132   -0.46584   -0.55405   -0.38614    0.10791    1.05210
  -0.10714   -0.22105    0.32203   -0.75679    0.57513   -0.51244   -0.56766   -0.68488   -0.68740   -0.63591   -0.50311   -0.68919   -0.55446   -0.13669    1.06660
   0.07143   -0.12000   -0.93220   -0.24995    0.87565   -0.21393   -0.11424   -0.36468   -0.27273   -0.06234    0.11801   -0.12162    0.07921    0.38129    1.05020
  -0.10714   -0.47789    0.42373   -0.69957    0.65803   -0.32338   -0.42004   -0.65947   -0.69697   -0.30175   -0.24224   -0.56757   -0.50495    0.13669    1.07050
  -0.10714   -0.62947    0.11864   -0.76906    0.62694   -0.24378   -0.67663   -0.65947   -0.66507   -0.41646   -0.42857   -0.66216   -0.45545   -0.09353    1.07880
  -0.42857   -0.30526   -0.55932   -0.55651    0.65803   -0.35323   -0.30404   -0.45616   -0.58214   -0.35661   -0.24224   -0.41892   -0.23762    0.26619    1.06100
  -0.21429   -0.35158    0.22034   -0.53403    0.74093   -0.31343   -0.26538   -0.52478   -0.59171   -0.50623   -0.26708   -0.39189   -0.39604    0.23741    1.06360
  -0.42857   -0.57474   -0.83051   -0.77519    0.77202   -0.70149   -0.67663   -0.91360   -0.80542   -0.68080   -0.52795   -0.36486   -0.70297   -0.23741    1.07580
  -0.03571   -0.72210   -0.32203   -0.60147    0.79275   -0.35323   -0.48330   -0.78145   -0.55343   -0.48628   -0.13043   -0.54054   -0.42574    0.29496    1.08410
  -0.14286   -0.30526   -0.62712   -0.23769    0.82383   -0.11443   -0.05448   -0.20966   -0.23445   -0.07232   -0.05590   -0.33784    0.21782    0.30935    1.06100
   0.03571   -0.10316   -0.35593   -0.18251    0.72021   -0.13433    0.13884   -0.20966   -0.25678   -0.00748    0.39130   -0.17568    0.25743    0.51079    1.05020
  -0.14286   -0.74316   -1.00000   -0.55242    0.77202   -0.26368   -0.49736   -0.65438   -0.56300   -0.42643   -0.46584   -0.41892   -0.43564    0.13669    1.08530
   0.46429    0.60421   -0.32203    0.02800    0.92746    0.06468    0.26186    0.12579   -0.12600    0.06234    0.49068   -0.13513    0.21782    0.46763    1.01400
  -0.07143    0.33053   -0.11864   -0.19477    0.67876   -0.38309    0.19508    0.06226   -0.07177    0.02244   -0.01863   -0.20270    0.17822    0.26619    1.02790
   0.14286    0.04421    0.35593   -0.40323    0.77202   -0.05473   -0.13181   -0.26811   -0.48644   -0.39651   -0.09317   -0.47297   -0.22772    0.07914    1.04240
  -0.42857   -0.07368   -0.32203   -0.69140    0.63731   -0.56219   -0.34974   -0.57815   -0.64274   -0.47631   -0.30435   -0.33784   -0.36634   -0.09353    1.04880
  -0.46429   -0.57053   -0.15254   -0.67505    0.77202   -0.62189   -0.61687   -0.56036   -0.57576   -0.73067   -0.47826   -0.55405   -0.88119   -0.30935    1.07560
  -0.07143    0.06526   -0.25424   -0.45432    0.74093   -0.16418   -0.30053   -0.27065   -0.47687   -0.50623   -0.06832   -0.44595   -0.18812    0.23741    1.04140
  -0.42857   -0.70105   -0.08475   -0.82015    0.59586   -0.53234   -0.58172   -0.74587   -0.87241   -0.80549   -0.75155   -0.64865   -0.39604    0.12230    1.08290
   0.03571   -0.41895    0.11864   -0.70366    0.74093   -0.42289   -0.43410   -0.56290   -0.78309   -0.64589   -0.70186   -0.67568   -0.20792   -0.07914    1.06730
   0.14286   -0.22526    0.42373   -0.41345    0.79275   -0.18408   -0.16345   -0.27827   -0.53429   -0.41646   -0.25466   -0.47297   -0.05941    0.23741    1.05680
  -0.71429    0.04842   -0.38983   -0.52381    0.72021   -0.37313   -0.32162   -0.39771   -0.47049   -0.40648   -0.18012   -0.66216   -0.40594   -0.00719    1.04220
   0.07143   -0.00632   -0.28814   -0.57286    0.57513   -0.37313   -0.14236   -0.48412   -0.70654   -0.43641   -0.25466   -0.32432   -0.10891    0.12230    1.04620
  -0.03571   -0.53684    0.62712   -0.87125    0.55440   -0.62189   -0.65202   -0.63914   -0.87879   -0.88030   -0.77640   -0.67568   -0.92079   -0.32374    1.07360
   0.28571    0.47368    0.45763   -0.13346    0.60622   -0.23383    0.41652    0.23507   -0.06539   -0.29676    0.13043   -0.41892   -0.00000    0.30935    1.02070
  -0.21429    0.13684    0.69491   -0.59534    0.64767   -0.26368   -0.22320   -0.22745   -0.64274   -0.54614   -0.55280   -0.60811   -0.51485   -0.23741    1.03780
  -0.35714   -0.32632   -0.15254   -0.73023    0.54404   -0.42289   -0.48330   -0.57560   -0.67464   -0.45636   -0.56522   -0.59459   -0.42574   -0.06475    1.06230
  -0.39286    0.12421   -0.11864   -0.53607    0.75129   -0.31343   -0.24780   -0.41550   -0.60128   -0.39651   -0.36646   -0.63514   -0.30693   -0.09353    1.03840
   0.14286   -0.67158   -0.83051   -0.20294    0.92746   -0.17413   -0.14587   -0.45362   -0.27592   -0.05237   -0.22981   -0.08108    0.22772    0.32374    1.08120
   0.32143    0.28000    0.49152   -0.05375    0.76166    0.02488    0.42004    0.00635   -0.23126   -0.17706    0.16770   -0.25676    0.06931    0.39568    1.03040
   0.53571    0.06526   -0.52542   -0.11506    0.75129    0.03483    0.26538    0.00127   -0.06220    0.09726    0.16770   -0.33784    0.04951   -1.00000    1.04140
  -0.17857   -0.73474    0.08475   -0.69957    0.64767   -0.36318   -0.64851   -0.77128   -0.64593   -0.56110   -0.45342   -0.55405   -0.22772    0.02158    1.08470
  -0.14286   -0.25053   -0.18644   -0.68935    0.60622   -0.52239   -0.44464   -0.52224   -0.75120   -0.62594   -0.46584   -0.62162   -0.32673   -0.06475    1.05820
  -0.46429    0.09895   -0.05085   -0.68527    0.54404   -0.33333   -0.25835   -0.49174   -0.76714   -0.55611   -0.67702   -0.81081   -0.12871    0.19425    1.03980
   0.28571   -0.11579   -0.83051   -0.33170    0.82383   -0.29353   -0.23374   -0.21982   -0.36204   -0.25686   -0.13043   -0.21622   -0.11881    0.17986    1.05100
   0.00000   -0.10737   -0.08475   -0.34600    0.82383   -0.10448   -0.04394   -0.34943   -0.46731   -0.41147   -0.20497   -0.56757   -0.26733    0.43885    1.05060
   0.17857    0.29263    0.08475   -0.38892    0.68912   -0.31343   -0.00527   -0.16137   -0.54067   -0.31172   -0.20497   -0.39189   -0.21782    0.28058    1.02980
  -0.03571   -0.32632   -0.79661   -0.46659    0.58549   -0.31343   -0.03339   -0.48666   -0.44498   -0.15212   -0.29192   -0.48649    0.22772    0.36691    1.06220
  -0.28571   -0.28842   -0.52542   -0.52790    0.74093   -0.24378   -0.33568   -0.46887   -0.52472   -0.40150   -0.41615   -0.67568   -0.24752    0.06475    1.06030
  -0.57143    0.68842   -0.08475   -0.40119    0.47150   -0.27363    0.37786    0.11055   -0.08134   -0.26683   -0.34162   -0.62162   -0.28713    0.26619    1.01010
   0.07143   -0.37263    0.15254   -0.54220    0.65803   -0.30348   -0.13181   -0.49174   -0.57257   -0.44140   -0.45342   -0.54054   -0.02970    0.30935    1.06470
  -0.60714   -0.55368    0.18644   -0.76088    0.50259   -0.59204   -0.28647   -0.56798   -0.83732   -0.71072   -0.75155   -0.70270   -0.31683   -0.09353    1.07450
   0.07143    0.27158    0.59322   -0.20703    0.69948   -0.03483    0.20914   -0.02922   -0.20255   -0.19701    0.36646   -0.52703    0.25743    0.66906    1.03080
   0.35714    0.09474    0.08475   -0.08849    0.77202    0.13433    0.42706    0.04193   -0.34609   -0.15212    0.20497    0.06757    0.34653    0.58273    1.03990
