  -1.00000   -0.50000    0.20000    0.00000   -1.00000    0.00000    0.00000   -1.00000   -0.33250   -0.60000   -0.60000   -1.00000   -1.00000   -1.00000   -1.00000   -1.00000   -1.00000   -1.00000   -1.00000   -0.33250   -1.00000   -1.00000   -1.00000   -1.00000   -1.00000    0.00000   -1.00000    0.61900
  -1.00000    0.00000   -0.60000   -1.00000   -1.00000   -1.00000    0.00000   -1.00000   -0.33250    0.20000   -0.20000   -0.60000   -1.00000    1.00000   -1.00000    1.00000   -1.00000   -1.00000   -0.60000   -0.33250   -0.33250   -1.00000   -1.00000   -1.00000   -1.00000    0.00000   -0.33250    0.90000
  -1.00000   -1.00000   -1.00000   -1.00000   -1.00000   -1.00000   -1.00000   -1.00000   -1.00000   -1.00000    0.20000   -0.60000   -1.00000    1.00000    1.00000    1.00000   -1.00000    0.00000   -0.20000   -0.33250   -1.00000   -1.00000   -1.00000   -1.00000   -1.00000    0.00000   -1.00000    0.56800
  -0.33250   -0.50000   -0.20000   -1.00000   -1.00000    0.00000    0.00000   -1.00000   -0.33250   -0.60000   -0.20000    0.20000    0.00000   -1.00000    1.00000    0.00000   -1.00000    0.00000   -0.60000    0.33250    0.33250   -1.00000   -1.00000    0.00000    0.00000    0.00000   -0.33250    0.82900
  -1.00000   -1.00000   -1.00000   -1.00000   -1.00000   -1.00000   -1.00000   -1.00000   -1.00000   -1.00000    0.60000    0.20000   -0.75000   -1.00000   -1.00000   -1.00000    0.00000    1.00000   -0.20000   -0.33250   -1.00000   -1.00000   -1.00000   -1.00000   -1.00000    0.00000   -1.00000    0.58900
  -1.00000   -0.50000    1.00000    0.75000   -1.00000    0.00000    0.00000   -1.00000   -0.33250   -0.60000   -0.60000   -1.00000   -1.00000   -1.00000   -1.00000   -1.00000   -1.00000   -1.00000   -1.00000   -0.33250   -1.00000   -1.00000   -1.00000   -1.00000   -1.00000    0.00000   -1.00000    0.56000
  -1.00000   -1.00000    0.60000    0.50000   -1.00000    0.00000   -1.00000   -1.00000   -0.33250   -1.00000   -0.60000   -1.00000   -1.00000   -1.00000   -1.00000   -1.00000   -1.00000   -1.00000   -1.00000   -0.33250   -1.00000   -1.00000   -1.00000   -1.00000   -1.00000    0.00000   -1.00000    0.58200
  -0.33250   -0.50000   -0.60000   -1.00000   -1.00000   -1.00000    0.00000   -1.00000    1.00000   -0.60000    0.20000   -0.60000   -1.00000    1.00000    1.00000    1.00000   -1.00000    0.00000   -0.20000    0.33250   -0.33250   -1.00000   -1.00000   -1.00000    0.00000    0.00000    1.00000    0.89300
  -1.00000   -1.00000   -1.00000   -1.00000   -1.00000   -1.00000   -1.00000   -1.00000   -1.00000   -1.00000   -0.60000   -0.60000   -1.00000   -1.00000   -1.00000   -1.00000   -1.00000    0.00000   -1.00000   -0.33250   -1.00000   -1.00000   -1.00000   -1.00000   -1.00000    0.00000   -1.00000    0.57200
  -1.00000   -1.00000   -1.00000   -1.00000   -1.00000   -1.00000   -1.00000   -1.00000   -1.00000   -1.00000   -0.20000   -0.60000   -1.00000    1.00000   -1.00000    1.00000   -1.00000   -1.00000   -0.60000   -0.33250   -1.00000   -1.00000   -1.00000   -1.00000   -1.00000    0.00000   -1.00000    0.54700
  -1.00000   -1.00000   -1.00000   -1.00000   -1.00000   -1.00000   -1.00000   -1.00000   -1.00000   -1.00000   -0.20000    0.20000    0.00000   -1.00000    0.00000    0.00000   -1.00000    0.00000   -0.60000   -0.33250   -1.00000   -1.00000   -1.00000   -1.00000   -1.00000    0.00000   -1.00000    0.62800
  -1.00000   -1.00000   -1.00000   -1.00000   -1.00000   -1.00000   -1.00000   -1.00000   -1.00000   -1.00000   -0.20000   -0.20000   -1.00000   -1.00000    0.00000    0.00000   -1.00000    0.00000   -0.60000   -0.33250   -1.00000   -1.00000   -1.00000   -1.00000   -1.00000    0.00000   -1.00000    0.61900
  -1.00000   -0.50000   -0.20000   -1.00000   -1.00000    0.00000    0.00000   -1.00000   -0.33250   -0.60000   -0.20000    0.60000   -0.50000   -1.00000    0.00000    0.00000   -1.00000    0.00000   -0.60000   -0.33250   -1.00000   -1.00000   -1.00000   -1.00000   -1.00000    0.00000   -1.00000    0.71600
   0.33250    0.00000   -0.60000   -1.00000    1.00000    1.00000    1.00000   -1.00000   -0.33250   -0.20000   -0.60000   -1.00000   -1.00000   -1.00000   -1.00000   -1.00000   -1.00000   -1.00000   -1.00000    1.00000   -0.33250   -1.00000    1.00000    1.00000    1.00000    0.00000   -0.33250    0.10000
  -1.00000   -0.50000    0.60000   -0.50000   -1.00000    0.00000    0.00000   -1.00000   -0.33250   -0.60000   -0.60000   -1.00000   -1.00000   -1.00000   -1.00000   -1.00000   -1.00000   -1.00000   -1.00000   -0.33250   -1.00000   -1.00000   -1.00000   -1.00000   -1.00000    0.00000   -1.00000    0.64200
  -1.00000   -1.00000   -1.00000   -1.00000   -1.00000   -1.00000   -1.00000   -1.00000   -1.00000   -1.00000    0.20000   -0.60000   -1.00000   -1.00000   -1.00000    0.00000   -1.00000    1.00000   -0.20000   -0.33250   -1.00000   -1.00000   -1.00000   -1.00000   -1.00000    0.00000   -1.00000    0.61900
   0.33250    0.00000   -0.60000   -1.00000   -1.00000   -1.00000    0.00000   -1.00000    0.33250   -0.20000   -0.20000   -0.60000   -1.00000    1.00000   -1.00000    1.00000   -1.00000   -1.00000   -0.60000    1.00000   -0.33250   -1.00000   -1.00000   -1.00000    0.00000    0.00000    0.33250    0.89700
  -1.00000   -1.00000   -0.60000   -1.00000   -1.00000   -1.00000   -1.00000   -1.00000   -0.33250   -1.00000   -0.60000   -1.00000   -1.00000   -1.00000   -1.00000   -1.00000   -1.00000   -1.00000   -1.00000   -0.33250   -1.00000   -1.00000   -1.00000   -1.00000   -1.00000    0.00000   -1.00000    0.60200
  -1.00000   -1.00000   -1.00000   -1.00000   -1.00000   -1.00000   -1.00000   -1.00000   -1.00000   -1.00000   -0.20000    1.00000    0.75000   -1.00000    0.00000    0.00000   -1.00000    0.00000   -0.60000   -0.33250   -1.00000   -1.00000   -1.00000   -1.00000   -1.00000    0.00000   -1.00000    0.45100
  -1.00000   -1.00000   -0.60000   -1.00000   -1.00000   -1.00000   -1.00000   -1.00000   -0.33250   -1.00000    0.20000   -0.60000   -1.00000    1.00000    1.00000    1.00000   -1.00000    0.00000   -0.20000   -0.33250   -0.33250   -1.00000   -1.00000   -1.00000   -1.00000    0.00000   -0.33250    0.72000
  -1.00000    0.50000    0.20000   -0.75000   -1.00000   -1.00000   -1.00000    0.00000    0.33250   -0.20000   -0.60000   -1.00000   -1.00000   -1.00000   -1.00000   -1.00000   -1.00000   -1.00000   -1.00000   -0.33250   -1.00000   -1.00000   -1.00000   -1.00000   -1.00000    0.00000   -1.00000    0.63200
  -1.00000    0.00000   -0.60000   -1.00000   -1.00000   -1.00000   -1.00000    0.00000   -1.00000    0.20000   -0.60000   -1.00000   -1.00000   -1.00000   -1.00000   -1.00000   -1.00000   -1.00000   -1.00000   -0.33250   -1.00000   -1.00000   -1.00000   -1.00000   -1.00000    0.00000   -1.00000    0.64600
  -0.33250   -0.50000    0.20000   -0.25000   -1.00000    1.00000    0.00000   -1.00000   -0.33250   -0.60000   -0.60000   -1.00000   -1.00000   -1.00000   -1.00000   -1.00000   -1.00000   -1.00000   -1.00000    0.33250    1.00000    1.00000   -1.00000    1.00000    0.00000    0.00000   -0.33250    0.66100
  -1.00000   -1.00000   -1.00000   -1.00000   -1.00000   -1.00000   -1.00000   -1.00000   -1.00000   -1.00000    0.60000   -0.20000   -1.00000   -1.00000   -1.00000   -1.00000    1.00000   -1.00000    0.20000   -0.33250   -1.00000   -1.00000   -1.00000   -1.00000   -1.00000    0.00000   -1.00000    0.58400
  -1.00000   -0.50000   -0.20000   -1.00000   -1.00000    0.00000    0.00000   -1.00000   -0.33250   -0.60000   -0.20000   -0.20000   -1.00000   -1.00000    0.00000    0.00000   -1.00000    0.00000   -0.60000   -0.33250   -1.00000   -1.00000   -1.00000   -1.00000   -1.00000    0.00000   -1.00000    0.74200
  -1.00000   -0.50000    1.00000    0.50000   -1.00000    0.00000    0.00000   -1.00000   -0.33250   -0.60000   -0.60000   -1.00000   -1.00000   -1.00000   -1.00000   -1.00000   -1.00000   -1.00000   -1.00000   -0.33250   -1.00000   -1.00000   -1.00000   -1.00000   -1.00000    0.00000   -1.00000    0.62400
  -1.00000   -0.50000   -0.20000   -1.00000   -1.00000    0.00000    0.00000   -1.00000   -0.33250   -0.60000    0.20000   -0.60000   -1.00000    1.00000    1.00000    1.00000   -1.00000    0.00000   -0.20000   -0.33250   -1.00000   -1.00000   -1.00000   -1.00000   -1.00000    0.00000   -1.00000    0.71700
  -1.00000   -1.00000   -1.00000   -1.00000   -1.00000   -1.00000   -1.00000   -1.00000   -1.00000   -1.00000   -0.20000    0.20000    0.00000   -1.00000    1.00000    0.00000   -1.00000    0.00000   -0.60000   -0.33250   -1.00000   -1.00000   -1.00000   -1.00000   -1.00000    0.00000   -1.00000    0.56100
  -0.33250   -0.50000   -0.20000   -1.00000   -1.00000    0.00000    0.00000   -1.00000   -0.33250   -0.60000   -0.60000   -0.20000   -1.00000   -1.00000    0.00000    1.00000   -1.00000    0.00000   -0.60000    0.33250    0.33250   -1.00000   -1.00000    0.00000    0.00000    0.00000   -0.33250    0.74100
  -1.00000    0.50000    0.20000   -0.75000   -1.00000   -1.00000   -1.00000    0.00000    0.33250   -0.20000   -0.20000   -0.20000   -1.00000   -1.00000    0.00000    0.00000   -1.00000    0.00000   -0.60000   -0.33250   -1.00000   -1.00000   -1.00000   -1.00000   -1.00000    0.00000   -1.00000    0.75300
   1.00000    0.00000   -0.60000   -1.00000   -1.00000   -1.00000    0.00000   -1.00000   -0.33250    0.20000   -0.20000   -0.60000   -1.00000    1.00000   -1.00000    1.00000   -1.00000   -1.00000   -0.60000    1.00000   -0.33250   -1.00000   -1.00000   -1.00000    0.00000    0.00000   -0.33250    0.90000
  -1.00000    0.00000   -0.60000   -1.00000    1.00000    1.00000    1.00000   -1.00000   -0.33250   -0.20000   -0.60000   -1.00000   -1.00000   -1.00000   -1.00000   -1.00000   -1.00000   -1.00000   -1.00000   -0.33250   -1.00000   -1.00000   -1.00000   -1.00000   -1.00000    0.00000   -1.00000    0.57100
  -1.00000    0.00000   -0.60000   -1.00000    1.00000    1.00000    1.00000   -1.00000   -0.33250   -0.20000   -0.20000   -0.20000   -1.00000   -1.00000    0.00000    0.00000   -1.00000    0.00000   -0.60000   -0.33250   -1.00000   -1.00000   -1.00000   -1.00000   -1.00000    0.00000   -1.00000    0.62100
  -1.00000    0.00000   -0.60000   -1.00000   -1.00000   -1.00000    0.00000   -1.00000    0.33250   -0.20000   -0.60000   -1.00000   -1.00000   -1.00000   -1.00000   -1.00000   -1.00000   -1.00000   -1.00000   -0.33250   -1.00000   -1.00000   -1.00000   -1.00000   -1.00000    0.00000   -1.00000    0.63800
  -0.33250   -0.50000   -0.20000   -1.00000   -1.00000    0.00000    0.00000   -1.00000   -0.33250   -0.60000   -0.60000   -0.60000   -1.00000   -1.00000   -1.00000   -1.00000   -1.00000    0.00000   -1.00000    0.33250    0.33250   -1.00000   -1.00000    0.00000    0.00000    0.00000   -0.33250    0.85900
